# Force and moment coefficients
# dragDir       : (1.00000000e+00 0.00000000e+00 0.00000000e+00)
# sideDir       : (0.00000000e+00 0.00000000e+00 -1.00000000e+00)
# liftDir       : (0.00000000e+00 1.00000000e+00 0.00000000e+00)
# rollAxis      : (1.00000000e+00 0.00000000e+00 0.00000000e+00)
# pitchAxis     : (0.00000000e+00 0.00000000e+00 -1.00000000e+00)
# yawAxis       : (0.00000000e+00 1.00000000e+00 0.00000000e+00)
# magUInf       : 1.00000000e+02
# lRef          : 1.00000000e+00
# Aref          : 2.50000000e-01
# CofR          : (0.00000000e+00 0.00000000e+00 0.00000000e+00)
#
# Time          	Cd              	Cd(f)           	Cd(r)           	Cl              	Cl(f)           	Cl(r)           	CmPitch         	CmRoll          	CmYaw           	Cs              	Cs(f)           	Cs(r)           
3.16946e-05     	9.65626004e-03	2.91673482e-01	-2.82017222e-01	4.58952563e-01	5.69101073e-01	-1.10148510e-01	3.39624792e-01	2.86845352e-01	-6.03516252e-03	-7.39465050e-22	-6.03516252e-03	6.03516252e-03
6.33662e-05     	9.97965872e-03	2.91857570e-01	-2.81877911e-01	4.58988385e-01	5.68980720e-01	-1.09992335e-01	3.39486528e-01	2.86867741e-01	-6.23728670e-03	-7.54767606e-22	-6.23728670e-03	6.23728670e-03
9.50402e-05     	1.01121334e-02	2.91785600e-01	-2.81673467e-01	4.58767254e-01	5.68622796e-01	-1.09855543e-01	3.39239170e-01	2.86729533e-01	-6.32008338e-03	-7.57268157e-22	-6.32008338e-03	6.32008338e-03
0.000126685     	1.01945855e-02	2.91775282e-01	-2.81580696e-01	4.58684782e-01	5.68503936e-01	-1.09819154e-01	3.39161545e-01	2.86677989e-01	-6.37161597e-03	-7.57456108e-22	-6.37161597e-03	6.37161597e-03
0.000158284     	1.02028880e-02	2.91726691e-01	-2.81523803e-01	4.58600396e-01	5.68431477e-01	-1.09831081e-01	3.39131279e-01	2.86625247e-01	-6.37680502e-03	-7.58613706e-22	-6.37680502e-03	6.37680502e-03
0.000189874     	1.01878354e-02	2.91618188e-01	-2.81430352e-01	4.58438832e-01	5.68278297e-01	-1.09839465e-01	3.39058881e-01	2.86524270e-01	-6.36739713e-03	-7.62306880e-22	-6.36739713e-03	6.36739713e-03
0.000221465     	1.01702340e-02	2.91531162e-01	-2.81360929e-01	4.58313673e-01	5.68176050e-01	-1.09862377e-01	3.39019213e-01	2.86446045e-01	-6.35639624e-03	-7.65866760e-22	-6.35639624e-03	6.35639624e-03
0.00025304      	1.01498114e-02	2.91482641e-01	-2.81332830e-01	4.58252377e-01	5.68146703e-01	-1.09894326e-01	3.39020515e-01	2.86407736e-01	-6.34363215e-03	-7.69406142e-22	-6.34363215e-03	6.34363215e-03
0.000284589     	1.01434938e-02	2.91466045e-01	-2.81322552e-01	4.58230878e-01	5.68162520e-01	-1.09931642e-01	3.39047081e-01	2.86394298e-01	-6.33968362e-03	-7.72201017e-22	-6.33968362e-03	6.33968362e-03
0.000316106     	1.01482370e-02	2.91468257e-01	-2.81320020e-01	4.58230622e-01	5.68199903e-01	-1.09969281e-01	3.39084592e-01	2.86394139e-01	-6.34264811e-03	-7.74371003e-22	-6.34264811e-03	6.34264811e-03
0.000347586     	1.01525896e-02	2.91484969e-01	-2.81332379e-01	4.58253878e-01	5.68262187e-01	-1.10008309e-01	3.39135248e-01	2.86408674e-01	-6.34536850e-03	-7.75844539e-22	-6.34536850e-03	6.34536850e-03
0.000379023     	1.01602786e-02	2.91517551e-01	-2.81357272e-01	4.58299858e-01	5.68344039e-01	-1.10044181e-01	3.39194110e-01	2.86437411e-01	-6.35017411e-03	-7.76532662e-22	-6.35017411e-03	6.35017411e-03
0.00041041      	1.01698592e-02	2.91568818e-01	-2.81398959e-01	4.58374221e-01	5.68454605e-01	-1.10080383e-01	3.39267494e-01	2.86483888e-01	-6.35616199e-03	-7.76606495e-22	-6.35616199e-03	6.35616199e-03
0.000441741     	1.01830261e-02	2.91623076e-01	-2.81440050e-01	4.58450501e-01	5.68563836e-01	-1.10113335e-01	3.39338585e-01	2.86531563e-01	-6.36439129e-03	-7.76061567e-22	-6.36439129e-03	6.36439129e-03
0.000473009     	1.01919933e-02	2.91671943e-01	-2.81479950e-01	4.58521514e-01	5.68668494e-01	-1.10146980e-01	3.39407737e-01	2.86575946e-01	-6.36999581e-03	-7.75235267e-22	-6.36999581e-03	6.36999581e-03
0.000504216     	1.01970113e-02	2.91706798e-01	-2.81509787e-01	4.58573268e-01	5.68751334e-01	-1.10178066e-01	3.39464700e-01	2.86608293e-01	-6.37313206e-03	-7.74295495e-22	-6.37313206e-03	6.37313206e-03
0.000535387     	1.02005771e-02	2.91722022e-01	-2.81521445e-01	4.58594774e-01	5.68796788e-01	-1.10202014e-01	3.39499401e-01	2.86621734e-01	-6.37536067e-03	-7.73345804e-22	-6.37536067e-03	6.37536067e-03
0.000566556     	1.02020551e-02	2.91721625e-01	-2.81519570e-01	4.58592956e-01	5.68813868e-01	-1.10220912e-01	3.39517390e-01	2.86620598e-01	-6.37628443e-03	-7.72553530e-22	-6.37628443e-03	6.37628443e-03
0.000597754     	1.02041047e-02	2.91709680e-01	-2.81505575e-01	4.58572204e-01	5.68806056e-01	-1.10233852e-01	3.39519954e-01	2.86607627e-01	-6.37756546e-03	-7.71974121e-22	-6.37756546e-03	6.37756546e-03
0.000628996     	1.02073655e-02	2.91685150e-01	-2.81477785e-01	4.58530348e-01	5.68770587e-01	-1.10240239e-01	3.39505413e-01	2.86581468e-01	-6.37960345e-03	-7.71556261e-22	-6.37960345e-03	6.37960345e-03
0.000660241     	1.02105035e-02	2.91644519e-01	-2.81434015e-01	4.58462827e-01	5.68703004e-01	-1.10240177e-01	3.39471590e-01	2.86539267e-01	-6.38156469e-03	-7.71417139e-22	-6.38156469e-03	6.38156469e-03
0.000691451     	1.02139293e-02	2.91599817e-01	-2.81385888e-01	4.58388564e-01	5.68625056e-01	-1.10236492e-01	3.39430774e-01	2.86492852e-01	-6.38370583e-03	-7.71571740e-22	-6.38370583e-03	6.38370583e-03
0.000722649     	1.02167104e-02	2.91546465e-01	-2.81329754e-01	4.58300975e-01	5.68529034e-01	-1.10228059e-01	3.39378547e-01	2.86438110e-01	-6.38544401e-03	-7.71924485e-22	-6.38544401e-03	6.38544401e-03
0.000753858     	1.02189187e-02	2.91487161e-01	-2.81268242e-01	4.58204322e-01	5.68420035e-01	-1.10215713e-01	3.39317874e-01	2.86377701e-01	-6.38682420e-03	-7.72489626e-22	-6.38682420e-03	6.38682420e-03
0.000785094     	1.02202855e-02	2.91420371e-01	-2.81200086e-01	4.58096366e-01	5.68295413e-01	-1.10199047e-01	3.39247230e-01	2.86310229e-01	-6.38767844e-03	-7.73171406e-22	-6.38767844e-03	6.38767844e-03
0.000816362     	1.02217288e-02	2.91365273e-01	-2.81143544e-01	4.58007053e-01	5.68191285e-01	-1.10184231e-01	3.39187758e-01	2.86254408e-01	-6.38858053e-03	-7.73948516e-22	-6.38858053e-03	6.38858053e-03
0.000847662     	1.02218612e-02	2.91298154e-01	-2.81076293e-01	4.57899558e-01	5.68064732e-01	-1.10165174e-01	3.39114953e-01	2.86187224e-01	-6.38866323e-03	-7.74792833e-22	-6.38866323e-03	6.38866323e-03
0.000878989     	1.02213930e-02	2.91232261e-01	-2.81010868e-01	4.57794503e-01	5.67939950e-01	-1.10145447e-01	3.39042698e-01	2.86121565e-01	-6.38837061e-03	-7.75665773e-22	-6.38837061e-03	6.38837061e-03
0.00091032      	1.02198710e-02	2.91170428e-01	-2.80950557e-01	4.57696787e-01	5.67823564e-01	-1.10126777e-01	3.38975170e-01	2.86060492e-01	-6.38741940e-03	-7.76511366e-22	-6.38741940e-03	6.38741940e-03
0.000941629     	1.02189134e-02	2.91107407e-01	-2.80888494e-01	4.57596721e-01	5.67704117e-01	-1.10107396e-01	3.38905757e-01	2.85997951e-01	-6.38682084e-03	-7.77320508e-22	-6.38682084e-03	6.38682084e-03
0.000972911     	1.02174410e-02	2.91049028e-01	-2.80831587e-01	4.57504493e-01	5.67594336e-01	-1.10089843e-01	3.38842089e-01	2.85940308e-01	-6.38590062e-03	-7.78044632e-22	-6.38590062e-03	6.38590062e-03
0.00100416      	1.02165259e-02	2.90994888e-01	-2.80778362e-01	4.57418600e-01	5.67492000e-01	-1.10073400e-01	3.38782700e-01	2.85886625e-01	-6.38532872e-03	-7.78685669e-22	-6.38532872e-03	6.38532872e-03
0.00103539      	1.02151885e-02	2.90938891e-01	-2.80723703e-01	4.57330075e-01	5.67386864e-01	-1.10056789e-01	3.38721826e-01	2.85831297e-01	-6.38449279e-03	-7.79202381e-22	-6.38449279e-03	6.38449279e-03
0.00106658      	1.02142515e-02	2.90892528e-01	-2.80678276e-01	4.57256643e-01	5.67300304e-01	-1.10043661e-01	3.38671982e-01	2.85785402e-01	-6.38390721e-03	-7.79630869e-22	-6.38390721e-03	6.38390721e-03
0.00109774      	1.02136055e-02	2.90850162e-01	-2.80636557e-01	4.57189375e-01	5.67221475e-01	-1.10032100e-01	3.38626787e-01	2.85743359e-01	-6.38350345e-03	-7.79954967e-22	-6.38350345e-03	6.38350345e-03
0.00112888      	1.02129124e-02	2.90809445e-01	-2.80596533e-01	4.57124782e-01	5.67146380e-01	-1.10021598e-01	3.38583989e-01	2.85702989e-01	-6.38307025e-03	-7.80184269e-22	-6.38307025e-03	6.38307025e-03
0.00116         	1.02118989e-02	2.90772151e-01	-2.80560252e-01	4.57065922e-01	5.67078256e-01	-1.10012334e-01	3.38545295e-01	2.85666201e-01	-6.38243679e-03	-7.80329574e-22	-6.38243679e-03	6.38243679e-03
0.0011911       	1.02108487e-02	2.90737572e-01	-2.80526723e-01	4.57011436e-01	5.67014855e-01	-1.10003419e-01	3.38509137e-01	2.85632148e-01	-6.38178041e-03	-7.80412602e-22	-6.38178041e-03	6.38178041e-03
0.0012222       	1.02092432e-02	2.90704724e-01	-2.80495481e-01	4.56960164e-01	5.66955697e-01	-1.09995533e-01	3.38475615e-01	2.85600102e-01	-6.38077698e-03	-7.80439363e-22	-6.38077698e-03	6.38077698e-03
0.0012533       	1.02074667e-02	2.90674751e-01	-2.80467284e-01	4.56913628e-01	5.66902060e-01	-1.09988432e-01	3.38445246e-01	2.85571018e-01	-6.37966671e-03	-7.80433982e-22	-6.37966671e-03	6.37966671e-03
0.00128439      	1.02056329e-02	2.90648189e-01	-2.80442556e-01	4.56872596e-01	5.66854963e-01	-1.09982367e-01	3.38418665e-01	2.85545372e-01	-6.37852054e-03	-7.80407636e-22	-6.37852054e-03	6.37852054e-03
0.0013155       	1.02029560e-02	2.90622913e-01	-2.80419957e-01	4.56834296e-01	5.66811214e-01	-1.09976918e-01	3.38394066e-01	2.85521435e-01	-6.37684748e-03	-7.80358963e-22	-6.37684748e-03	6.37684748e-03
0.00134661      	1.02005702e-02	2.90600595e-01	-2.80400024e-01	4.56800495e-01	5.66772920e-01	-1.09972425e-01	3.38372673e-01	2.85500309e-01	-6.37535640e-03	-7.80318439e-22	-6.37535640e-03	6.37535640e-03
0.00137771      	1.01975481e-02	2.90580188e-01	-2.80382640e-01	4.56770263e-01	5.66739466e-01	-1.09969203e-01	3.38354335e-01	2.85481414e-01	-6.37346754e-03	-7.80274467e-22	-6.37346754e-03	6.37346754e-03
0.0014088       	1.01939757e-02	2.90561866e-01	-2.80367891e-01	4.56743806e-01	5.66711131e-01	-1.09967325e-01	3.38339228e-01	2.85464879e-01	-6.37123482e-03	-7.80241544e-22	-6.37123482e-03	6.37123482e-03
0.00143988      	1.01904636e-02	2.90544813e-01	-2.80354349e-01	4.56719330e-01	5.66685185e-01	-1.09965855e-01	3.38325520e-01	2.85449581e-01	-6.36903978e-03	-7.80231936e-22	-6.36903978e-03	6.36903978e-03
0.00147097      	1.01861347e-02	2.90529067e-01	-2.80342933e-01	4.56697600e-01	5.66663374e-01	-1.09965774e-01	3.38314574e-01	2.85436000e-01	-6.36633419e-03	-7.80229743e-22	-6.36633419e-03	6.36633419e-03
0.00150205      	1.01819194e-02	2.90515233e-01	-2.80333313e-01	4.56678837e-01	5.66644902e-01	-1.09966065e-01	3.38305484e-01	2.85424273e-01	-6.36369962e-03	-7.80252740e-22	-6.36369962e-03	6.36369962e-03
0.00153314      	1.01773483e-02	2.90502788e-01	-2.80325439e-01	4.56662582e-01	5.66629462e-01	-1.09966881e-01	3.38298172e-01	2.85414114e-01	-6.36084267e-03	-7.80289157e-22	-6.36084267e-03	6.36084267e-03
0.00156424      	1.01724844e-02	2.90491271e-01	-2.80318787e-01	4.56648046e-01	5.66616353e-01	-1.09968307e-01	3.38292330e-01	2.85405029e-01	-6.35780275e-03	-7.80330868e-22	-6.35780275e-03	6.35780275e-03
0.00159534      	1.01679419e-02	2.90481856e-01	-2.80313914e-01	4.56636616e-01	5.66606880e-01	-1.09970264e-01	3.38288572e-01	2.85397885e-01	-6.35496369e-03	-7.80385509e-22	-6.35496369e-03	6.35496369e-03
0.00162646      	1.01629822e-02	2.90473214e-01	-2.80310232e-01	4.56626756e-01	5.66599268e-01	-1.09972512e-01	3.38285890e-01	2.85391723e-01	-6.35186388e-03	-7.80445688e-22	-6.35186388e-03	6.35186388e-03
0.00165758      	1.01582374e-02	2.90466685e-01	-2.80308448e-01	4.56620107e-01	5.66595364e-01	-1.09975257e-01	3.38285310e-01	2.85387567e-01	-6.34889837e-03	-7.80506051e-22	-6.34889837e-03	6.34889837e-03
0.00168872      	1.01536379e-02	2.90462203e-01	-2.80308565e-01	4.56616615e-01	5.66595090e-01	-1.09978475e-01	3.38286782e-01	2.85385384e-01	-6.34602366e-03	-7.80575053e-22	-6.34602366e-03	6.34602366e-03
0.00171986      	1.01486609e-02	2.90457257e-01	-2.80308596e-01	4.56612682e-01	5.66593918e-01	-1.09981236e-01	3.38287577e-01	2.85382926e-01	-6.34291306e-03	-7.80631261e-22	-6.34291306e-03	6.34291306e-03
0.00175101      	1.01440942e-02	2.90454126e-01	-2.80310032e-01	4.56611327e-01	5.66595483e-01	-1.09984156e-01	3.38289820e-01	2.85382079e-01	-6.34005888e-03	-7.80690058e-22	-6.34005888e-03	6.34005888e-03
0.00178217      	1.01394642e-02	2.90451657e-01	-2.80312193e-01	4.56611080e-01	5.66598737e-01	-1.09987658e-01	3.38293197e-01	2.85381925e-01	-6.33716513e-03	-7.80739931e-22	-6.33716513e-03	6.33716513e-03
0.00181333      	1.01348947e-02	2.90449957e-01	-2.80315062e-01	4.56612015e-01	5.66603190e-01	-1.09991176e-01	3.38297183e-01	2.85382509e-01	-6.33430919e-03	-7.80779759e-22	-6.33430919e-03	6.33430919e-03
0.0018445       	1.01309072e-02	2.90450821e-01	-2.80319913e-01	4.56616587e-01	5.66611670e-01	-1.09995083e-01	3.38303377e-01	2.85385367e-01	-6.33181702e-03	-7.80814862e-22	-6.33181702e-03	6.33181702e-03
0.00187567      	1.01268622e-02	2.90453224e-01	-2.80326362e-01	4.56623669e-01	5.66623287e-01	-1.09999617e-01	3.38311452e-01	2.85389793e-01	-6.32928889e-03	-7.80833291e-22	-6.32928889e-03	6.32928889e-03
0.00190685      	1.01229641e-02	2.90447057e-01	-2.80324093e-01	4.56616920e-01	5.66617485e-01	-1.10000565e-01	3.38309025e-01	2.85385575e-01	-6.32685257e-03	-7.80854474e-22	-6.32685257e-03	6.32685257e-03
0.00193803      	1.01193427e-02	2.90450358e-01	-2.80331015e-01	4.56625099e-01	5.66630273e-01	-1.10005174e-01	3.38317723e-01	2.85390687e-01	-6.32458919e-03	-7.80869441e-22	-6.32458919e-03	6.32458919e-03
0.00196921      	1.01156459e-02	2.90451520e-01	-2.80335874e-01	4.56629915e-01	5.66638387e-01	-1.10008472e-01	3.38323430e-01	2.85393697e-01	-6.32227871e-03	-7.80872943e-22	-6.32227871e-03	6.32227871e-03
0.00200039      	1.01122935e-02	2.90452687e-01	-2.80340394e-01	4.56634465e-01	5.66646568e-01	-1.10012103e-01	3.38329335e-01	2.85396541e-01	-6.32018344e-03	-7.80886596e-22	-6.32018344e-03	6.32018344e-03
0.00203157      	1.01088091e-02	2.90452886e-01	-2.80344077e-01	4.56637571e-01	5.66653090e-01	-1.10015519e-01	3.38334304e-01	2.85398482e-01	-6.31800567e-03	-7.80900636e-22	-6.31800567e-03	6.31800567e-03
0.00206276      	1.01052994e-02	2.90453397e-01	-2.80348098e-01	4.56641196e-01	5.66660047e-01	-1.10018851e-01	3.38339449e-01	2.85400747e-01	-6.31581215e-03	-7.80915414e-22	-6.31581215e-03	6.31581215e-03
0.00209394      	1.01021927e-02	2.90455193e-01	-2.80353000e-01	4.56646555e-01	5.66669011e-01	-1.10022456e-01	3.38345734e-01	2.85404097e-01	-6.31387042e-03	-7.80940369e-22	-6.31387042e-03	6.31387042e-03
0.00212512      	1.00987242e-02	2.90455729e-01	-2.80357004e-01	4.56650186e-01	5.66675754e-01	-1.10025568e-01	3.38350661e-01	2.85406367e-01	-6.31170263e-03	-7.80962716e-22	-6.31170263e-03	6.31170263e-03
0.0021563       	1.00951356e-02	2.90455814e-01	-2.80360678e-01	4.56653194e-01	5.66682046e-01	-1.10028852e-01	3.38355449e-01	2.85408246e-01	-6.30945978e-03	-7.80986317e-22	-6.30945978e-03	6.30945978e-03
0.00218748      	1.00919310e-02	2.90456661e-01	-2.80364730e-01	4.56657113e-01	5.66689017e-01	-1.10031904e-01	3.38360460e-01	2.85410696e-01	-6.30745685e-03	-7.81027232e-22	-6.30745685e-03	6.30745685e-03
0.00221865      	1.00881469e-02	2.90455882e-01	-2.80367735e-01	4.56658894e-01	5.66693290e-01	-1.10034396e-01	3.38363843e-01	2.85411809e-01	-6.30509181e-03	-7.81058587e-22	-6.30509181e-03	6.30509181e-03
0.00224983      	1.00849604e-02	2.90456670e-01	-2.80371710e-01	4.56662704e-01	5.66699772e-01	-1.10037068e-01	3.38368420e-01	2.85414190e-01	-6.30310027e-03	-7.81105722e-22	-6.30310027e-03	6.30310027e-03
0.00228101      	1.00814286e-02	2.90456175e-01	-2.80374747e-01	4.56664737e-01	5.66704307e-01	-1.10039569e-01	3.38371938e-01	2.85415461e-01	-6.30089289e-03	-7.81139570e-22	-6.30089289e-03	6.30089289e-03
0.00231218      	1.00777476e-02	2.90455991e-01	-2.80378243e-01	4.56667388e-01	5.66709869e-01	-1.10042481e-01	3.38376175e-01	2.85417117e-01	-6.29859226e-03	-7.81169357e-22	-6.29859226e-03	6.29859226e-03
0.00234335      	1.00743493e-02	2.90456668e-01	-2.80382319e-01	4.56671190e-01	5.66716875e-01	-1.10045685e-01	3.38381280e-01	2.85419494e-01	-6.29646828e-03	-7.81201743e-22	-6.29646828e-03	6.29646828e-03
0.00237453      	1.00705601e-02	2.90456428e-01	-2.80385868e-01	4.56673837e-01	5.66722653e-01	-1.10048815e-01	3.38385734e-01	2.85421148e-01	-6.29410005e-03	-7.81225059e-22	-6.29410005e-03	6.29410005e-03
0.0024057       	1.00669694e-02	2.90456505e-01	-2.80389536e-01	4.56676833e-01	5.66729098e-01	-1.10052265e-01	3.38390682e-01	2.85423020e-01	-6.29185589e-03	-7.81250345e-22	-6.29185589e-03	6.29185589e-03
0.00243687      	1.00633299e-02	2.90456863e-01	-2.80393533e-01	4.56680317e-01	5.66736222e-01	-1.10055906e-01	3.38396064e-01	2.85425198e-01	-6.28958118e-03	-7.81270564e-22	-6.28958118e-03	6.28958118e-03
0.00246804      	1.00593962e-02	2.90455994e-01	-2.80396598e-01	4.56682073e-01	5.66741424e-01	-1.10059351e-01	3.38400387e-01	2.85426296e-01	-6.28712263e-03	-7.81289172e-22	-6.28712263e-03	6.28712263e-03
0.00249921      	1.00557701e-02	2.90455939e-01	-2.80400169e-01	4.56684887e-01	5.66747940e-01	-1.10063053e-01	3.38405497e-01	2.85428054e-01	-6.28485629e-03	-7.81313403e-22	-6.28485629e-03	6.28485629e-03
0.00253038      	1.00520650e-02	2.90455145e-01	-2.80403080e-01	4.56686580e-01	5.66753075e-01	-1.10066495e-01	3.38409785e-01	2.85429113e-01	-6.28254065e-03	-7.81337266e-22	-6.28254065e-03	6.28254065e-03
0.00256155      	1.00483255e-02	2.90454513e-01	-2.80406188e-01	4.56688561e-01	5.66758739e-01	-1.10070178e-01	3.38414458e-01	2.85430351e-01	-6.28020342e-03	-7.81357948e-22	-6.28020342e-03	6.28020342e-03
0.00259271      	1.00448773e-02	2.90454921e-01	-2.80410043e-01	4.56691971e-01	5.66766179e-01	-1.10074207e-01	3.38420193e-01	2.85432482e-01	-6.27804834e-03	-7.81389860e-22	-6.27804834e-03	6.27804834e-03
0.00262388      	1.00411881e-02	2.90454585e-01	-2.80413397e-01	4.56694386e-01	5.66772665e-01	-1.10078279e-01	3.38425472e-01	2.85433991e-01	-6.27574254e-03	-7.81420645e-22	-6.27574254e-03	6.27574254e-03
0.00265505      	1.00374070e-02	2.90453686e-01	-2.80416279e-01	4.56695972e-01	5.66778400e-01	-1.10082428e-01	3.38430414e-01	2.85434982e-01	-6.27337940e-03	-7.81458098e-22	-6.27337940e-03	6.27337940e-03
0.00268622      	1.00337999e-02	2.90453459e-01	-2.80419660e-01	4.56698495e-01	5.66785203e-01	-1.10086708e-01	3.38435955e-01	2.85436559e-01	-6.27112494e-03	-7.81508406e-22	-6.27112494e-03	6.27112494e-03
0.00271738      	1.00302057e-02	2.90453735e-01	-2.80423529e-01	4.56701812e-01	5.66792853e-01	-1.10091042e-01	3.38441947e-01	2.85438632e-01	-6.26887857e-03	-7.81564942e-22	-6.26887857e-03	6.26887857e-03
0.00274855      	1.00269994e-02	2.90455192e-01	-2.80428193e-01	4.56706708e-01	5.66802147e-01	-1.10095439e-01	3.38448793e-01	2.85441692e-01	-6.26687462e-03	-7.81628804e-22	-6.26687462e-03	6.26687462e-03
0.00277972      	1.00236560e-02	2.90456263e-01	-2.80432607e-01	4.56711097e-01	5.66810801e-01	-1.10099704e-01	3.38455252e-01	2.85444435e-01	-6.26478502e-03	-7.81688960e-22	-6.26478502e-03	6.26478502e-03
0.00281088      	1.00204236e-02	2.90458160e-01	-2.80437736e-01	4.56716717e-01	5.66820875e-01	-1.10104158e-01	3.38462517e-01	2.85447948e-01	-6.26276477e-03	-7.81753370e-22	-6.26276477e-03	6.26276477e-03
0.00284205      	1.00172863e-02	2.90460209e-01	-2.80442922e-01	4.56722505e-01	5.66831099e-01	-1.10108594e-01	3.38469846e-01	2.85451565e-01	-6.26080397e-03	-7.81824984e-22	-6.26080397e-03	6.26080397e-03
0.00287322      	1.00139976e-02	2.90461864e-01	-2.80447866e-01	4.56727784e-01	5.66840686e-01	-1.10112903e-01	3.38476795e-01	2.85454865e-01	-6.25874852e-03	-7.81889821e-22	-6.25874852e-03	6.25874852e-03
0.00290438      	1.00108965e-02	2.90463985e-01	-2.80453089e-01	4.56733659e-01	5.66850852e-01	-1.10117193e-01	3.38484023e-01	2.85458537e-01	-6.25681033e-03	-7.81957791e-22	-6.25681033e-03	6.25681033e-03
0.00293555      	1.00076411e-02	2.90464798e-01	-2.80457157e-01	4.56737565e-01	5.66858540e-01	-1.10120976e-01	3.38489758e-01	2.85460978e-01	-6.25477567e-03	-7.82020301e-22	-6.25477567e-03	6.25477567e-03
0.00296671      	1.00045038e-02	2.90466516e-01	-2.80462012e-01	4.56742822e-01	5.66867738e-01	-1.10124916e-01	3.38496327e-01	2.85464264e-01	-6.25281490e-03	-7.82080769e-22	-6.25281490e-03	6.25281490e-03
0.00299788      	1.00015790e-02	2.90468279e-01	-2.80466700e-01	4.56747983e-01	5.66876632e-01	-1.10128649e-01	3.38502641e-01	2.85467489e-01	-6.25098686e-03	-7.82145442e-22	-6.25098686e-03	6.25098686e-03
0.00302904      	9.99852930e-03	2.90470048e-01	-2.80471518e-01	4.56753253e-01	5.66885407e-01	-1.10132154e-01	3.38508781e-01	2.85470783e-01	-6.24908081e-03	-7.82204222e-22	-6.24908081e-03	6.24908081e-03
0.00306021      	9.99561262e-03	2.90471277e-01	-2.80475664e-01	4.56757553e-01	5.66892967e-01	-1.10135414e-01	3.38514190e-01	2.85473471e-01	-6.24725789e-03	-7.82257605e-22	-6.24725789e-03	6.24725789e-03
0.00309137      	9.99277346e-03	2.90472124e-01	-2.80479351e-01	4.56761180e-01	5.66899478e-01	-1.10138298e-01	3.38518888e-01	2.85475737e-01	-6.24548341e-03	-7.82310449e-22	-6.24548341e-03	6.24548341e-03
0.00312253      	9.98985245e-03	2.90472936e-01	-2.80483084e-01	4.56764816e-01	5.66905795e-01	-1.10140980e-01	3.38523388e-01	2.85478010e-01	-6.24365778e-03	-7.82354169e-22	-6.24365778e-03	6.24365778e-03
0.0031537       	9.98698412e-03	2.90473179e-01	-2.80486195e-01	4.56767499e-01	5.66911441e-01	-1.10143941e-01	3.38527691e-01	2.85479687e-01	-6.24186508e-03	-7.82400731e-22	-6.24186508e-03	6.24186508e-03
0.00318486      	9.98407346e-03	2.90473925e-01	-2.80489852e-01	4.56771021e-01	5.66917782e-01	-1.10146761e-01	3.38532272e-01	2.85481888e-01	-6.24004591e-03	-7.82435717e-22	-6.24004591e-03	6.24004591e-03
0.00321603      	9.98098095e-03	2.90473449e-01	-2.80492468e-01	4.56772734e-01	5.66922087e-01	-1.10149353e-01	3.38535720e-01	2.85482959e-01	-6.23811309e-03	-7.82468208e-22	-6.23811309e-03	6.23811309e-03
0.00324719      	9.97804861e-03	2.90473274e-01	-2.80495225e-01	4.56774799e-01	5.66926641e-01	-1.10151842e-01	3.38539241e-01	2.85484249e-01	-6.23628038e-03	-7.82502570e-22	-6.23628038e-03	6.23628038e-03
0.00327836      	9.97495280e-03	2.90473176e-01	-2.80498224e-01	4.56777120e-01	5.66931433e-01	-1.10154313e-01	3.38542873e-01	2.85485700e-01	-6.23434550e-03	-7.82536757e-22	-6.23434550e-03	6.23434550e-03
0.00330952      	9.97185578e-03	2.90472801e-01	-2.80500945e-01	4.56778997e-01	5.66935763e-01	-1.10156767e-01	3.38546265e-01	2.85486873e-01	-6.23240986e-03	-7.82569335e-22	-6.23240986e-03	6.23240986e-03
0.00334068      	9.96869675e-03	2.90472206e-01	-2.80503509e-01	4.56780572e-01	5.66939731e-01	-1.10159160e-01	3.38549446e-01	2.85487857e-01	-6.23043547e-03	-7.82603019e-22	-6.23043547e-03	6.23043547e-03
0.00337185      	9.96542544e-03	2.90471284e-01	-2.80505859e-01	4.56781714e-01	5.66943163e-01	-1.10161449e-01	3.38552306e-01	2.85488571e-01	-6.22839090e-03	-7.82630846e-22	-6.22839090e-03	6.22839090e-03
0.00340301      	9.96246201e-03	2.90471755e-01	-2.80509293e-01	4.56784838e-01	5.66948655e-01	-1.10163817e-01	3.38556236e-01	2.85490524e-01	-6.22653876e-03	-7.82667950e-22	-6.22653876e-03	6.22653876e-03
0.00343417      	9.95951602e-03	2.90472466e-01	-2.80512950e-01	4.56788332e-01	5.66954482e-01	-1.10166150e-01	3.38560316e-01	2.85492708e-01	-6.22469751e-03	-7.82706024e-22	-6.22469751e-03	6.22469751e-03
0.00346533      	9.95665321e-03	2.90473442e-01	-2.80516789e-01	4.56792185e-01	5.66960629e-01	-1.10168445e-01	3.38564537e-01	2.85495115e-01	-6.22290826e-03	-7.82743379e-22	-6.22290826e-03	6.22290826e-03
0.0034965       	9.95390444e-03	2.90474915e-01	-2.80521010e-01	4.56796740e-01	5.66967556e-01	-1.10170816e-01	3.38569186e-01	2.85497962e-01	-6.22119027e-03	-7.82789861e-22	-6.22119027e-03	6.22119027e-03
0.00352766      	9.95129229e-03	2.90477336e-01	-2.80526044e-01	4.56802704e-01	5.66975807e-01	-1.10173103e-01	3.38574455e-01	2.85501690e-01	-6.21955768e-03	-7.82831811e-22	-6.21955768e-03	6.21955768e-03
0.00355882      	9.94881919e-03	2.90480138e-01	-2.80531319e-01	4.56809166e-01	5.66984616e-01	-1.10175450e-01	3.38580033e-01	2.85505729e-01	-6.21801200e-03	-7.82877086e-22	-6.21801200e-03	6.21801200e-03
0.00358998      	9.94644795e-03	2.90483339e-01	-2.80536891e-01	4.56816184e-01	5.66993986e-01	-1.10177802e-01	3.38585894e-01	2.85510115e-01	-6.21652997e-03	-7.82921372e-22	-6.21652997e-03	6.21652997e-03
0.00362115      	9.94416285e-03	2.90486912e-01	-2.80542749e-01	4.56823729e-01	5.67003848e-01	-1.10180119e-01	3.38591984e-01	2.85514831e-01	-6.21510178e-03	-7.82962519e-22	-6.21510178e-03	6.21510178e-03
0.00365231      	9.94205122e-03	2.90490543e-01	-2.80548491e-01	4.56831227e-01	5.67013572e-01	-1.10182345e-01	3.38597959e-01	2.85519517e-01	-6.21378202e-03	-7.83006723e-22	-6.21378202e-03	6.21378202e-03
0.00368347      	9.93989282e-03	2.90493862e-01	-2.80553969e-01	4.56838265e-01	5.67022722e-01	-1.10184457e-01	3.38603590e-01	2.85523916e-01	-6.21243301e-03	-7.83047741e-22	-6.21243301e-03	6.21243301e-03
0.00371463      	9.93783544e-03	2.90497261e-01	-2.80559425e-01	4.56845349e-01	5.67031832e-01	-1.10186483e-01	3.38609158e-01	2.85528343e-01	-6.21114715e-03	-7.83082293e-22	-6.21114715e-03	6.21114715e-03
0.00374579      	9.93586003e-03	2.90500864e-01	-2.80565004e-01	4.56852695e-01	5.67041370e-01	-1.10188676e-01	3.38615023e-01	2.85532934e-01	-6.20991252e-03	-7.83115214e-22	-6.20991252e-03	6.20991252e-03
0.00377696      	9.93374538e-03	2.90503672e-01	-2.80569927e-01	4.56858879e-01	5.67049580e-01	-1.10190700e-01	3.38620140e-01	2.85536800e-01	-6.20859086e-03	-7.83140031e-22	-6.20859086e-03	6.20859086e-03
0.00380812      	9.93181071e-03	2.90506778e-01	-2.80574968e-01	4.56865397e-01	5.67058182e-01	-1.10192786e-01	3.38625484e-01	2.85540873e-01	-6.20738170e-03	-7.83161602e-22	-6.20738170e-03	6.20738170e-03
0.00383928      	9.92975970e-03	2.90509349e-01	-2.80579589e-01	4.56871150e-01	5.67066093e-01	-1.10194942e-01	3.38630517e-01	2.85544469e-01	-6.20609981e-03	-7.83180874e-22	-6.20609981e-03	6.20609981e-03
0.00387044      	9.92770351e-03	2.90511655e-01	-2.80583951e-01	4.56876484e-01	5.67073623e-01	-1.10197138e-01	3.38635380e-01	2.85547803e-01	-6.20481469e-03	-7.83191518e-22	-6.20481469e-03	6.20481469e-03
0.0039016       	9.92579875e-03	2.90513894e-01	-2.80588095e-01	4.56881592e-01	5.67080814e-01	-1.10199222e-01	3.38640018e-01	2.85550995e-01	-6.20362422e-03	-7.83200930e-22	-6.20362422e-03	6.20362422e-03
0.00393276      	9.92371876e-03	2.90515154e-01	-2.80591435e-01	4.56885271e-01	5.67086597e-01	-1.10201327e-01	3.38643962e-01	2.85553294e-01	-6.20232423e-03	-7.83206507e-22	-6.20232423e-03	6.20232423e-03
0.00396392      	9.92157990e-03	2.90515839e-01	-2.80594260e-01	4.56888079e-01	5.67091618e-01	-1.10203539e-01	3.38647578e-01	2.85555049e-01	-6.20098744e-03	-7.83207179e-22	-6.20098744e-03	6.20098744e-03
0.00399508      	9.91942403e-03	2.90515928e-01	-2.80596504e-01	4.56889946e-01	5.67095711e-01	-1.10205766e-01	3.38650739e-01	2.85556216e-01	-6.19964002e-03	-7.83206529e-22	-6.19964002e-03	6.19964002e-03
0.00402624      	9.91715984e-03	2.90515702e-01	-2.80598542e-01	4.56891396e-01	5.67099483e-01	-1.10208087e-01	3.38653785e-01	2.85557122e-01	-6.19822490e-03	-7.83195584e-22	-6.19822490e-03	6.19822490e-03
0.0040574       	9.91485445e-03	2.90514694e-01	-2.80599840e-01	4.56891627e-01	5.67102130e-01	-1.10210502e-01	3.38656316e-01	2.85557267e-01	-6.19678403e-03	-7.83186228e-22	-6.19678403e-03	6.19678403e-03
0.00408856      	9.91247625e-03	2.90513079e-01	-2.80600603e-01	4.56890946e-01	5.67103804e-01	-1.10212858e-01	3.38658331e-01	2.85556841e-01	-6.19529766e-03	-7.83172556e-22	-6.19529766e-03	6.19529766e-03
0.00411972      	9.91005659e-03	2.90511018e-01	-2.80600962e-01	4.56889584e-01	5.67104880e-01	-1.10215296e-01	3.38660088e-01	2.85555990e-01	-6.19378537e-03	-7.83154471e-22	-6.19378537e-03	6.19378537e-03
0.00415088      	9.90770329e-03	2.90508754e-01	-2.80601050e-01	4.56887843e-01	5.67105677e-01	-1.10217834e-01	3.38661756e-01	2.85554902e-01	-6.19231455e-03	-7.83137160e-22	-6.19231455e-03	6.19231455e-03
0.00418204      	9.90529298e-03	2.90506079e-01	-2.80600786e-01	4.56885493e-01	5.67105786e-01	-1.10220293e-01	3.38663039e-01	2.85553433e-01	-6.19080811e-03	-7.83113123e-22	-6.19080811e-03	6.19080811e-03
0.0042132       	9.90294585e-03	2.90503448e-01	-2.80600502e-01	4.56883160e-01	5.67105928e-01	-1.10222768e-01	3.38664348e-01	2.85551975e-01	-6.18934116e-03	-7.83087103e-22	-6.18934116e-03	6.18934116e-03
0.00424436      	9.90072198e-03	2.90500927e-01	-2.80600205e-01	4.56880906e-01	5.67106141e-01	-1.10225235e-01	3.38665688e-01	2.85550566e-01	-6.18795124e-03	-7.83056585e-22	-6.18795124e-03	6.18795124e-03
0.00427552      	9.89849475e-03	2.90498800e-01	-2.80600306e-01	4.56879285e-01	5.67106782e-01	-1.10227497e-01	3.38667140e-01	2.85549553e-01	-6.18655922e-03	-7.83021983e-22	-6.18655922e-03	6.18655922e-03
0.00430668      	9.89647314e-03	2.90496683e-01	-2.80600210e-01	4.56877514e-01	5.67107340e-01	-1.10229825e-01	3.38668582e-01	2.85548446e-01	-6.18529571e-03	-7.82986870e-22	-6.18529571e-03	6.18529571e-03
0.00433784      	9.89450822e-03	2.90494594e-01	-2.80600086e-01	4.56875744e-01	5.67107930e-01	-1.10232186e-01	3.38670058e-01	2.85547340e-01	-6.18406764e-03	-7.82948485e-22	-6.18406764e-03	6.18406764e-03
0.004369        	9.89267676e-03	2.90492838e-01	-2.80600161e-01	4.56874399e-01	5.67108811e-01	-1.10234412e-01	3.38671612e-01	2.85546499e-01	-6.18292298e-03	-7.82904965e-22	-6.18292298e-03	6.18292298e-03
0.00440016      	9.89117153e-03	2.90492471e-01	-2.80601299e-01	4.56875016e-01	5.67111677e-01	-1.10236660e-01	3.38674168e-01	2.85546885e-01	-6.18198221e-03	-7.82854542e-22	-6.18198221e-03	6.18198221e-03
0.00443132      	9.88976443e-03	2.90492645e-01	-2.80602880e-01	4.56876420e-01	5.67115260e-01	-1.10238840e-01	3.38677050e-01	2.85547762e-01	-6.18110277e-03	-7.82793583e-22	-6.18110277e-03	6.18110277e-03
0.00446249      	9.88856725e-03	2.90493464e-01	-2.80604896e-01	4.56878688e-01	5.67119702e-01	-1.10241014e-01	3.38680358e-01	2.85549180e-01	-6.18035453e-03	-7.82727391e-22	-6.18035453e-03	6.18035453e-03
0.00449365      	9.88750526e-03	2.90494673e-01	-2.80607168e-01	4.56881473e-01	5.67124645e-01	-1.10243172e-01	3.38683909e-01	2.85550920e-01	-6.17969079e-03	-7.82656177e-22	-6.17969079e-03	6.17969079e-03
0.00452481      	9.88658234e-03	2.90496378e-01	-2.80609795e-01	4.56884939e-01	5.67130127e-01	-1.10245188e-01	3.38687657e-01	2.85553087e-01	-6.17911396e-03	-7.82576831e-22	-6.17911396e-03	6.17911396e-03
0.00455597      	9.88585779e-03	2.90498750e-01	-2.80612892e-01	4.56889314e-01	5.67136541e-01	-1.10247227e-01	3.38691884e-01	2.85555821e-01	-6.17866112e-03	-7.82494912e-22	-6.17866112e-03	6.17866112e-03
0.00458713      	9.88520040e-03	2.90501462e-01	-2.80616262e-01	4.56894179e-01	5.67143343e-01	-1.10249164e-01	3.38696253e-01	2.85558862e-01	-6.17825025e-03	-7.82403817e-22	-6.17825025e-03	6.17825025e-03
0.00461829      	9.88467731e-03	2.90503943e-01	-2.80619266e-01	4.56898567e-01	5.67149634e-01	-1.10251066e-01	3.38700350e-01	2.85561605e-01	-6.17792332e-03	-7.82310494e-22	-6.17792332e-03	6.17792332e-03
0.00464945      	9.88416835e-03	2.90506733e-01	-2.80622565e-01	4.56903438e-01	5.67156470e-01	-1.10253032e-01	3.38704751e-01	2.85564649e-01	-6.17760522e-03	-7.82206578e-22	-6.17760522e-03	6.17760522e-03
0.00468061      	9.88353642e-03	2.90508749e-01	-2.80625212e-01	4.56907169e-01	5.67162152e-01	-1.10254983e-01	3.38708568e-01	2.85566981e-01	-6.17721026e-03	-7.82098130e-22	-6.17721026e-03	6.17721026e-03
0.00471177      	9.88303413e-03	2.90510798e-01	-2.80627764e-01	4.56910849e-01	5.67167733e-01	-1.10256884e-01	3.38712308e-01	2.85569281e-01	-6.17689633e-03	-7.81986940e-22	-6.17689633e-03	6.17689633e-03
0.00474293      	9.88263692e-03	2.90513322e-01	-2.80630685e-01	4.56915205e-01	5.67173858e-01	-1.10258653e-01	3.38716255e-01	2.85572003e-01	-6.17664808e-03	-7.81874369e-22	-6.17664808e-03	6.17664808e-03
0.00477409      	9.88220026e-03	2.90514538e-01	-2.80632338e-01	4.56917501e-01	5.67177988e-01	-1.10260487e-01	3.38719238e-01	2.85573438e-01	-6.17637516e-03	-7.81759609e-22	-6.17637516e-03	6.17637516e-03
0.00480525      	9.88185518e-03	2.90515943e-01	-2.80634088e-01	4.56920025e-01	5.67182282e-01	-1.10262257e-01	3.38722269e-01	2.85575016e-01	-6.17615949e-03	-7.81643338e-22	-6.17615949e-03	6.17615949e-03
0.00483641      	9.88144665e-03	2.90517355e-01	-2.80635908e-01	4.56922610e-01	5.67186507e-01	-1.10263896e-01	3.38725202e-01	2.85576631e-01	-6.17590416e-03	-7.81525538e-22	-6.17590416e-03	6.17590416e-03
0.00486757      	9.88107235e-03	2.90518661e-01	-2.80637588e-01	4.56924999e-01	5.67190483e-01	-1.10265484e-01	3.38727983e-01	2.85578125e-01	-6.17567022e-03	-7.81405092e-22	-6.17567022e-03	6.17567022e-03
0.00489873      	9.88076560e-03	2.90519596e-01	-2.80638830e-01	4.56926740e-01	5.67193804e-01	-1.10267063e-01	3.38730433e-01	2.85579213e-01	-6.17547850e-03	-7.81287257e-22	-6.17547850e-03	6.17547850e-03
0.00492989      	9.88023581e-03	2.90519397e-01	-2.80639162e-01	4.56926847e-01	5.67195619e-01	-1.10268772e-01	3.38732195e-01	2.85579279e-01	-6.17514738e-03	-7.81169282e-22	-6.17514738e-03	6.17514738e-03
0.00496105      	9.87990965e-03	2.90519796e-01	-2.80639886e-01	4.56927745e-01	5.67198141e-01	-1.10270396e-01	3.38734269e-01	2.85579841e-01	-6.17494353e-03	-7.81039616e-22	-6.17494353e-03	6.17494353e-03
0.00499221      	9.87953803e-03	2.90519813e-01	-2.80640275e-01	4.56928071e-01	5.67200070e-01	-1.10271999e-01	3.38736034e-01	2.85580044e-01	-6.17471127e-03	-7.80912476e-22	-6.17471127e-03	6.17471127e-03
0.00502337      	9.87918394e-03	2.90520167e-01	-2.80640983e-01	4.56928921e-01	5.67202334e-01	-1.10273413e-01	3.38737874e-01	2.85580575e-01	-6.17448996e-03	-7.80785441e-22	-6.17448996e-03	6.17448996e-03
0.00505453      	9.87900946e-03	2.90520473e-01	-2.80641464e-01	4.56929550e-01	5.67204544e-01	-1.10274994e-01	3.38739769e-01	2.85580969e-01	-6.17438091e-03	-7.80662514e-22	-6.17438091e-03	6.17438091e-03
0.00508569      	9.87882419e-03	2.90520804e-01	-2.80641980e-01	4.56930228e-01	5.67206753e-01	-1.10276525e-01	3.38741639e-01	2.85581392e-01	-6.17426512e-03	-7.80538901e-22	-6.17426512e-03	6.17426512e-03
0.00511685      	9.87870415e-03	2.90521211e-01	-2.80642506e-01	4.56930974e-01	5.67209047e-01	-1.10278074e-01	3.38743560e-01	2.85581858e-01	-6.17419009e-03	-7.80415975e-22	-6.17419009e-03	6.17419009e-03
0.00514801      	9.87870479e-03	2.90521864e-01	-2.80643159e-01	4.56932018e-01	5.67211577e-01	-1.10279559e-01	3.38745568e-01	2.85582511e-01	-6.17419050e-03	-7.80297422e-22	-6.17419050e-03	6.17419050e-03
0.00517917      	9.87877216e-03	2.90522964e-01	-2.80644191e-01	4.56933724e-01	5.67214752e-01	-1.10281028e-01	3.38747890e-01	2.85583578e-01	-6.17423260e-03	-7.80178490e-22	-6.17423260e-03	6.17423260e-03
0.00521033      	9.87892921e-03	2.90524173e-01	-2.80645243e-01	4.56935533e-01	5.67217976e-01	-1.10282443e-01	3.38750209e-01	2.85584708e-01	-6.17433076e-03	-7.80063456e-22	-6.17433076e-03	6.17433076e-03
0.00524149      	9.87907831e-03	2.90524867e-01	-2.80645788e-01	4.56936524e-01	5.67220358e-01	-1.10283834e-01	3.38752096e-01	2.85585327e-01	-6.17442394e-03	-7.79953213e-22	-6.17442394e-03	6.17442394e-03
0.00527265      	9.87932164e-03	2.90526175e-01	-2.80646854e-01	4.56938423e-01	5.67223662e-01	-1.10285238e-01	3.38754450e-01	2.85586515e-01	-6.17457602e-03	-7.79843576e-22	-6.17457602e-03	6.17457602e-03
0.00530381      	9.87958348e-03	2.90527321e-01	-2.80647737e-01	4.56940047e-01	5.67226732e-01	-1.10286685e-01	3.38756708e-01	2.85587529e-01	-6.17473968e-03	-7.79740575e-22	-6.17473968e-03	6.17473968e-03
0.00533497      	9.87987310e-03	2.90528933e-01	-2.80649060e-01	4.56942394e-01	5.67230478e-01	-1.10288084e-01	3.38759281e-01	2.85588996e-01	-6.17492069e-03	-7.79639555e-22	-6.17492069e-03	6.17492069e-03
0.00536613      	9.88010461e-03	2.90527182e-01	-2.80647078e-01	4.56939408e-01	5.67229207e-01	-1.10289799e-01	3.38759503e-01	2.85587130e-01	-6.17506538e-03	-7.79542461e-22	-6.17506538e-03	6.17506538e-03
0.00539729      	9.88038593e-03	2.90527983e-01	-2.80647598e-01	4.56940465e-01	5.67231807e-01	-1.10291342e-01	3.38761574e-01	2.85587791e-01	-6.17524121e-03	-7.79445966e-22	-6.17524121e-03	6.17524121e-03
0.00542845      	9.88063040e-03	2.90528145e-01	-2.80647515e-01	4.56940528e-01	5.67233441e-01	-1.10292912e-01	3.38763176e-01	2.85587830e-01	-6.17539400e-03	-7.79351618e-22	-6.17539400e-03	6.17539400e-03
0.00545961      	9.88087653e-03	2.90528013e-01	-2.80647137e-01	4.56940120e-01	5.67234671e-01	-1.10294550e-01	3.38764611e-01	2.85587575e-01	-6.17554783e-03	-7.79259467e-22	-6.17554783e-03	6.17554783e-03
0.00549078      	9.88107469e-03	2.90527567e-01	-2.80646492e-01	4.56939247e-01	5.67235480e-01	-1.10296233e-01	3.38765856e-01	2.85587030e-01	-6.17567168e-03	-7.79169805e-22	-6.17567168e-03	6.17567168e-03
0.00552194      	9.88123710e-03	2.90526472e-01	-2.80645235e-01	4.56937365e-01	5.67235380e-01	-1.10298015e-01	3.38766698e-01	2.85585853e-01	-6.17577319e-03	-7.79081894e-22	-6.17577319e-03	6.17577319e-03
0.0055531       	9.88143466e-03	2.90525152e-01	-2.80643717e-01	4.56935095e-01	5.67234881e-01	-1.10299786e-01	3.38767334e-01	2.85584435e-01	-6.17589666e-03	-7.78996388e-22	-6.17589666e-03	6.17589666e-03
0.00558426      	9.88151300e-03	2.90523435e-01	-2.80641922e-01	4.56932285e-01	5.67233928e-01	-1.10301643e-01	3.38767785e-01	2.85582678e-01	-6.17594562e-03	-7.78910732e-22	-6.17594562e-03	6.17594562e-03
0.00561542      	9.88178064e-03	2.90522032e-01	-2.80640251e-01	4.56929826e-01	5.67233269e-01	-1.10303443e-01	3.38768356e-01	2.85581141e-01	-6.17611290e-03	-7.78831485e-22	-6.17611290e-03	6.17611290e-03
0.00564658      	9.88196127e-03	2.90521646e-01	-2.80639684e-01	4.56929064e-01	5.67234120e-01	-1.10305056e-01	3.38769588e-01	2.85580665e-01	-6.17622579e-03	-7.78753563e-22	-6.17622579e-03	6.17622579e-03
0.00567774      	9.88215612e-03	2.90519960e-01	-2.80637804e-01	4.56926211e-01	5.67232985e-01	-1.10306774e-01	3.38769880e-01	2.85578882e-01	-6.17634757e-03	-7.78677230e-22	-6.17634757e-03	6.17634757e-03
0.0057089       	9.88247342e-03	2.90518741e-01	-2.80636267e-01	4.56924007e-01	5.67232459e-01	-1.10308452e-01	3.38770455e-01	2.85577504e-01	-6.17654589e-03	-7.78606600e-22	-6.17654589e-03	6.17654589e-03
0.00574006      	9.88284129e-03	2.90517257e-01	-2.80634415e-01	4.56921337e-01	5.67231398e-01	-1.10310061e-01	3.38770729e-01	2.85575836e-01	-6.17677580e-03	-7.78539487e-22	-6.17677580e-03	6.17677580e-03
0.00577122      	9.88336090e-03	2.90516417e-01	-2.80633056e-01	4.56919578e-01	5.67231072e-01	-1.10311494e-01	3.38771283e-01	2.85574736e-01	-6.17710056e-03	-7.78478972e-22	-6.17710056e-03	6.17710056e-03
0.00580238      	9.88392411e-03	2.90516503e-01	-2.80632579e-01	4.56919266e-01	5.67231850e-01	-1.10312584e-01	3.38772217e-01	2.85574541e-01	-6.17745257e-03	-7.78422970e-22	-6.17745257e-03	6.17745257e-03
0.00583354      	9.88463848e-03	2.90515708e-01	-2.80631069e-01	4.56917422e-01	5.67231575e-01	-1.10314153e-01	3.38772864e-01	2.85573388e-01	-6.17789905e-03	-7.78369761e-22	-6.17789905e-03	6.17789905e-03
0.0058647       	9.88548503e-03	2.90515784e-01	-2.80630299e-01	4.56916867e-01	5.67232220e-01	-1.10315353e-01	3.38773786e-01	2.85573042e-01	-6.17842814e-03	-7.78323265e-22	-6.17842814e-03	6.17842814e-03
0.00589586      	9.88654233e-03	2.90516753e-01	-2.80630211e-01	4.56917571e-01	5.67233998e-01	-1.10316427e-01	3.38775212e-01	2.85573482e-01	-6.17908895e-03	-7.78283517e-22	-6.17908895e-03	6.17908895e-03
0.00592702      	9.88753228e-03	2.90517340e-01	-2.80629808e-01	4.56917719e-01	5.67235131e-01	-1.10317412e-01	3.38776272e-01	2.85573574e-01	-6.17970768e-03	-7.78248713e-22	-6.17970768e-03	6.17970768e-03
0.00595818      	9.88865832e-03	2.90518829e-01	-2.80630170e-01	4.56919199e-01	5.67237486e-01	-1.10318287e-01	3.38777886e-01	2.85574499e-01	-6.18041145e-03	-7.78218247e-22	-6.18041145e-03	6.18041145e-03
0.00598934      	9.88980985e-03	2.90520071e-01	-2.80630261e-01	4.56920265e-01	5.67239400e-01	-1.10319135e-01	3.38779267e-01	2.85575166e-01	-6.18113116e-03	-7.78191677e-22	-6.18113116e-03	6.18113116e-03
0.0060205       	9.89104183e-03	2.90521670e-01	-2.80630628e-01	4.56921839e-01	5.67241785e-01	-1.10319947e-01	3.38780866e-01	2.85576149e-01	-6.18190114e-03	-7.78168840e-22	-6.18190114e-03	6.18190114e-03
0.00605166      	9.89207239e-03	2.90522438e-01	-2.80630365e-01	4.56922242e-01	5.67243168e-01	-1.10320926e-01	3.38782047e-01	2.85576402e-01	-6.18254524e-03	-7.78143143e-22	-6.18254524e-03	6.18254524e-03
0.00608282      	9.89318049e-03	2.90523178e-01	-2.80629997e-01	4.56922540e-01	5.67244397e-01	-1.10321857e-01	3.38783127e-01	2.85576588e-01	-6.18323781e-03	-7.78122094e-22	-6.18323781e-03	6.18323781e-03
0.00611398      	9.89432559e-03	2.90524383e-01	-2.80630058e-01	4.56923553e-01	5.67246307e-01	-1.10322754e-01	3.38784531e-01	2.85577221e-01	-6.18395350e-03	-7.78103101e-22	-6.18395350e-03	6.18395350e-03
0.00614514      	9.89545837e-03	2.90525505e-01	-2.80630046e-01	4.56924441e-01	5.67248125e-01	-1.10323684e-01	3.38785904e-01	2.85577776e-01	-6.18466148e-03	-7.78086354e-22	-6.18466148e-03	6.18466148e-03
0.0061763       	9.89651921e-03	2.90526073e-01	-2.80629554e-01	4.56924501e-01	5.67249216e-01	-1.10324715e-01	3.38786965e-01	2.85577813e-01	-6.18532451e-03	-7.78070933e-22	-6.18532451e-03	6.18532451e-03
0.00620746      	9.89754873e-03	2.90526815e-01	-2.80629267e-01	4.56924865e-01	5.67250678e-01	-1.10325813e-01	3.38788245e-01	2.85578041e-01	-6.18596795e-03	-7.78057745e-22	-6.18596795e-03	6.18596795e-03
0.00623862      	9.89849374e-03	2.90527240e-01	-2.80628747e-01	4.56924790e-01	5.67251799e-01	-1.10327009e-01	3.38789404e-01	2.85577993e-01	-6.18655859e-03	-7.78046336e-22	-6.18655859e-03	6.18655859e-03
0.00626978      	9.89936315e-03	2.90527309e-01	-2.80627945e-01	4.56924203e-01	5.67252517e-01	-1.10328313e-01	3.38790415e-01	2.85577627e-01	-6.18710197e-03	-7.78037938e-22	-6.18710197e-03	6.18710197e-03
0.00630095      	9.90021884e-03	2.90526943e-01	-2.80626724e-01	4.56922933e-01	5.67252650e-01	-1.10329717e-01	3.38791183e-01	2.85576833e-01	-6.18763678e-03	-7.78032493e-22	-6.18763678e-03	6.18763678e-03
0.00633211      	9.90098085e-03	2.90527036e-01	-2.80626055e-01	4.56922473e-01	5.67253465e-01	-1.10330992e-01	3.38792228e-01	2.85576546e-01	-6.18811303e-03	-7.78029041e-22	-6.18811303e-03	6.18811303e-03
0.00636327      	9.90179896e-03	2.90526453e-01	-2.80624654e-01	4.56920885e-01	5.67253423e-01	-1.10332537e-01	3.38792980e-01	2.85575553e-01	-6.18862435e-03	-7.78028704e-22	-6.18862435e-03	6.18862435e-03
0.00639443      	9.90251110e-03	2.90526602e-01	-2.80624091e-01	4.56920555e-01	5.67254305e-01	-1.10333750e-01	3.38794027e-01	2.85575347e-01	-6.18906944e-03	-7.78031999e-22	-6.18906944e-03	6.18906944e-03
0.0064256       	9.90328049e-03	2.90525764e-01	-2.80622483e-01	4.56918598e-01	5.67253971e-01	-1.10335374e-01	3.38794672e-01	2.85574124e-01	-6.18955031e-03	-7.78038372e-22	-6.18955031e-03	6.18955031e-03
0.00645676      	9.90398270e-03	2.90525986e-01	-2.80622004e-01	4.56918392e-01	5.67255143e-01	-1.10336751e-01	3.38795947e-01	2.85573995e-01	-6.18998919e-03	-7.78047988e-22	-6.18998919e-03	6.18998919e-03
0.00648792      	9.90472269e-03	2.90524252e-01	-2.80619529e-01	4.56915024e-01	5.67253662e-01	-1.10338638e-01	3.38796150e-01	2.85571890e-01	-6.19045168e-03	-7.78059580e-22	-6.19045168e-03	6.19045168e-03
0.00651908      	9.90544105e-03	2.90523781e-01	-2.80618340e-01	4.56913697e-01	5.67253948e-01	-1.10340251e-01	3.38797100e-01	2.85571061e-01	-6.19090066e-03	-7.78075131e-22	-6.19090066e-03	6.19090066e-03
0.00655025      	9.90615908e-03	2.90523293e-01	-2.80617133e-01	4.56912341e-01	5.67254194e-01	-1.10341853e-01	3.38798023e-01	2.85570213e-01	-6.19134942e-03	-7.78093337e-22	-6.19134942e-03	6.19134942e-03
0.00658141      	9.90684485e-03	2.90522714e-01	-2.80615869e-01	4.56910867e-01	5.67254356e-01	-1.10343489e-01	3.38798923e-01	2.85569292e-01	-6.19177803e-03	-7.78114698e-22	-6.19177803e-03	6.19177803e-03
0.00661257      	9.90760538e-03	2.90522161e-01	-2.80614556e-01	4.56909373e-01	5.67254482e-01	-1.10345109e-01	3.38799795e-01	2.85568358e-01	-6.19225336e-03	-7.78139091e-22	-6.19225336e-03	6.19225336e-03
0.00664373      	9.90834888e-03	2.90522521e-01	-2.80614172e-01	4.56909354e-01	5.67255926e-01	-1.10346572e-01	3.38801249e-01	2.85568346e-01	-6.19271805e-03	-7.78164538e-22	-6.19271805e-03	6.19271805e-03
0.0066749       	9.90916282e-03	2.90522827e-01	-2.80613664e-01	4.56909193e-01	5.67257229e-01	-1.10348036e-01	3.38802632e-01	2.85568246e-01	-6.19322676e-03	-7.78191923e-22	-6.19322676e-03	6.19322676e-03
0.00670606      	9.90995341e-03	2.90521854e-01	-2.80611901e-01	4.56907004e-01	5.67256693e-01	-1.10349689e-01	3.38803191e-01	2.85566878e-01	-6.19372088e-03	-7.78221234e-22	-6.19372088e-03	6.19372088e-03
0.00673722      	9.91071070e-03	2.90521755e-01	-2.80611044e-01	4.56906239e-01	5.67257483e-01	-1.10351244e-01	3.38804363e-01	2.85566399e-01	-6.19419419e-03	-7.78250724e-22	-6.19419419e-03	6.19419419e-03
0.00676838      	9.91152452e-03	2.90521823e-01	-2.80610299e-01	4.56905697e-01	5.67258480e-01	-1.10352783e-01	3.38805631e-01	2.85566061e-01	-6.19470282e-03	-7.78279580e-22	-6.19470282e-03	6.19470282e-03
0.00679955      	9.91222620e-03	2.90521441e-01	-2.80609214e-01	4.56904524e-01	5.67258881e-01	-1.10354357e-01	3.38806619e-01	2.85565328e-01	-6.19514138e-03	-7.78312977e-22	-6.19514138e-03	6.19514138e-03
0.00683071      	9.91286697e-03	2.90520907e-01	-2.80608040e-01	4.56903158e-01	5.67259125e-01	-1.10355967e-01	3.38807546e-01	2.85564474e-01	-6.19554186e-03	-7.78351689e-22	-6.19554186e-03	6.19554186e-03
0.00686187      	9.91356281e-03	2.90520683e-01	-2.80607120e-01	4.56902242e-01	5.67259801e-01	-1.10357559e-01	3.38808680e-01	2.85563901e-01	-6.19597676e-03	-7.78389009e-22	-6.19597676e-03	6.19597676e-03
0.00689303      	9.91419303e-03	2.90520223e-01	-2.80606029e-01	4.56901002e-01	5.67260187e-01	-1.10359186e-01	3.38809687e-01	2.85563126e-01	-6.19637064e-03	-7.78426722e-22	-6.19637064e-03	6.19637064e-03
0.00692419      	9.91481353e-03	2.90519751e-01	-2.80604937e-01	4.56899750e-01	5.67260573e-01	-1.10360823e-01	3.38810698e-01	2.85562344e-01	-6.19675846e-03	-7.78466125e-22	-6.19675846e-03	6.19675846e-03
0.00695536      	9.91543859e-03	2.90519279e-01	-2.80603841e-01	4.56898496e-01	5.67260963e-01	-1.10362467e-01	3.38811715e-01	2.85561560e-01	-6.19714912e-03	-7.78507088e-22	-6.19714912e-03	6.19714912e-03
0.00698652      	9.91602568e-03	2.90518774e-01	-2.80602748e-01	4.56897218e-01	5.67261323e-01	-1.10364105e-01	3.38812714e-01	2.85560761e-01	-6.19751605e-03	-7.78548715e-22	-6.19751605e-03	6.19751605e-03
0.00701768      	9.91659309e-03	2.90517709e-01	-2.80601116e-01	4.56895060e-01	5.67261011e-01	-1.10365951e-01	3.38813481e-01	2.85559412e-01	-6.19787068e-03	-7.78590809e-22	-6.19787068e-03	6.19787068e-03
0.00704884      	9.91715407e-03	2.90517134e-01	-2.80599980e-01	4.56893691e-01	5.67261361e-01	-1.10367670e-01	3.38814515e-01	2.85558557e-01	-6.19822129e-03	-7.78635109e-22	-6.19822129e-03	6.19822129e-03
0.00708001      	9.91771077e-03	2.90516523e-01	-2.80598812e-01	4.56892267e-01	5.67261675e-01	-1.10369407e-01	3.38815541e-01	2.85557667e-01	-6.19856923e-03	-7.78680774e-22	-6.19856923e-03	6.19856923e-03
0.00711117      	9.91826767e-03	2.90516057e-01	-2.80597790e-01	4.56891078e-01	5.67262213e-01	-1.10371135e-01	3.38816674e-01	2.85556923e-01	-6.19891729e-03	-7.78728213e-22	-6.19891729e-03	6.19891729e-03
0.00714233      	9.91883197e-03	2.90515290e-01	-2.80596458e-01	4.56889398e-01	5.67262320e-01	-1.10372922e-01	3.38817621e-01	2.85555874e-01	-6.19926998e-03	-7.78777203e-22	-6.19926998e-03	6.19926998e-03
0.00717349      	9.91937830e-03	2.90515057e-01	-2.80595678e-01	4.56888588e-01	5.67263174e-01	-1.10374586e-01	3.38818880e-01	2.85555367e-01	-6.19961144e-03	-7.78827694e-22	-6.19961144e-03	6.19961144e-03
0.00720466      	9.91999178e-03	2.90514055e-01	-2.80594063e-01	4.56886494e-01	5.67262947e-01	-1.10376453e-01	3.38819700e-01	2.85554059e-01	-6.19999486e-03	-7.78880270e-22	-6.19999486e-03	6.19999486e-03
0.00723582      	9.92062886e-03	2.90513518e-01	-2.80592889e-01	4.56885125e-01	5.67263349e-01	-1.10378224e-01	3.38820786e-01	2.85553203e-01	-6.20039304e-03	-7.78934095e-22	-6.20039304e-03	6.20039304e-03
0.00726698      	9.92108021e-03	2.90515278e-01	-2.80594198e-01	4.56887581e-01	5.67266573e-01	-1.10378992e-01	3.38822783e-01	2.85554738e-01	-6.20067513e-03	-7.78991957e-22	-6.20067513e-03	6.20067513e-03
0.00729814      	9.92170194e-03	2.90514841e-01	-2.80593139e-01	4.56886384e-01	5.67267231e-01	-1.10380848e-01	3.38824039e-01	2.85553990e-01	-6.20106372e-03	-7.79051454e-22	-6.20106372e-03	6.20106372e-03
0.00732931      	9.92229345e-03	2.90514933e-01	-2.80592639e-01	4.56886057e-01	5.67268571e-01	-1.10382514e-01	3.38825543e-01	2.85553786e-01	-6.20143341e-03	-7.79114436e-22	-6.20143341e-03	6.20143341e-03
0.00736047      	9.92291722e-03	2.90515305e-01	-2.80592388e-01	4.56886154e-01	5.67270268e-01	-1.10384114e-01	3.38827191e-01	2.85553846e-01	-6.20182326e-03	-7.79179088e-22	-6.20182326e-03	6.20182326e-03
0.00739163      	9.92346278e-03	2.90515534e-01	-2.80592071e-01	4.56886084e-01	5.67271856e-01	-1.10385772e-01	3.38828814e-01	2.85553803e-01	-6.20216424e-03	-7.79247602e-22	-6.20216424e-03	6.20216424e-03
0.00742279      	9.92400198e-03	2.90516004e-01	-2.80592003e-01	4.56886406e-01	5.67273815e-01	-1.10387409e-01	3.38830612e-01	2.85554003e-01	-6.20250124e-03	-7.79318498e-22	-6.20250124e-03	6.20250124e-03
0.00745396      	9.92454413e-03	2.90516352e-01	-2.80591808e-01	4.56886528e-01	5.67275634e-01	-1.10389106e-01	3.38832370e-01	2.85554080e-01	-6.20284008e-03	-7.79391844e-22	-6.20284008e-03	6.20284008e-03
0.00748512      	9.92505698e-03	2.90516780e-01	-2.80591723e-01	4.56886803e-01	5.67277621e-01	-1.10390818e-01	3.38834220e-01	2.85554252e-01	-6.20316061e-03	-7.79467228e-22	-6.20316061e-03	6.20316061e-03
0.00751628      	9.92555020e-03	2.90517425e-01	-2.80591875e-01	4.56887440e-01	5.67279955e-01	-1.10392516e-01	3.38836235e-01	2.85554650e-01	-6.20346887e-03	-7.79544635e-22	-6.20346887e-03	6.20346887e-03
0.00754744      	9.92600144e-03	2.90518039e-01	-2.80592038e-01	4.56888062e-01	5.67282324e-01	-1.10394262e-01	3.38838293e-01	2.85555039e-01	-6.20375090e-03	-7.79623615e-22	-6.20375090e-03	6.20375090e-03
0.0075786       	9.92644219e-03	2.90518523e-01	-2.80592081e-01	4.56888483e-01	5.67284565e-01	-1.10396082e-01	3.38840324e-01	2.85555302e-01	-6.20402637e-03	-7.79704231e-22	-6.20402637e-03	6.20402637e-03
0.00760977      	9.92684487e-03	2.90519154e-01	-2.80592309e-01	4.56889171e-01	5.67287121e-01	-1.10397951e-01	3.38842536e-01	2.85555732e-01	-6.20427804e-03	-7.79784831e-22	-6.20427804e-03	6.20427804e-03
0.00764093      	9.92721149e-03	2.90519793e-01	-2.80592582e-01	4.56889900e-01	5.67289757e-01	-1.10399857e-01	3.38844807e-01	2.85556187e-01	-6.20450718e-03	-7.79865664e-22	-6.20450718e-03	6.20450718e-03
0.00767209      	9.92755083e-03	2.90520400e-01	-2.80592850e-01	4.56890600e-01	5.67292444e-01	-1.10401844e-01	3.38847144e-01	2.85556625e-01	-6.20471927e-03	-7.79946236e-22	-6.20471927e-03	6.20471927e-03
0.00770325      	9.92787248e-03	2.90521053e-01	-2.80593180e-01	4.56891386e-01	5.67295258e-01	-1.10403872e-01	3.38849565e-01	2.85557116e-01	-6.20492030e-03	-7.80026588e-22	-6.20492030e-03	6.20492030e-03
0.00773442      	9.92818126e-03	2.90521762e-01	-2.80593581e-01	4.56892274e-01	5.67298198e-01	-1.10405925e-01	3.38852061e-01	2.85557671e-01	-6.20511329e-03	-7.80106319e-22	-6.20511329e-03	6.20511329e-03
0.00776558      	9.92849342e-03	2.90522679e-01	-2.80594185e-01	4.56893491e-01	5.67301484e-01	-1.10407993e-01	3.38854738e-01	2.85558432e-01	-6.20530839e-03	-7.80185206e-22	-6.20530839e-03	6.20530839e-03
0.00779674      	9.92878055e-03	2.90523673e-01	-2.80594892e-01	4.56894852e-01	5.67304959e-01	-1.10410106e-01	3.38857533e-01	2.85559283e-01	-6.20548784e-03	-7.80262706e-22	-6.20548784e-03	6.20548784e-03
0.0078279       	9.92906020e-03	2.90524808e-01	-2.80595747e-01	4.56896444e-01	5.67308671e-01	-1.10412227e-01	3.38860449e-01	2.85560277e-01	-6.20566263e-03	-7.80338895e-22	-6.20566263e-03	6.20566263e-03
0.00785907      	9.92938010e-03	2.90526267e-01	-2.80596887e-01	4.56898523e-01	5.67312825e-01	-1.10414303e-01	3.38863564e-01	2.85561577e-01	-6.20586256e-03	-7.80414182e-22	-6.20586256e-03	6.20586256e-03
0.00789023      	9.92967634e-03	2.90527742e-01	-2.80598066e-01	4.56900647e-01	5.67317056e-01	-1.10416410e-01	3.38866733e-01	2.85562904e-01	-6.20604771e-03	-7.80487233e-22	-6.20604771e-03	6.20604771e-03
0.00792139      	9.92999188e-03	2.90529411e-01	-2.80599419e-01	4.56903064e-01	5.67321602e-01	-1.10418538e-01	3.38870070e-01	2.85564415e-01	-6.20624492e-03	-7.80558618e-22	-6.20624492e-03	6.20624492e-03
0.00795256      	9.93031883e-03	2.90531122e-01	-2.80600803e-01	4.56905540e-01	5.67326225e-01	-1.10420685e-01	3.38873455e-01	2.85565962e-01	-6.20644927e-03	-7.80628674e-22	-6.20644927e-03	6.20644927e-03
0.00798372      	9.93059567e-03	2.90533702e-01	-2.80603106e-01	4.56909446e-01	5.67331963e-01	-1.10422517e-01	3.38877240e-01	2.85568404e-01	-6.20662229e-03	-7.80697281e-22	-6.20662229e-03	6.20662229e-03
0.00801489      	9.93092505e-03	2.90535994e-01	-2.80605069e-01	4.56912851e-01	5.67337409e-01	-1.10424558e-01	3.38880983e-01	2.85570532e-01	-6.20682816e-03	-7.80764860e-22	-6.20682816e-03	6.20682816e-03
0.00804605      	9.93122660e-03	2.90538875e-01	-2.80607648e-01	4.56917218e-01	5.67343586e-01	-1.10426368e-01	3.38884977e-01	2.85573261e-01	-6.20701663e-03	-7.80831464e-22	-6.20701663e-03	6.20701663e-03
0.00807722      	9.93151222e-03	2.90541077e-01	-2.80609565e-01	4.56920513e-01	5.67349090e-01	-1.10428577e-01	3.38888833e-01	2.85575321e-01	-6.20719514e-03	-7.80896252e-22	-6.20719514e-03	6.20719514e-03
0.00810838      	9.93183046e-03	2.90544011e-01	-2.80612181e-01	4.56924954e-01	5.67355533e-01	-1.10430580e-01	3.38893057e-01	2.85578096e-01	-6.20739404e-03	-7.80958442e-22	-6.20739404e-03	6.20739404e-03
0.00813955      	9.93216640e-03	2.90547477e-01	-2.80615311e-01	4.56930230e-01	5.67362685e-01	-1.10432454e-01	3.38897570e-01	2.85581394e-01	-6.20760400e-03	-7.81019574e-22	-6.20760400e-03	6.20760400e-03
0.00817071      	9.93253173e-03	2.90551330e-01	-2.80618799e-01	4.56936103e-01	5.67370317e-01	-1.10434214e-01	3.38902265e-01	2.85585064e-01	-6.20783233e-03	-7.81079233e-22	-6.20783233e-03	6.20783233e-03
0.00820187      	9.93291473e-03	2.90555551e-01	-2.80622636e-01	4.56942549e-01	5.67378406e-01	-1.10435857e-01	3.38907132e-01	2.85589093e-01	-6.20807171e-03	-7.81137041e-22	-6.20807171e-03	6.20807171e-03
0.00823304      	9.93332300e-03	2.90560146e-01	-2.80626823e-01	4.56949575e-01	5.67386963e-01	-1.10437388e-01	3.38912176e-01	2.85593485e-01	-6.20832687e-03	-7.81193166e-22	-6.20832687e-03	6.20832687e-03
0.0082642       	9.93374193e-03	2.90565090e-01	-2.80631348e-01	4.56957150e-01	5.67395988e-01	-1.10438839e-01	3.38917413e-01	2.85598219e-01	-6.20858871e-03	-7.81247767e-22	-6.20858871e-03	6.20858871e-03
0.00829537      	9.93420750e-03	2.90570815e-01	-2.80636607e-01	4.56965937e-01	5.67405983e-01	-1.10440046e-01	3.38923015e-01	2.85603711e-01	-6.20887969e-03	-7.81299119e-22	-6.20887969e-03	6.20887969e-03
0.00832653      	9.93473485e-03	2.90577352e-01	-2.80642617e-01	4.56975976e-01	5.67416974e-01	-1.10440998e-01	3.38928986e-01	2.85609985e-01	-6.20920928e-03	-7.81347505e-22	-6.20920928e-03	6.20920928e-03
0.0083577       	9.93527583e-03	2.90584385e-01	-2.80649109e-01	4.56986795e-01	5.67428630e-01	-1.10441835e-01	3.38935233e-01	2.85616747e-01	-6.20954739e-03	-7.81393964e-22	-6.20954739e-03	6.20954739e-03
0.00838886      	9.93583985e-03	2.90591686e-01	-2.80655847e-01	4.56998026e-01	5.67440574e-01	-1.10442548e-01	3.38941561e-01	2.85623767e-01	-6.20989991e-03	-7.81437568e-22	-6.20989991e-03	6.20989991e-03
0.00842003      	9.93646061e-03	2.90599533e-01	-2.80663073e-01	4.57010085e-01	5.67453168e-01	-1.10443084e-01	3.38948126e-01	2.85631303e-01	-6.21028788e-03	-7.81479182e-22	-6.21028788e-03	6.21028788e-03
0.00845119      	9.93715481e-03	2.90608043e-01	-2.80670888e-01	4.57023145e-01	5.67466474e-01	-1.10443329e-01	3.38954902e-01	2.85639466e-01	-6.21072176e-03	-7.81517296e-22	-6.21072176e-03	6.21072176e-03
0.00848236      	9.93787512e-03	2.90616898e-01	-2.80679023e-01	4.57036737e-01	5.67480245e-01	-1.10443508e-01	3.38961876e-01	2.85647961e-01	-6.21117195e-03	-7.81552854e-22	-6.21117195e-03	6.21117195e-03
0.00851352      	9.93868335e-03	2.90626420e-01	-2.80687736e-01	4.57051325e-01	5.67494754e-01	-1.10443429e-01	3.38969091e-01	2.85657078e-01	-6.21167709e-03	-7.81586021e-22	-6.21167709e-03	6.21167709e-03
0.00854468      	9.93956687e-03	2.90636566e-01	-2.80696999e-01	4.57066852e-01	5.67509953e-01	-1.10443101e-01	3.38976527e-01	2.85666783e-01	-6.21222929e-03	-7.81616231e-22	-6.21222929e-03	6.21222929e-03
0.00857585      	9.94054278e-03	2.90647404e-01	-2.80706861e-01	4.57083412e-01	5.67525935e-01	-1.10442523e-01	3.38984229e-01	2.85677133e-01	-6.21283923e-03	-7.81643702e-22	-6.21283923e-03	6.21283923e-03
0.00860701      	9.94158459e-03	2.90658761e-01	-2.80717177e-01	4.57100750e-01	5.67542479e-01	-1.10441729e-01	3.38992104e-01	2.85687969e-01	-6.21349037e-03	-7.81668215e-22	-6.21349037e-03	6.21349037e-03
0.00863818      	9.94265219e-03	2.90670627e-01	-2.80727974e-01	4.57118881e-01	5.67559627e-01	-1.10440746e-01	3.39000186e-01	2.85699300e-01	-6.21415762e-03	-7.81688930e-22	-6.21415762e-03	6.21415762e-03
0.00866934      	9.94387094e-03	2.90683530e-01	-2.80739659e-01	4.57138552e-01	5.67577945e-01	-1.10439394e-01	3.39008670e-01	2.85711595e-01	-6.21491934e-03	-7.81707002e-22	-6.21491934e-03	6.21491934e-03
0.00870051      	9.94520919e-03	2.90697285e-01	-2.80752076e-01	4.57159489e-01	5.67597192e-01	-1.10437703e-01	3.39017447e-01	2.85724681e-01	-6.21575575e-03	-7.81721960e-22	-6.21575575e-03	6.21575575e-03
0.00873167      	9.94668463e-03	2.90712001e-01	-2.80765317e-01	4.57181855e-01	5.67617512e-01	-1.10435658e-01	3.39026585e-01	2.85738659e-01	-6.21667789e-03	-7.81734536e-22	-6.21667789e-03	6.21667789e-03
0.00876284      	9.94829127e-03	2.90727662e-01	-2.80779371e-01	4.57205626e-01	5.67638900e-01	-1.10433274e-01	3.39036087e-01	2.85753516e-01	-6.21768204e-03	-7.81744826e-22	-6.21768204e-03	6.21768204e-03
0.008794        	9.95001573e-03	2.90744063e-01	-2.80794047e-01	4.57230488e-01	5.67661091e-01	-1.10430602e-01	3.39045846e-01	2.85769055e-01	-6.21875983e-03	-7.81753154e-22	-6.21875983e-03	6.21875983e-03
0.00882516      	9.95184250e-03	2.90761291e-01	-2.80809449e-01	4.57256592e-01	5.67684219e-01	-1.10427627e-01	3.39055923e-01	2.85785370e-01	-6.21990156e-03	-7.81759511e-22	-6.21990156e-03	6.21990156e-03
0.00885633      	9.95379100e-03	2.90779273e-01	-2.80825482e-01	4.57283804e-01	5.67708199e-01	-1.10424395e-01	3.39066297e-01	2.85802378e-01	-6.22111938e-03	-7.81763900e-22	-6.22111938e-03	6.22111938e-03
0.00888749      	9.95584354e-03	2.90798017e-01	-2.80842173e-01	4.57312152e-01	5.67733042e-01	-1.10420890e-01	3.39076966e-01	2.85820095e-01	-6.22240221e-03	-7.81766449e-22	-6.22240221e-03	6.22240221e-03
0.00891866      	9.95798053e-03	2.90817487e-01	-2.80859507e-01	4.57341596e-01	5.67758743e-01	-1.10417148e-01	3.39087945e-01	2.85838497e-01	-6.22373783e-03	-7.81767170e-22	-6.22373783e-03	6.22373783e-03
0.00894982      	9.96018541e-03	2.90837835e-01	-2.80877650e-01	4.57372388e-01	5.67785555e-01	-1.10413167e-01	3.39099361e-01	2.85857743e-01	-6.22511588e-03	-7.81767955e-22	-6.22511588e-03	6.22511588e-03
0.00898099      	9.96252146e-03	2.90858901e-01	-2.80896379e-01	4.57404224e-01	5.67813163e-01	-1.10408939e-01	3.39111051e-01	2.85877640e-01	-6.22657591e-03	-7.81767724e-22	-6.22657591e-03	6.22657591e-03
0.00901215      	9.96496489e-03	2.90880634e-01	-2.80915669e-01	4.57437043e-01	5.67841524e-01	-1.10404481e-01	3.39123002e-01	2.85898152e-01	-6.22810305e-03	-7.81766395e-22	-6.22810305e-03	6.22810305e-03
0.00904331      	9.96750208e-03	2.90902930e-01	-2.80935428e-01	4.57470687e-01	5.67870530e-01	-1.10399843e-01	3.39135187e-01	2.85919179e-01	-6.22968880e-03	-7.81764688e-22	-6.22968880e-03	6.22968880e-03
0.00907448      	9.97010315e-03	2.90925736e-01	-2.80955633e-01	4.57505095e-01	5.67900143e-01	-1.10395047e-01	3.39147595e-01	2.85940685e-01	-6.23131447e-03	-7.81762187e-22	-6.23131447e-03	6.23131447e-03
0.00910564      	9.97276857e-03	2.90949007e-01	-2.80976239e-01	4.57540197e-01	5.67930318e-01	-1.10390122e-01	3.39160220e-01	2.85962623e-01	-6.23298036e-03	-7.81758728e-22	-6.23298036e-03	6.23298036e-03
0.0091368       	9.97550528e-03	2.90972782e-01	-2.80997276e-01	4.57576047e-01	5.67961127e-01	-1.10385080e-01	3.39173103e-01	2.85985029e-01	-6.23469080e-03	-7.81754714e-22	-6.23469080e-03	6.23469080e-03
0.00916796      	9.97829635e-03	2.90997059e-01	-2.81018763e-01	4.57612658e-01	5.67992568e-01	-1.10379910e-01	3.39186239e-01	2.86007911e-01	-6.23643522e-03	-7.81749803e-22	-6.23643522e-03	6.23643522e-03
0.00919913      	9.98118820e-03	2.91021818e-01	-2.81040630e-01	4.57649959e-01	5.68024661e-01	-1.10374702e-01	3.39199682e-01	2.86031224e-01	-6.23824262e-03	-7.81744299e-22	-6.23824262e-03	6.23824262e-03
0.00923029      	9.98435025e-03	2.91047562e-01	-2.81063212e-01	4.57688619e-01	5.68058143e-01	-1.10369523e-01	3.39213833e-01	2.86055387e-01	-6.24021890e-03	-7.81739268e-22	-6.24021890e-03	6.24021890e-03
0.00926145      	9.98645648e-03	2.91071055e-01	-2.81084599e-01	4.57724523e-01	5.68088249e-01	-1.10363726e-01	3.39225988e-01	2.86077827e-01	-6.24153530e-03	-7.81727752e-22	-6.24153530e-03	6.24153530e-03
0.00929261      	9.98920540e-03	2.91096595e-01	-2.81107390e-01	4.57763188e-01	5.68121301e-01	-1.10358113e-01	3.39239707e-01	2.86101993e-01	-6.24325337e-03	-7.81717916e-22	-6.24325337e-03	6.24325337e-03
0.00932378      	9.99199155e-03	2.91122643e-01	-2.81130652e-01	4.57802636e-01	5.68155003e-01	-1.10352367e-01	3.39253685e-01	2.86126648e-01	-6.24499472e-03	-7.81706987e-22	-6.24499472e-03	6.24499472e-03
0.00935494      	9.99500233e-03	2.91149653e-01	-2.81154650e-01	4.57843443e-01	5.68190045e-01	-1.10346602e-01	3.39268324e-01	2.86152152e-01	-6.24687645e-03	-7.81696027e-22	-6.24687645e-03	6.24687645e-03
0.0093861       	9.99807775e-03	2.91177188e-01	-2.81179110e-01	4.57885038e-01	5.68225685e-01	-1.10340647e-01	3.39283166e-01	2.86178149e-01	-6.24879859e-03	-7.81682878e-22	-6.24879859e-03	6.24879859e-03
0.00941726      	1.00011620e-02	2.91205016e-01	-2.81203854e-01	4.57927096e-01	5.68261769e-01	-1.10334673e-01	3.39298221e-01	2.86204435e-01	-6.25072623e-03	-7.81669707e-22	-6.25072623e-03	6.25072623e-03
0.00944843      	1.00042727e-02	2.91233161e-01	-2.81228888e-01	4.57969639e-01	5.68298291e-01	-1.10328652e-01	3.39313472e-01	2.86231024e-01	-6.25267045e-03	-7.81655622e-22	-6.25267045e-03	6.25267045e-03
0.00947959      	1.00074186e-02	2.91261664e-01	-2.81254245e-01	4.58012727e-01	5.68335324e-01	-1.10322597e-01	3.39328960e-01	2.86257954e-01	-6.25463664e-03	-7.81640836e-22	-6.25463664e-03	6.25463664e-03
0.00951075      	1.00106261e-02	2.91290838e-01	-2.81280212e-01	4.58056840e-01	5.68373258e-01	-1.10316417e-01	3.39344837e-01	2.86285525e-01	-6.25664132e-03	-7.81624687e-22	-6.25664132e-03	6.25664132e-03
0.00954191      	1.00130539e-02	2.91315783e-01	-2.81302729e-01	4.58094810e-01	5.68405750e-01	-1.10310940e-01	3.39358345e-01	2.86309256e-01	-6.25815871e-03	-7.81604638e-22	-6.25815871e-03	6.25815871e-03
0.00957307      	1.00162313e-02	2.91345365e-01	-2.81329133e-01	4.58139599e-01	5.68444219e-01	-1.10304621e-01	3.39374420e-01	2.86337249e-01	-6.26014457e-03	-7.81585823e-22	-6.26014457e-03	6.26014457e-03
0.00960423      	1.00193049e-02	2.91374347e-01	-2.81355042e-01	4.58183511e-01	5.68482045e-01	-1.10298534e-01	3.39390290e-01	2.86364695e-01	-6.26206555e-03	-7.81566558e-22	-6.26206555e-03	6.26206555e-03
0.00963539      	1.00223676e-02	2.91403223e-01	-2.81380855e-01	4.58227263e-01	5.68519757e-01	-1.10292494e-01	3.39406126e-01	2.86392039e-01	-6.26397977e-03	-7.81546881e-22	-6.26397977e-03	6.26397977e-03
0.00966655      	1.00254117e-02	2.91432055e-01	-2.81406643e-01	4.58270958e-01	5.68557509e-01	-1.10286551e-01	3.39422030e-01	2.86419349e-01	-6.26588229e-03	-7.81527061e-22	-6.26588229e-03	6.26588229e-03
0.00969771      	1.00284417e-02	2.91460825e-01	-2.81432383e-01	4.58314567e-01	5.68595231e-01	-1.10280664e-01	3.39437948e-01	2.86446604e-01	-6.26777606e-03	-7.81506821e-22	-6.26777606e-03	6.26777606e-03
0.00972888      	1.00314579e-02	2.91489518e-01	-2.81458060e-01	4.58358062e-01	5.68632929e-01	-1.10274867e-01	3.39453898e-01	2.86473789e-01	-6.26966122e-03	-7.81486248e-22	-6.26966122e-03	6.26966122e-03
0.00976004      	1.00344602e-02	2.91518106e-01	-2.81483646e-01	4.58401402e-01	5.68670551e-01	-1.10269149e-01	3.39469850e-01	2.86500876e-01	-6.27153764e-03	-7.81465399e-22	-6.27153764e-03	6.27153764e-03
0.0097912       	1.00374355e-02	2.91546503e-01	-2.81509067e-01	4.58444456e-01	5.68707992e-01	-1.10263536e-01	3.39485764e-01	2.86527785e-01	-6.27339719e-03	-7.81444353e-22	-6.27339719e-03	6.27339719e-03
0.00982236      	1.00403921e-02	2.91574750e-01	-2.81534358e-01	4.58487286e-01	5.68745309e-01	-1.10258023e-01	3.39501666e-01	2.86554554e-01	-6.27524508e-03	-7.81423281e-22	-6.27524508e-03	6.27524508e-03
0.00985352      	1.00432863e-02	2.91602779e-01	-2.81559493e-01	4.58529817e-01	5.68782418e-01	-1.10252601e-01	3.39517509e-01	2.86581136e-01	-6.27705391e-03	-7.81402067e-22	-6.27705391e-03	6.27705391e-03
0.00988468      	1.00461547e-02	2.91630466e-01	-2.81584311e-01	4.58571822e-01	5.68819155e-01	-1.10247333e-01	3.39533244e-01	2.86607389e-01	-6.27884672e-03	-7.81380883e-22	-6.27884672e-03	6.27884672e-03
0.00991584      	1.00489723e-02	2.91657694e-01	-2.81608722e-01	4.58613133e-01	5.68855386e-01	-1.10242253e-01	3.39548819e-01	2.86633208e-01	-6.28060769e-03	-7.81359638e-22	-6.28060769e-03	6.28060769e-03
0.009947        	1.00517366e-02	2.91684533e-01	-2.81632796e-01	4.58653863e-01	5.68891179e-01	-1.10237316e-01	3.39564247e-01	2.86658664e-01	-6.28233536e-03	-7.81338545e-22	-6.28233536e-03	6.28233536e-03
0.00997816      	1.00544523e-02	2.91710937e-01	-2.81656485e-01	4.58693938e-01	5.68926487e-01	-1.10232549e-01	3.39579518e-01	2.86683711e-01	-6.28403266e-03	-7.81317856e-22	-6.28403266e-03	6.28403266e-03
0.0100093       	1.00571148e-02	2.91736888e-01	-2.81679773e-01	4.58733328e-01	5.68961266e-01	-1.10227938e-01	3.39594602e-01	2.86708330e-01	-6.28569676e-03	-7.81297461e-22	-6.28569676e-03	6.28569676e-03
0.0100405       	1.00597305e-02	2.91762354e-01	-2.81702623e-01	4.58771982e-01	5.68995470e-01	-1.10223488e-01	3.39609479e-01	2.86732489e-01	-6.28733159e-03	-7.81277347e-22	-6.28733159e-03	6.28733159e-03
0.0100716       	1.00623297e-02	2.91787393e-01	-2.81725064e-01	4.58809966e-01	5.69029176e-01	-1.10219210e-01	3.39624193e-01	2.86756228e-01	-6.28895605e-03	-7.81257743e-22	-6.28895605e-03	6.28895605e-03
0.0101028       	1.00646718e-02	2.91811463e-01	-2.81746791e-01	4.58846603e-01	5.69061572e-01	-1.10214969e-01	3.39638271e-01	2.86779127e-01	-6.29041986e-03	-7.81237565e-22	-6.29041986e-03	6.29041986e-03
0.010134        	1.00670310e-02	2.91835148e-01	-2.81768117e-01	4.58882612e-01	5.69093523e-01	-1.10210911e-01	3.39652217e-01	2.86801632e-01	-6.29189435e-03	-7.81218051e-22	-6.29189435e-03	6.29189435e-03
0.0101651       	1.00691881e-02	2.91857102e-01	-2.81787914e-01	4.58916012e-01	5.69123263e-01	-1.10207251e-01	3.39665257e-01	2.86822508e-01	-6.29324255e-03	-7.81198562e-22	-6.29324255e-03	6.29324255e-03
0.0101963       	1.00715806e-02	2.91880170e-01	-2.81808589e-01	4.58951007e-01	5.69154459e-01	-1.10203452e-01	3.39678956e-01	2.86844380e-01	-6.29473789e-03	-7.81180161e-22	-6.29473789e-03	6.29473789e-03
0.0102274       	1.00738960e-02	2.91902498e-01	-2.81828602e-01	4.58984879e-01	5.69184686e-01	-1.10199806e-01	3.39692246e-01	2.86865550e-01	-6.29618500e-03	-7.81162057e-22	-6.29618500e-03	6.29618500e-03
0.0102586       	1.00761826e-02	2.91924362e-01	-2.81848179e-01	4.59018033e-01	5.69214309e-01	-1.10196276e-01	3.39705293e-01	2.86886271e-01	-6.29761414e-03	-7.81144299e-22	-6.29761414e-03	6.29761414e-03
0.0102898       	1.00784136e-02	2.91945583e-01	-2.81867170e-01	4.59050202e-01	5.69243060e-01	-1.10192857e-01	3.39717958e-01	2.86906377e-01	-6.29900853e-03	-7.81126889e-22	-6.29900853e-03	6.29900853e-03
0.0103209       	1.00806434e-02	2.91966396e-01	-2.81885752e-01	4.59081718e-01	5.69271246e-01	-1.10189527e-01	3.39730386e-01	2.86926074e-01	-6.30040216e-03	-7.81110078e-22	-6.30040216e-03	6.30040216e-03
0.0103521       	1.00825359e-02	2.91985876e-01	-2.81903340e-01	4.59111373e-01	5.69297499e-01	-1.10186126e-01	3.39741812e-01	2.86944608e-01	-6.30158496e-03	-7.81092401e-22	-6.30158496e-03	6.30158496e-03
0.0103832       	1.00844977e-02	2.92005271e-01	-2.81920774e-01	4.59140836e-01	5.69323623e-01	-1.10182787e-01	3.39753205e-01	2.86963023e-01	-6.30281103e-03	-7.81075725e-22	-6.30281103e-03	6.30281103e-03
0.0104144       	1.00860177e-02	2.92023037e-01	-2.81937019e-01	4.59168045e-01	5.69347357e-01	-1.10179313e-01	3.39763335e-01	2.86980028e-01	-6.30376105e-03	-7.81057797e-22	-6.30376105e-03	6.30376105e-03
0.0104456       	1.00882618e-02	2.92042263e-01	-2.81954002e-01	4.59197012e-01	5.69373286e-01	-1.10176274e-01	3.39774780e-01	2.86998133e-01	-6.30516363e-03	-7.81043864e-22	-6.30516363e-03	6.30516363e-03
0.0104767       	1.00900050e-02	2.92058577e-01	-2.81968572e-01	4.59221719e-01	5.69395290e-01	-1.10173571e-01	3.39784430e-01	2.87013575e-01	-6.30625313e-03	-7.81028732e-22	-6.30625313e-03	6.30625313e-03
0.0105079       	1.00919281e-02	2.92075928e-01	-2.81984000e-01	4.59247942e-01	5.69418491e-01	-1.10170550e-01	3.39794520e-01	2.87029964e-01	-6.30745509e-03	-7.81014579e-22	-6.30745509e-03	6.30745509e-03
0.010539        	1.00937969e-02	2.92092520e-01	-2.81998723e-01	4.59272995e-01	5.69440610e-01	-1.10167615e-01	3.39804112e-01	2.87045622e-01	-6.30862308e-03	-7.81000709e-22	-6.30862308e-03	6.30862308e-03
0.0105702       	1.00956293e-02	2.92108540e-01	-2.82012910e-01	4.59297160e-01	5.69461876e-01	-1.10164716e-01	3.39813296e-01	2.87060725e-01	-6.30976831e-03	-7.80987368e-22	-6.30976831e-03	6.30976831e-03
0.0106014       	1.00974296e-02	2.92124024e-01	-2.82026595e-01	4.59320495e-01	5.69482347e-01	-1.10161852e-01	3.39822100e-01	2.87075309e-01	-6.31089348e-03	-7.80974333e-22	-6.31089348e-03	6.31089348e-03
0.0106325       	1.00991997e-02	2.92138949e-01	-2.82039750e-01	4.59342959e-01	5.69501988e-01	-1.10159029e-01	3.39830509e-01	2.87089349e-01	-6.31199980e-03	-7.80961649e-22	-6.31199980e-03	6.31199980e-03
0.0106637       	1.01009616e-02	2.92153258e-01	-2.82052297e-01	4.59364444e-01	5.69520734e-01	-1.10156290e-01	3.39838512e-01	2.87102778e-01	-6.31310100e-03	-7.80949382e-22	-6.31310100e-03	6.31310100e-03
0.0106948       	1.01026361e-02	2.92167154e-01	-2.82064518e-01	4.59385338e-01	5.69538806e-01	-1.10153468e-01	3.39846137e-01	2.87115836e-01	-6.31414753e-03	-7.80937218e-22	-6.31414753e-03	6.31414753e-03
0.010726        	1.01042443e-02	2.92180497e-01	-2.82076253e-01	4.59405400e-01	5.69556168e-01	-1.10150768e-01	3.39853468e-01	2.87128375e-01	-6.31515268e-03	-7.80922946e-22	-6.31515268e-03	6.31515268e-03
0.0107571       	1.01059720e-02	2.92193171e-01	-2.82087199e-01	4.59424297e-01	5.69572376e-01	-1.10148080e-01	3.39860228e-01	2.87140185e-01	-6.31623248e-03	-7.80914297e-22	-6.31623248e-03	6.31623248e-03
0.0107883       	1.01075807e-02	2.92205310e-01	-2.82097729e-01	4.59442431e-01	5.69587878e-01	-1.10145448e-01	3.39866663e-01	2.87151519e-01	-6.31723794e-03	-7.80903279e-22	-6.31723794e-03	6.31723794e-03
0.0108194       	1.01091611e-02	2.92216880e-01	-2.82107719e-01	4.59459679e-01	5.69602542e-01	-1.10142863e-01	3.39872703e-01	2.87162300e-01	-6.31822572e-03	-7.80892518e-22	-6.31822572e-03	6.31822572e-03
0.0108506       	1.01107083e-02	2.92227903e-01	-2.82117194e-01	4.59476078e-01	5.69616396e-01	-1.10140318e-01	3.39878357e-01	2.87172548e-01	-6.31919270e-03	-7.80881945e-22	-6.31919270e-03	6.31919270e-03
0.0108818       	1.01122251e-02	2.92238381e-01	-2.82126156e-01	4.59491630e-01	5.69629452e-01	-1.10137822e-01	3.39883637e-01	2.87182269e-01	-6.32014069e-03	-7.80871728e-22	-6.32014069e-03	6.32014069e-03
0.0109129       	1.01137086e-02	2.92248317e-01	-2.82134609e-01	4.59506341e-01	5.69641713e-01	-1.10135372e-01	3.39888543e-01	2.87191463e-01	-6.32106790e-03	-7.80861743e-22	-6.32106790e-03	6.32106790e-03
