# Force and moment coefficients
# dragDir       : (1.00000000e+00 0.00000000e+00 0.00000000e+00)
# sideDir       : (0.00000000e+00 0.00000000e+00 -1.00000000e+00)
# liftDir       : (0.00000000e+00 1.00000000e+00 0.00000000e+00)
# rollAxis      : (1.00000000e+00 0.00000000e+00 0.00000000e+00)
# pitchAxis     : (0.00000000e+00 0.00000000e+00 -1.00000000e+00)
# yawAxis       : (0.00000000e+00 1.00000000e+00 0.00000000e+00)
# magUInf       : 1.00000000e+02
# lRef          : 1.00000000e+00
# Aref          : 2.50000000e-01
# CofR          : (0.00000000e+00 0.00000000e+00 0.00000000e+00)
#
# Time          	Cd              	Cd(f)           	Cd(r)           	Cl              	Cl(f)           	Cl(r)           	CmPitch         	CmRoll          	CmYaw           	Cs              	Cs(f)           	Cs(r)           
10              	-2.88478906e-01	-1.37668148e+00	1.08820257e+00	-1.97190724e+00	-1.88124049e+00	-9.06667480e-02	-8.95286871e-01	-1.23244202e+00	1.80299316e-01	3.85845324e-22	1.80299316e-01	-1.80299316e-01
20              	-3.97801735e-02	-1.04295796e-01	6.45156229e-02	-1.35049135e-01	-4.61165294e-02	-8.89326060e-02	2.14080383e-02	-8.44057097e-02	2.48626084e-02	-8.32911379e-22	2.48626084e-02	-2.48626084e-02
30              	9.42208549e-03	7.46223308e-02	-6.52002453e-02	1.11858061e-01	1.71621594e-01	-5.97635335e-02	1.15692564e-01	6.99112881e-02	-5.88880343e-03	-8.79881598e-22	-5.88880343e-03	5.88880343e-03
40              	1.02895253e-02	5.77639876e-02	-4.74744623e-02	8.41907600e-02	1.34342664e-01	-5.01519042e-02	9.22472842e-02	5.26192250e-02	-6.43095331e-03	-8.73876443e-22	-6.43095331e-03	6.43095331e-03
50              	1.13100497e-02	4.88762716e-02	-3.75662219e-02	6.91539949e-02	1.11648542e-01	-4.24945475e-02	7.70715449e-02	4.32212468e-02	-7.06878105e-03	-8.63885536e-22	-7.06878105e-03	7.06878105e-03
60              	1.13095541e-02	3.81987873e-02	-2.68892332e-02	5.20704163e-02	8.46394657e-02	-3.25690494e-02	5.86042575e-02	3.25440102e-02	-7.06847130e-03	-8.82720372e-22	-7.06847130e-03	7.06847130e-03
70              	1.07961343e-02	2.51135803e-02	-1.43174460e-02	3.15448210e-02	5.06518735e-02	-1.91070525e-02	3.48794630e-02	1.97155131e-02	-6.74758395e-03	-8.52526626e-22	-6.74758395e-03	6.74758395e-03
80              	9.36160958e-03	1.53482820e-02	-5.98667238e-03	1.70679635e-02	2.75746622e-02	-1.05066987e-02	1.90406804e-02	1.06674772e-02	-5.85100599e-03	-8.28216271e-22	-5.85100599e-03	5.85100599e-03
90              	1.62127099e-02	7.48969618e-02	-5.86842518e-02	1.06864971e-01	1.31317667e-01	-2.44526960e-02	7.78851814e-02	6.67906068e-02	-1.01329437e-02	-9.78173273e-22	-1.01329437e-02	1.01329437e-02
100             	2.45971421e-02	1.58053849e-01	-1.33456706e-01	2.33208444e-01	2.83909864e-01	-5.07014197e-02	1.67305642e-01	1.45755277e-01	-1.53732138e-02	-1.06047607e-21	-1.53732138e-02	1.53732138e-02
110             	2.83459733e-02	2.30594948e-01	-2.02248975e-01	3.46275139e-01	4.23074815e-01	-7.67996763e-02	2.49937246e-01	2.16421962e-01	-1.77162333e-02	-1.03611273e-21	-1.77162333e-02	1.77162333e-02
120             	2.42066521e-02	2.78088895e-01	-2.53882243e-01	4.25576911e-01	5.25052242e-01	-9.94753308e-02	3.12263786e-01	2.65985569e-01	-1.51291576e-02	-9.34995341e-22	-1.51291576e-02	1.51291576e-02
130             	1.88412160e-02	3.08809300e-01	-2.89968084e-01	4.79021908e-01	5.95656114e-01	-1.16634207e-01	3.56145160e-01	2.99388692e-01	-1.17757600e-02	-8.13875686e-22	-1.17757600e-02	1.17757600e-02
140             	1.18964098e-02	3.30645551e-01	-3.18749141e-01	5.19515754e-01	6.50637919e-01	-1.31122165e-01	3.90880042e-01	3.24697346e-01	-7.43525614e-03	-6.15955103e-22	-7.43525614e-03	7.43525614e-03
150             	6.85061597e-03	3.51626436e-01	-3.44775820e-01	5.57121805e-01	6.97861617e-01	-1.40739812e-01	4.19300715e-01	3.48201128e-01	-4.28163498e-03	-4.63066876e-22	-4.28163498e-03	4.28163498e-03
160             	2.86119469e-03	3.65404621e-01	-3.62543426e-01	5.82358438e-01	7.29668205e-01	-1.47309767e-01	4.38488986e-01	3.63974024e-01	-1.78824668e-03	-3.57755749e-22	-1.78824668e-03	1.78824668e-03
170             	-1.41650023e-03	3.72491180e-01	-3.73907681e-01	5.97119089e-01	7.48983885e-01	-1.51864797e-01	4.50424341e-01	3.73199430e-01	8.85312646e-04	-2.76464503e-22	8.85312646e-04	-8.85312646e-04
180             	-5.02620457e-03	3.76768075e-01	-3.81794280e-01	6.06849884e-01	7.63730281e-01	-1.56880397e-01	4.60305339e-01	3.79281177e-01	3.14137786e-03	-2.05951483e-22	3.14137786e-03	-3.14137786e-03
190             	-7.53206304e-03	3.81275284e-01	-3.88807347e-01	6.16066105e-01	7.76662028e-01	-1.60595923e-01	4.68628975e-01	3.85041316e-01	4.70753940e-03	-2.35526941e-22	4.70753940e-03	-4.70753940e-03
200             	-9.92855397e-03	3.85761479e-01	-3.95690033e-01	6.25161210e-01	7.89277325e-01	-1.64116116e-01	4.76696720e-01	3.90725756e-01	6.20534623e-03	-1.40834504e-22	6.20534623e-03	-6.20534623e-03
210             	-1.24274743e-02	3.93774810e-01	-4.06202284e-01	6.39981675e-01	8.07923648e-01	-1.67941973e-01	4.87932811e-01	3.99988547e-01	7.76717144e-03	-1.07865693e-22	7.76717144e-03	-7.76717144e-03
220             	-1.47335377e-02	3.98461783e-01	-4.13195321e-01	6.49325683e-01	8.20202987e-01	-1.70877305e-01	4.95540146e-01	4.05828552e-01	9.20846109e-03	-9.43421812e-23	9.20846109e-03	-9.20846109e-03
230             	-1.62507097e-02	4.03093229e-01	-4.19343939e-01	6.57949735e-01	8.30760023e-01	-1.72810288e-01	5.01785155e-01	4.11218584e-01	1.01566936e-02	-6.10330174e-23	1.01566936e-02	-1.01566936e-02
240             	-1.80432265e-02	4.06028383e-01	-4.24071610e-01	6.64079995e-01	8.38760695e-01	-1.74680700e-01	5.06720697e-01	4.15049997e-01	1.12770166e-02	-4.61192236e-23	1.12770166e-02	-1.12770166e-02
250             	-1.98104779e-02	4.08399591e-01	-4.28210069e-01	6.69287728e-01	8.45772869e-01	-1.76485141e-01	5.11129005e-01	4.18304830e-01	1.23815487e-02	-1.67462153e-23	1.23815487e-02	-1.23815487e-02
260             	-2.16588217e-02	4.08064915e-01	-4.29723737e-01	6.70230922e-01	8.47946290e-01	-1.77715368e-01	5.12830829e-01	4.18894326e-01	1.35367636e-02	4.16423981e-23	1.35367636e-02	-1.35367636e-02
270             	-2.24579228e-02	4.08667242e-01	-4.31125165e-01	6.71833926e-01	8.50296852e-01	-1.78462926e-01	5.14379889e-01	4.19896204e-01	1.40362017e-02	1.50434339e-23	1.40362017e-02	-1.40362017e-02
280             	-2.37308131e-02	4.09141444e-01	-4.32872257e-01	6.73610960e-01	8.52766301e-01	-1.79155340e-01	5.15960821e-01	4.21006850e-01	1.48317582e-02	6.73260944e-23	1.48317582e-02	-1.48317582e-02
290             	-2.48739459e-02	4.11524752e-01	-4.36398698e-01	6.78338760e-01	8.58743077e-01	-1.80404317e-01	5.19573697e-01	4.23961725e-01	1.55462162e-02	8.47986293e-23	1.55462162e-02	-1.55462162e-02
300             	-2.42161598e-02	4.13270528e-01	-4.37486688e-01	6.80605773e-01	8.61281191e-01	-1.80675418e-01	5.20978305e-01	4.25378608e-01	1.51350999e-02	3.92773426e-23	1.51350999e-02	-1.51350999e-02
310             	-2.49831827e-02	4.15560929e-01	-4.40544111e-01	6.84884032e-01	8.66190709e-01	-1.81306677e-01	5.23748693e-01	4.28052520e-01	1.56144892e-02	5.90354438e-23	1.56144892e-02	-1.56144892e-02
320             	-2.50457537e-02	4.17519158e-01	-4.42564912e-01	6.88067257e-01	8.69746361e-01	-1.81679104e-01	5.25712732e-01	4.30042035e-01	1.56535961e-02	8.00601413e-23	1.56535961e-02	-1.56535961e-02
330             	-2.60282963e-02	4.20754347e-01	-4.46782643e-01	6.94029592e-01	8.76789203e-01	-1.82759611e-01	5.29774407e-01	4.33768495e-01	1.62676852e-02	1.09387198e-22	1.62676852e-02	-1.62676852e-02
340             	-2.61476451e-02	4.22778554e-01	-4.48926199e-01	6.97363802e-01	8.80394714e-01	-1.83030912e-01	5.31712813e-01	4.35852376e-01	1.63422782e-02	9.75168206e-23	1.63422782e-02	-1.63422782e-02
350             	-2.65053728e-02	4.26469246e-01	-4.52974619e-01	7.03555092e-01	8.87702067e-01	-1.84146975e-01	5.35924521e-01	4.39721932e-01	1.65658580e-02	1.32662245e-22	1.65658580e-02	-1.65658580e-02
360             	-2.64718217e-02	4.29188153e-01	-4.55659974e-01	7.07878502e-01	8.92216858e-01	-1.84338357e-01	5.38277608e-01	4.42424064e-01	1.65448886e-02	1.05779348e-22	1.65448886e-02	-1.65448886e-02
370             	-2.73472865e-02	4.31797490e-01	-4.59144776e-01	7.12753813e-01	8.98001787e-01	-1.85247975e-01	5.41624881e-01	4.45471133e-01	1.70920541e-02	1.94801242e-22	1.70920541e-02	-1.70920541e-02
380             	-2.77388014e-02	4.32164282e-01	-4.59903083e-01	7.13653892e-01	8.99048858e-01	-1.85394966e-01	5.42221912e-01	4.46033683e-01	1.73367509e-02	1.78664694e-22	1.73367509e-02	-1.73367509e-02
390             	-2.81806896e-02	4.35582879e-01	-4.63763568e-01	7.19477157e-01	9.06409567e-01	-1.86932410e-01	5.46670988e-01	4.49673223e-01	1.76129310e-02	1.90027665e-22	1.76129310e-02	-1.76129310e-02
400             	-2.91421338e-02	4.36065912e-01	-4.65208045e-01	7.21019166e-01	9.08438983e-01	-1.87419818e-01	5.47929401e-01	4.50636979e-01	1.82138336e-02	2.09638936e-22	1.82138336e-02	-1.82138336e-02
410             	-2.97280948e-02	4.38179901e-01	-4.67907996e-01	7.24870317e-01	9.13440428e-01	-1.88570110e-01	5.51005269e-01	4.53043948e-01	1.85800592e-02	1.72653756e-22	1.85800592e-02	-1.85800592e-02
420             	-3.08695189e-02	4.38542460e-01	-4.69411979e-01	7.26363551e-01	9.15422073e-01	-1.89058522e-01	5.52240297e-01	4.53977219e-01	1.92934493e-02	2.21872807e-22	1.92934493e-02	-1.92934493e-02
430             	-3.06882991e-02	4.41529203e-01	-4.72217503e-01	7.30997365e-01	9.20386191e-01	-1.89388826e-01	5.54887508e-01	4.56873353e-01	1.91801869e-02	2.14694285e-22	1.91801869e-02	-1.91801869e-02
440             	-3.12346189e-02	4.42235762e-01	-4.73470381e-01	7.32564915e-01	9.22464279e-01	-1.89899365e-01	5.56181822e-01	4.57853072e-01	1.95216368e-02	1.66145926e-22	1.95216368e-02	-1.95216368e-02
450             	-3.18843381e-02	4.42694026e-01	-4.74578364e-01	7.33817912e-01	9.23435863e-01	-1.89617952e-01	5.56526907e-01	4.58636195e-01	1.99277113e-02	2.06101179e-22	1.99277113e-02	-1.99277113e-02
460             	-3.19402513e-02	4.43317308e-01	-4.75257559e-01	7.34859894e-01	9.24270024e-01	-1.89410130e-01	5.56840077e-01	4.59287433e-01	1.99626571e-02	1.69582750e-22	1.99626571e-02	-1.99626571e-02
470             	-3.19092272e-02	4.46431947e-01	-4.78341175e-01	7.39818498e-01	9.29170457e-01	-1.89351960e-01	5.59261209e-01	4.62386561e-01	1.99432670e-02	1.58321029e-22	1.99432670e-02	-1.99432670e-02
480             	-3.15282171e-02	4.45913628e-01	-4.77441845e-01	7.38684378e-01	9.26351791e-01	-1.87667413e-01	5.57009602e-01	4.61677736e-01	1.97051357e-02	1.40830772e-22	1.97051357e-02	-1.97051357e-02
490             	-3.19454731e-02	4.50114608e-01	-4.82060081e-01	7.45739752e-01	9.32623547e-01	-1.86883795e-01	5.59753671e-01	4.66087345e-01	1.99659207e-02	1.78288425e-22	1.99659207e-02	-1.99659207e-02
500             	-3.13404897e-02	4.52435989e-01	-4.83776478e-01	7.48969974e-01	9.33650196e-01	-1.84680223e-01	5.59165210e-01	4.68106234e-01	1.95878061e-02	2.18126937e-22	1.95878061e-02	-1.95878061e-02
510             	-3.04965120e-02	4.58694207e-01	-4.89190719e-01	7.58307940e-01	9.40375204e-01	-1.82067263e-01	5.61221234e-01	4.73942463e-01	1.90603200e-02	2.58366951e-22	1.90603200e-02	-1.90603200e-02
520             	-3.01497588e-02	4.61999257e-01	-4.92149016e-01	7.63318618e-01	9.43231866e-01	-1.79913248e-01	5.61572557e-01	4.77074136e-01	1.88435993e-02	3.24445523e-22	1.88435993e-02	-1.88435993e-02
530             	-3.02145980e-02	4.56192562e-01	-4.86407160e-01	7.54079777e-01	9.33068358e-01	-1.78988580e-01	5.56028469e-01	4.71299861e-01	1.88841237e-02	3.71465160e-22	1.88841237e-02	-1.88841237e-02
540             	-3.20228630e-02	4.33386698e-01	-4.65409561e-01	7.19037007e-01	9.03668281e-01	-1.84631274e-01	5.44149777e-01	4.49398129e-01	2.00142893e-02	3.49958003e-22	2.00142893e-02	-2.00142893e-02
550             	-3.54561426e-02	4.01287457e-01	-4.36743600e-01	6.70424845e-01	8.64484857e-01	-1.94060012e-01	5.29272434e-01	4.19015528e-01	2.21600891e-02	2.99027280e-22	2.21600891e-02	-2.21600891e-02
560             	-3.51152730e-02	3.99573115e-01	-4.34688388e-01	6.67409202e-01	8.60527538e-01	-1.93118336e-01	5.26822937e-01	4.17130751e-01	2.19470456e-02	2.94987985e-22	2.19470456e-02	-2.19470456e-02
570             	-3.52069428e-02	3.98181102e-01	-4.33388045e-01	6.65255317e-01	8.57930260e-01	-1.92674943e-01	5.25302602e-01	4.15784573e-01	2.20043392e-02	3.15188641e-22	2.20043392e-02	-2.20043392e-02
580             	-3.53263736e-02	3.94773309e-01	-4.30099682e-01	6.59898393e-01	8.53725206e-01	-1.93826814e-01	5.23776010e-01	4.12436495e-01	2.20789835e-02	2.47243761e-22	2.20789835e-02	-2.20789835e-02
590             	-3.51705100e-02	3.93056922e-01	-4.28227432e-01	6.57027483e-01	8.50859593e-01	-1.93832111e-01	5.22345852e-01	4.10642177e-01	2.19815687e-02	2.43391920e-22	2.19815687e-02	-2.19815687e-02
600             	-3.56439870e-02	3.91271104e-01	-4.26915091e-01	6.54548956e-01	8.48630057e-01	-1.94081101e-01	5.21355579e-01	4.09093098e-01	2.22774919e-02	2.56443851e-22	2.22774919e-02	-2.22774919e-02
610             	-3.52997339e-02	3.91653136e-01	-4.26952870e-01	6.54884805e-01	8.49066187e-01	-1.94181382e-01	5.21623784e-01	4.09303003e-01	2.20623337e-02	2.45697932e-22	2.20623337e-02	-2.20623337e-02
620             	-3.52619440e-02	3.88730669e-01	-4.23992613e-01	6.50178626e-01	8.43520079e-01	-1.93341453e-01	5.18430766e-01	4.06361641e-01	2.20387150e-02	2.32125523e-22	2.20387150e-02	-2.20387150e-02
630             	-3.49611034e-02	3.91356141e-01	-4.26317245e-01	6.54138709e-01	8.48506270e-01	-1.94367561e-01	5.21436916e-01	4.08836693e-01	2.18506896e-02	2.11919848e-22	2.18506896e-02	-2.18506896e-02
640             	-3.46972045e-02	3.89095936e-01	-4.23793141e-01	6.50311262e-01	8.43764178e-01	-1.93452916e-01	5.18608547e-01	4.06444539e-01	2.16857528e-02	2.55441920e-22	2.16857528e-02	-2.16857528e-02
650             	-3.46472575e-02	3.88951020e-01	-4.23598278e-01	6.50039439e-01	8.43602204e-01	-1.93562765e-01	5.18582485e-01	4.06274649e-01	2.16545359e-02	1.99204828e-22	2.16545359e-02	-2.16545359e-02
660             	-3.43836906e-02	3.87460230e-01	-4.21843921e-01	6.47443320e-01	8.40212837e-01	-1.92769517e-01	5.16491177e-01	4.04652075e-01	2.14898066e-02	2.25526084e-22	2.14898066e-02	-2.14898066e-02
670             	-3.43170746e-02	3.89308933e-01	-4.23626007e-01	6.50347952e-01	8.43863883e-01	-1.93515931e-01	5.18689907e-01	4.06467470e-01	2.14481716e-02	2.10655487e-22	2.14481716e-02	-2.14481716e-02
680             	-3.38973381e-02	3.89131001e-01	-4.23028339e-01	6.49727472e-01	8.42781849e-01	-1.93054377e-01	5.17918113e-01	4.06079670e-01	2.11858363e-02	1.84186727e-22	2.11858363e-02	-2.11858363e-02
690             	-3.34793559e-02	3.87449478e-01	-4.20928834e-01	6.46702649e-01	8.39048147e-01	-1.92345498e-01	5.15696823e-01	4.04189156e-01	2.09245974e-02	1.52472720e-22	2.09245974e-02	-2.09245974e-02
700             	-3.42262800e-02	3.90687273e-01	-4.24913553e-01	6.52480661e-01	8.45835270e-01	-1.93354609e-01	5.19594939e-01	4.07800413e-01	2.13914250e-02	2.02347099e-22	2.13914250e-02	-2.13914250e-02
710             	-3.31166532e-02	3.90249922e-01	-4.23366575e-01	6.50893197e-01	8.43773929e-01	-1.92880732e-01	5.18327330e-01	4.06808248e-01	2.06979083e-02	1.67606975e-22	2.06979083e-02	-2.06979083e-02
720             	-3.38525119e-02	3.90419264e-01	-4.24271776e-01	6.51752832e-01	8.44830592e-01	-1.93077760e-01	5.18954176e-01	4.07345520e-01	2.11578199e-02	1.73166635e-22	2.11578199e-02	-2.11578199e-02
730             	-3.42300637e-02	3.92937540e-01	-4.27167604e-01	6.56084115e-01	8.50476414e-01	-1.94392299e-01	5.22434357e-01	4.10052572e-01	2.13937898e-02	2.16631418e-22	2.13937898e-02	-2.13937898e-02
740             	-3.33798480e-02	3.91541147e-01	-4.24920995e-01	6.53169713e-01	8.46298584e-01	-1.93128871e-01	5.19713727e-01	4.08231071e-01	2.08624050e-02	1.64229431e-22	2.08624050e-02	-2.08624050e-02
750             	-3.38867944e-02	3.93417746e-01	-4.27304540e-01	6.56577829e-01	8.51003263e-01	-1.94425434e-01	5.22714349e-01	4.10361143e-01	2.11792465e-02	1.73434235e-22	2.11792465e-02	-2.11792465e-02
760             	-3.46136816e-02	3.94693859e-01	-4.29307541e-01	6.59201120e-01	8.54152938e-01	-1.94951818e-01	5.24552378e-01	4.12000700e-01	2.16335510e-02	2.37486521e-22	2.16335510e-02	-2.16335510e-02
770             	-3.35928628e-02	3.94725122e-01	-4.28317985e-01	6.58434486e-01	8.52955714e-01	-1.94521228e-01	5.23738471e-01	4.11521554e-01	2.09955392e-02	1.65919683e-22	2.09955392e-02	-2.09955392e-02
780             	-3.41320775e-02	3.95280895e-01	-4.29412973e-01	6.59755095e-01	8.54845572e-01	-1.95090478e-01	5.24968025e-01	4.12346934e-01	2.13325485e-02	1.73098545e-22	2.13325485e-02	-2.13325485e-02
790             	-3.48702937e-02	3.97838192e-01	-4.32708486e-01	6.64437342e-01	8.60682043e-01	-1.96244701e-01	5.28463372e-01	4.15273339e-01	2.17939336e-02	2.13956629e-22	2.17939336e-02	-2.17939336e-02
800             	-3.40282913e-02	3.97112705e-01	-4.31140997e-01	6.62602962e-01	8.58045592e-01	-1.95442630e-01	5.26744111e-01	4.14126851e-01	2.12676820e-02	1.61264381e-22	2.12676820e-02	-2.12676820e-02
810             	-3.45619759e-02	3.99399657e-01	-4.33961633e-01	6.66689033e-01	8.63050504e-01	-1.96361471e-01	5.29705988e-01	4.16680645e-01	2.16012349e-02	1.75821316e-22	2.16012349e-02	-2.16012349e-02
820             	-3.49963371e-02	4.01727140e-01	-4.36723478e-01	6.70760495e-01	8.67998274e-01	-1.97237779e-01	5.32618027e-01	4.19225309e-01	2.18727107e-02	2.23595387e-22	2.18727107e-02	-2.18727107e-02
830             	-3.45140720e-02	4.00072864e-01	-4.34586936e-01	6.67727841e-01	8.63821457e-01	-1.96093617e-01	5.29957537e-01	4.17329900e-01	2.15712950e-02	2.18581266e-22	2.15712950e-02	-2.15712950e-02
840             	-3.49228837e-02	4.03805549e-01	-4.38728433e-01	6.74027185e-01	8.71603946e-01	-1.97576761e-01	5.34590353e-01	4.21266991e-01	2.18268023e-02	2.07329367e-22	2.18268023e-02	-2.18268023e-02
850             	-3.51373014e-02	4.05335878e-01	-4.40473179e-01	6.76647246e-01	8.74503471e-01	-1.97856225e-01	5.36179848e-01	4.22904528e-01	2.19608134e-02	1.99347026e-22	2.19608134e-02	-2.19608134e-02
860             	-3.52417487e-02	4.04699408e-01	-4.39941157e-01	6.75712452e-01	8.73014539e-01	-1.97302088e-01	5.35158313e-01	4.22320282e-01	2.20260929e-02	2.13577762e-22	2.20260929e-02	-2.20260929e-02
870             	-3.55435847e-02	4.08861408e-01	-4.44404992e-01	6.82613120e-01	8.81614701e-01	-1.99001581e-01	5.40308141e-01	4.26633200e-01	2.22147405e-02	2.27865636e-22	2.22147405e-02	-2.22147405e-02
880             	-3.59500014e-02	4.08579274e-01	-4.44529276e-01	6.82486840e-01	8.81311009e-01	-1.98824169e-01	5.40067589e-01	4.26554275e-01	2.24687509e-02	2.07994713e-22	2.24687509e-02	-2.24687509e-02
890             	-3.57286200e-02	4.09121924e-01	-4.44850544e-01	6.83177974e-01	8.81728249e-01	-1.98550275e-01	5.40139262e-01	4.26986234e-01	2.23303875e-02	2.30943373e-22	2.23303875e-02	-2.23303875e-02
900             	-3.59905594e-02	4.11294352e-01	-4.47284911e-01	6.86863411e-01	8.86407865e-01	-1.99544454e-01	5.42976160e-01	4.29289632e-01	2.24940996e-02	2.35939325e-22	2.24940996e-02	-2.24940996e-02
910             	-3.67894309e-02	4.13196961e-01	-4.49986392e-01	6.90546682e-01	8.90646894e-01	-2.00100212e-01	5.45373553e-01	4.31591676e-01	2.29933943e-02	2.63214762e-22	2.29933943e-02	-2.29933943e-02
920             	-3.63226577e-02	4.11583343e-01	-4.47906001e-01	6.87591475e-01	8.86671281e-01	-1.99079806e-01	5.42875543e-01	4.29744672e-01	2.27016610e-02	2.38952843e-22	2.27016610e-02	-2.27016610e-02
930             	-3.62591476e-02	4.16744811e-01	-4.53003959e-01	6.95799016e-01	8.96410161e-01	-2.00611146e-01	5.48510654e-01	4.34874385e-01	2.26619672e-02	2.47550401e-22	2.26619672e-02	-2.26619672e-02
940             	-3.69600873e-02	4.15342381e-01	-4.52302468e-01	6.94115880e-01	8.94224237e-01	-2.00108357e-01	5.47166297e-01	4.33822425e-01	2.31000546e-02	2.59045139e-22	2.31000546e-02	-2.31000546e-02
950             	-3.69251433e-02	4.16489806e-01	-4.53414950e-01	6.95923805e-01	8.96022543e-01	-2.00098739e-01	5.48060641e-01	4.34952378e-01	2.30782145e-02	2.94700336e-22	2.30782145e-02	-2.30782145e-02
960             	-3.66786324e-02	4.20757163e-01	-4.57435796e-01	7.02554367e-01	9.03854695e-01	-2.01300328e-01	5.52577511e-01	4.39096480e-01	2.29241453e-02	2.61927363e-22	2.29241453e-02	-2.29241453e-02
970             	-3.71645823e-02	4.20090390e-01	-4.57254972e-01	7.01876290e-01	9.03007442e-01	-2.01131153e-01	5.52069298e-01	4.38672681e-01	2.32278639e-02	2.38124821e-22	2.32278639e-02	-2.32278639e-02
980             	-3.73382951e-02	4.21354630e-01	-4.58692925e-01	7.04038043e-01	9.05077246e-01	-2.01039202e-01	5.53058224e-01	4.40023777e-01	2.33364344e-02	2.93294245e-22	2.33364344e-02	-2.33364344e-02
990             	-3.71863193e-02	4.23177050e-01	-4.60363369e-01	7.06832335e-01	9.08251846e-01	-2.01419511e-01	5.54835679e-01	4.41770209e-01	2.32414496e-02	2.37854858e-22	2.32414496e-02	-2.32414496e-02
1000            	-3.79936743e-02	4.26060352e-01	-4.64054027e-01	7.12091503e-01	9.14321206e-01	-2.02229703e-01	5.58275454e-01	4.45057189e-01	2.37460464e-02	2.80793212e-22	2.37460464e-02	-2.37460464e-02
1010            	-3.76996098e-02	4.24346434e-01	-4.62046044e-01	7.09113982e-01	9.10352232e-01	-2.01238249e-01	5.55795240e-01	4.43196239e-01	2.35622561e-02	2.98364789e-22	2.35622561e-02	-2.35622561e-02
1020            	-3.75098639e-02	4.28848733e-01	-4.66358597e-01	7.16165865e-01	9.18350536e-01	-2.02184671e-01	5.60267604e-01	4.47603665e-01	2.34436649e-02	2.71448220e-22	2.34436649e-02	-2.34436649e-02
1030            	-3.82096695e-02	4.29151387e-01	-4.67361057e-01	7.17209955e-01	9.19546472e-01	-2.02336517e-01	5.60941495e-01	4.48256222e-01	2.38810434e-02	3.00969464e-22	2.38810434e-02	-2.38810434e-02
1040            	-3.77614528e-02	4.31287738e-01	-4.69049191e-01	7.20269543e-01	9.22892000e-01	-2.02622457e-01	5.62757228e-01	4.50168464e-01	2.36009080e-02	2.72310800e-22	2.36009080e-02	-2.36009080e-02
1050            	-3.81983424e-02	4.31528770e-01	-4.69727112e-01	7.21004705e-01	9.23249312e-01	-2.02244606e-01	5.62746959e-01	4.50627941e-01	2.38739640e-02	3.25384516e-22	2.38739640e-02	-2.38739640e-02
1060            	-3.84117593e-02	4.34574406e-01	-4.72986166e-01	7.26048458e-01	9.29138743e-01	-2.03090285e-01	5.66114514e-01	4.53780286e-01	2.40073496e-02	3.19988618e-22	2.40073496e-02	-2.40073496e-02
1070            	-3.85670441e-02	4.34347684e-01	-4.72914728e-01	7.25809930e-01	9.28957639e-01	-2.03147708e-01	5.66052674e-01	4.53631206e-01	2.41044025e-02	2.98007166e-22	2.41044025e-02	-2.41044025e-02
1080            	-3.85280186e-02	4.37381662e-01	-4.75909680e-01	7.30633074e-01	9.34038259e-01	-2.03405185e-01	5.68721722e-01	4.56645671e-01	2.40800116e-02	3.19960152e-22	2.40800116e-02	-2.40800116e-02
1090            	-3.92961467e-02	4.39179034e-01	-4.78475181e-01	7.34123372e-01	9.38244346e-01	-2.04120974e-01	5.71182660e-01	4.58827108e-01	2.45600917e-02	3.36011298e-22	2.45600917e-02	-2.45600917e-02
1100            	-3.89042779e-02	4.38029464e-01	-4.76933742e-01	7.31970565e-01	9.35330081e-01	-2.03359516e-01	5.69344799e-01	4.57481603e-01	2.43151737e-02	3.02751006e-22	2.43151737e-02	-2.43151737e-02
1110            	-3.90147073e-02	4.41755561e-01	-4.80770269e-01	7.38020664e-01	9.42082221e-01	-2.04061557e-01	5.73071889e-01	4.61262915e-01	2.43841921e-02	3.19057725e-22	2.43841921e-02	-2.43841921e-02
1120            	-3.92782206e-02	4.42170496e-01	-4.81448717e-01	7.38895371e-01	9.42973853e-01	-2.04078483e-01	5.73526168e-01	4.61809607e-01	2.45488879e-02	3.22712382e-22	2.45488879e-02	-2.45488879e-02
1130            	-3.97600928e-02	4.42917306e-01	-4.82677398e-01	7.40475763e-01	9.44738646e-01	-2.04262882e-01	5.74500764e-01	4.62797352e-01	2.48500580e-02	3.53990975e-22	2.48500580e-02	-2.48500580e-02
1140            	-3.94433447e-02	4.44584719e-01	-4.84028064e-01	7.42890227e-01	9.47041349e-01	-2.04151123e-01	5.75596236e-01	4.64306392e-01	2.46520904e-02	3.41863442e-22	2.46520904e-02	-2.46520904e-02
1150            	-3.95672269e-02	4.46100806e-01	-4.85668033e-01	7.45415071e-01	9.49920579e-01	-2.04505508e-01	5.77213044e-01	4.65884420e-01	2.47295168e-02	3.63418880e-22	2.47295168e-02	-2.47295168e-02
1160            	-3.96351799e-02	4.46799837e-01	-4.86435017e-01	7.46587883e-01	9.51396258e-01	-2.04808376e-01	5.78102317e-01	4.66617427e-01	2.47719874e-02	3.34797604e-22	2.47719874e-02	-2.47719874e-02
1170            	-3.98711844e-02	4.48957937e-01	-4.88829122e-01	7.50229647e-01	9.55286454e-01	-2.05056807e-01	5.80171630e-01	4.68893530e-01	2.49194903e-02	3.72340709e-22	2.49194903e-02	-2.49194903e-02
1180            	-4.05071910e-02	4.49346903e-01	-4.89854094e-01	7.51360797e-01	9.56535385e-01	-2.05174588e-01	5.80854987e-01	4.69600498e-01	2.53169944e-02	3.83211435e-22	2.53169944e-02	-2.53169944e-02
1190            	-4.04223228e-02	4.49791695e-01	-4.90214018e-01	7.52004570e-01	9.57230721e-01	-2.05226151e-01	5.81228436e-01	4.70002856e-01	2.52639518e-02	3.64390592e-22	2.52639518e-02	-2.52639518e-02
1200            	-4.04877715e-02	4.52822791e-01	-4.93310563e-01	7.56906684e-01	9.62873869e-01	-2.05967186e-01	5.84420527e-01	4.73066677e-01	2.53048572e-02	3.74448352e-22	2.53048572e-02	-2.53048572e-02
1210            	-4.12369332e-02	4.51762193e-01	-4.92999126e-01	7.55809055e-01	9.61247640e-01	-2.05438585e-01	5.83343112e-01	4.72380659e-01	2.57730832e-02	4.03244905e-22	2.57730832e-02	-2.57730832e-02
1220            	-4.04096943e-02	4.52023987e-01	-4.92433681e-01	7.55566135e-01	9.60725740e-01	-2.05159605e-01	5.82942673e-01	4.72228834e-01	2.52560590e-02	3.74593758e-22	2.52560590e-02	-2.52560590e-02
1230            	-4.07205246e-02	4.53962030e-01	-4.94682554e-01	7.58915667e-01	9.64579581e-01	-2.05663913e-01	5.85121747e-01	4.74322292e-01	2.54503279e-02	3.89830202e-22	2.54503279e-02	-2.54503279e-02
1240            	-4.08974390e-02	4.55308940e-01	-4.96206379e-01	7.61212255e-01	9.67329166e-01	-2.06116911e-01	5.86723039e-01	4.75757660e-01	2.55608994e-02	3.80574895e-22	2.55608994e-02	-2.55608994e-02
1250            	-4.13393263e-02	4.56531115e-01	-4.97870441e-01	7.63521245e-01	9.70260517e-01	-2.06739273e-01	5.88499895e-01	4.77200778e-01	2.58370790e-02	3.92384914e-22	2.58370790e-02	-2.58370790e-02
1260            	-4.13943734e-02	4.59055902e-01	-5.00450276e-01	7.67604942e-01	9.74948572e-01	-2.07343630e-01	5.91146101e-01	4.79753089e-01	2.58714834e-02	3.89822054e-22	2.58714834e-02	-2.58714834e-02
1270            	-4.09762047e-02	4.57565843e-01	-4.98542047e-01	7.64886312e-01	9.71348203e-01	-2.06461891e-01	5.88905047e-01	4.78053945e-01	2.56101279e-02	3.84291517e-22	2.56101279e-02	-2.56101279e-02
1280            	-4.18872749e-02	4.58303492e-01	-5.00190767e-01	7.66795407e-01	9.73680475e-01	-2.06885068e-01	5.90282771e-01	4.79247129e-01	2.61795468e-02	4.03823019e-22	2.61795468e-02	-2.61795468e-02
1290            	-4.20388993e-02	4.60640005e-01	-5.02678904e-01	7.70655127e-01	9.78083331e-01	-2.07428204e-01	5.92755767e-01	4.81659454e-01	2.62743121e-02	4.30986366e-22	2.62743121e-02	-2.62743121e-02
1300            	-4.07621110e-02	4.59590868e-01	-5.00352979e-01	7.67955077e-01	9.74422636e-01	-2.06467559e-01	5.90445097e-01	4.79971923e-01	2.54763194e-02	3.59179319e-22	2.54763194e-02	-2.54763194e-02
1310            	-4.22542216e-02	4.61252104e-01	-5.03506325e-01	7.71806743e-01	9.79454904e-01	-2.07648161e-01	5.93551532e-01	4.82379214e-01	2.64088885e-02	4.37115724e-22	2.64088885e-02	-2.64088885e-02
1320            	-4.29585946e-02	4.60982627e-01	-5.03941222e-01	7.71939080e-01	9.79347446e-01	-2.07408367e-01	5.93377906e-01	4.82461925e-01	2.68491216e-02	4.47924131e-22	2.68491216e-02	-2.68491216e-02
1330            	-4.17824712e-02	4.62140029e-01	-5.03922500e-01	7.72850023e-01	9.80156942e-01	-2.07306919e-01	5.93731930e-01	4.83031265e-01	2.61140445e-02	3.95941596e-22	2.61140445e-02	-2.61140445e-02
1340            	-4.23343793e-02	4.63552600e-01	-5.05886979e-01	7.75551663e-01	9.83472225e-01	-2.07920561e-01	5.95696393e-01	4.84719790e-01	2.64589870e-02	4.46395385e-22	2.64589870e-02	-2.64589870e-02
1350            	-4.21359357e-02	4.64748968e-01	-5.06884904e-01	7.77307097e-01	9.85875317e-01	-2.08568220e-01	5.97221769e-01	4.85816936e-01	2.63349598e-02	3.84177654e-22	2.63349598e-02	-2.63349598e-02
1360            	-4.26331202e-02	4.64194338e-01	-5.06827459e-01	7.76817438e-01	9.85004209e-01	-2.08186771e-01	5.96595490e-01	4.85510898e-01	2.66457001e-02	4.28441697e-22	2.66457001e-02	-2.66457001e-02
1370            	-4.26709388e-02	4.64393772e-01	-5.07064711e-01	7.77166786e-01	9.85297070e-01	-2.08130284e-01	5.96713677e-01	4.85729241e-01	2.66693367e-02	4.29402812e-22	2.66693367e-02	-2.66693367e-02
1380            	-4.25194176e-02	4.66003071e-01	-5.08522488e-01	7.79620447e-01	9.88207705e-01	-2.08587258e-01	5.98397481e-01	4.87262779e-01	2.65746360e-02	4.28347311e-22	2.65746360e-02	-2.65746360e-02
1390            	-4.29705244e-02	4.64501880e-01	-5.07472405e-01	7.77579428e-01	9.85627394e-01	-2.08047966e-01	5.96837680e-01	4.85987143e-01	2.68565777e-02	4.53243421e-22	2.68565777e-02	-2.68565777e-02
1400            	-4.34255106e-02	4.66171838e-01	-5.09597349e-01	7.80615349e-01	9.89463492e-01	-2.08848143e-01	5.99155817e-01	4.87884593e-01	2.71409441e-02	4.37973081e-22	2.71409441e-02	-2.71409441e-02
1410            	-4.30090198e-02	4.66830500e-01	-5.09839520e-01	7.81336017e-01	9.90043460e-01	-2.08707444e-01	5.99375452e-01	4.88335010e-01	2.68806374e-02	4.39892017e-22	2.68806374e-02	-2.68806374e-02
1420            	-4.29205905e-02	4.66204941e-01	-5.09125531e-01	7.80264377e-01	9.88754491e-01	-2.08490114e-01	5.98622302e-01	4.87665236e-01	2.68253691e-02	4.55046794e-22	2.68253691e-02	-2.68253691e-02
1430            	-4.34793328e-02	4.67665838e-01	-5.11145170e-01	7.83048806e-01	9.92244282e-01	-2.09195475e-01	6.00719879e-01	4.89405504e-01	2.71745830e-02	4.69380292e-22	2.71745830e-02	-2.71745830e-02
1440            	-4.32933364e-02	4.67367094e-01	-5.10660430e-01	7.82422019e-01	9.91351416e-01	-2.08929397e-01	6.00140407e-01	4.89013762e-01	2.70583353e-02	4.38587547e-22	2.70583353e-02	-2.70583353e-02
1450            	-4.37419089e-02	4.68463461e-01	-5.12205370e-01	7.84535065e-01	9.93824173e-01	-2.09289108e-01	6.01556641e-01	4.90334416e-01	2.73386931e-02	4.48753273e-22	2.73386931e-02	-2.73386931e-02
1460            	-4.36277385e-02	4.68708029e-01	-5.12335767e-01	7.84835037e-01	9.94297935e-01	-2.09462898e-01	6.01880416e-01	4.90521898e-01	2.72673366e-02	4.93361775e-22	2.72673366e-02	-2.72673366e-02
1470            	-4.31913167e-02	4.68482409e-01	-5.11673725e-01	7.84124907e-01	9.93099100e-01	-2.08974192e-01	6.01036646e-01	4.90078067e-01	2.69945730e-02	4.29862382e-22	2.69945730e-02	-2.69945730e-02
1480            	-4.37698668e-02	4.68295048e-01	-5.12064915e-01	7.84287971e-01	9.93398765e-01	-2.09110794e-01	6.01254780e-01	4.90179982e-01	2.73561668e-02	4.55475229e-22	2.73561668e-02	-2.73561668e-02
1490            	-4.39326581e-02	4.70491562e-01	-5.14424220e-01	7.87932626e-01	9.98045379e-01	-2.10112753e-01	6.04079066e-01	4.92457891e-01	2.74579113e-02	4.61761067e-22	2.74579113e-02	-2.74579113e-02
1500            	-4.37732702e-02	4.68924827e-01	-5.12698097e-01	7.85298340e-01	9.94433291e-01	-2.09134951e-01	6.01784121e-01	4.90811462e-01	2.73582939e-02	4.52682324e-22	2.73582939e-02	-2.73582939e-02
1510            	-4.36325606e-02	4.69801142e-01	-5.13433703e-01	7.86587876e-01	9.96168555e-01	-2.09580679e-01	6.02874617e-01	4.91617422e-01	2.72703504e-02	4.56497339e-22	2.72703504e-02	-2.72703504e-02
1520            	-4.37437273e-02	4.69605035e-01	-5.13348763e-01	7.86363038e-01	9.95607809e-01	-2.09244771e-01	6.02426290e-01	4.91476899e-01	2.73398296e-02	4.58641518e-22	2.73398296e-02	-2.73398296e-02
1530            	-4.38501409e-02	4.70637619e-01	-5.14487760e-01	7.88100304e-01	9.98179732e-01	-2.10079428e-01	6.04129580e-01	4.92562690e-01	2.74063381e-02	4.87745829e-22	2.74063381e-02	-2.74063381e-02
1540            	-4.36438688e-02	4.70857253e-01	-5.14501122e-01	7.88286700e-01	9.98197723e-01	-2.09911023e-01	6.04054373e-01	4.92679188e-01	2.72774180e-02	4.09628604e-22	2.72774180e-02	-2.72774180e-02
1550            	-4.42543097e-02	4.70449536e-01	-5.14703845e-01	7.88122705e-01	9.98026061e-01	-2.09903356e-01	6.03964709e-01	4.92576691e-01	2.76589436e-02	4.93270754e-22	2.76589436e-02	-2.76589436e-02
1560            	-4.42308025e-02	4.71485330e-01	-5.15716133e-01	7.89761170e-01	1.00011716e+00	-2.10355986e-01	6.05236571e-01	4.93600731e-01	2.76442515e-02	4.37912169e-22	2.76442515e-02	-2.76442515e-02
1570            	-4.42293526e-02	4.70755327e-01	-5.14984679e-01	7.88592005e-01	9.98439690e-01	-2.09847685e-01	6.04143688e-01	4.92870003e-01	2.76433453e-02	5.00156183e-22	2.76433453e-02	-2.76433453e-02
1580            	-4.40467969e-02	4.71533003e-01	-5.15579800e-01	7.89690242e-01	9.99908323e-01	-2.10218081e-01	6.05063202e-01	4.93556401e-01	2.75292481e-02	4.68356304e-22	2.75292481e-02	-2.75292481e-02
1590            	-4.40298861e-02	4.72530622e-01	-5.16560508e-01	7.91272904e-01	1.00166312e+00	-2.10390221e-01	6.06026673e-01	4.94545565e-01	2.75186788e-02	4.78553979e-22	2.75186788e-02	-2.75186788e-02
1600            	-4.41443586e-02	4.71249404e-01	-5.15393763e-01	7.89314534e-01	9.99343914e-01	-2.10029380e-01	6.04686647e-01	4.93321584e-01	2.75902241e-02	4.76172495e-22	2.75902241e-02	-2.75902241e-02
1610            	-4.42274212e-02	4.73002482e-01	-5.17229903e-01	7.92185908e-01	1.00296882e+00	-2.10782912e-01	6.06875866e-01	4.95116193e-01	2.76421382e-02	4.62411248e-22	2.76421382e-02	-2.76421382e-02
1620            	-4.47213443e-02	4.71204179e-01	-5.15925523e-01	7.89703761e-01	9.99787106e-01	-2.10083345e-01	6.04935225e-01	4.93564851e-01	2.79508402e-02	5.01722265e-22	2.79508402e-02	-2.79508402e-02
1630            	-4.42292466e-02	4.72610035e-01	-5.16839281e-01	7.91559453e-01	1.00192435e+00	-2.10364893e-01	6.06144620e-01	4.94724658e-01	2.76432791e-02	4.50182938e-22	2.76432791e-02	-2.76432791e-02
1640            	-4.45830059e-02	4.71947869e-01	-5.16530875e-01	7.90782995e-01	1.00099622e+00	-2.10213230e-01	6.05604727e-01	4.94239372e-01	2.78643787e-02	5.00826066e-22	2.78643787e-02	-2.78643787e-02
1650            	-4.40489459e-02	4.72408003e-01	-5.16456948e-01	7.91091961e-01	1.00158235e+00	-2.10490389e-01	6.06036370e-01	4.94432475e-01	2.75305912e-02	4.68184235e-22	2.75305912e-02	-2.75305912e-02
1660            	-4.40096094e-02	4.72608051e-01	-5.16617660e-01	7.91380569e-01	1.00175328e+00	-2.10372715e-01	6.06062999e-01	4.94612856e-01	2.75060059e-02	4.73905860e-22	2.75060059e-02	-2.75060059e-02
1670            	-4.43781719e-02	4.73277698e-01	-5.17655870e-01	7.92746854e-01	1.00351346e+00	-2.10766604e-01	6.07140032e-01	4.95466784e-01	2.77363574e-02	4.75840667e-22	2.77363574e-02	-2.77363574e-02
1680            	-4.40215219e-02	4.71848911e-01	-5.15870433e-01	7.90175475e-01	1.00010949e+00	-2.09934019e-01	6.05021757e-01	4.93859672e-01	2.75134512e-02	4.60454172e-22	2.75134512e-02	-2.75134512e-02
1690            	-4.45914987e-02	4.72798253e-01	-5.17389752e-01	7.92150404e-01	1.00251097e+00	-2.10360565e-01	6.06435767e-01	4.95094003e-01	2.78696867e-02	5.14273493e-22	2.78696867e-02	-2.78696867e-02
1700            	-4.44013329e-02	4.71851171e-01	-5.16252503e-01	7.90482939e-01	1.00061311e+00	-2.10130175e-01	6.05371644e-01	4.94051837e-01	2.77508330e-02	4.91077732e-22	2.77508330e-02	-2.77508330e-02
1710            	-4.44429582e-02	4.74738910e-01	-5.19181868e-01	7.95136622e-01	1.00639339e+00	-2.11256765e-01	6.08825076e-01	4.96960389e-01	2.77768489e-02	5.00181021e-22	2.77768489e-02	-2.77768489e-02
1720            	-4.42723217e-02	4.72303109e-01	-5.16575430e-01	7.91102831e-01	1.00141620e+00	-2.10313371e-01	6.05864787e-01	4.94439270e-01	2.76702011e-02	4.83096173e-22	2.76702011e-02	-2.76702011e-02
1730            	-4.39344900e-02	4.73574598e-01	-5.17509088e-01	7.92866948e-01	1.00330065e+00	-2.10433699e-01	6.06867173e-01	4.95541843e-01	2.74590563e-02	4.66097229e-22	2.74590563e-02	-2.74590563e-02
1740            	-4.47354229e-02	4.72949018e-01	-5.17684441e-01	7.92506768e-01	1.00321286e+00	-2.10706094e-01	6.06959478e-01	4.95316730e-01	2.79596393e-02	4.77753143e-22	2.79596393e-02	-2.79596393e-02
1750            	-4.41985370e-02	4.73502495e-01	-5.17701032e-01	7.92962822e-01	1.00354618e+00	-2.10583359e-01	6.07064770e-01	4.95601764e-01	2.76240856e-02	4.51033304e-22	2.76240856e-02	-2.76240856e-02
1760            	-4.47257898e-02	4.73717565e-01	-5.18443355e-01	7.93728736e-01	1.00456796e+00	-2.10839224e-01	6.07703592e-01	4.96080460e-01	2.79536186e-02	5.02431096e-22	2.79536186e-02	-2.79536186e-02
1770            	-4.46513125e-02	4.73995876e-01	-5.18647188e-01	7.94114451e-01	1.00521903e+00	-2.11104581e-01	6.08161807e-01	4.96321532e-01	2.79070703e-02	5.00745476e-22	2.79070703e-02	-2.79070703e-02
1780            	-4.43044055e-02	4.73868631e-01	-5.18173036e-01	7.93633334e-01	1.00432021e+00	-2.10686876e-01	6.07503543e-01	4.96020834e-01	2.76902535e-02	4.73929953e-22	2.76902535e-02	-2.76902535e-02
1790            	-4.49494428e-02	4.73634067e-01	-5.18583509e-01	7.93774061e-01	1.00471625e+00	-2.10942185e-01	6.07829216e-01	4.96108788e-01	2.80934018e-02	4.87627736e-22	2.80934018e-02	-2.80934018e-02
1800            	-4.42127492e-02	4.73765285e-01	-5.17978034e-01	7.93394655e-01	1.00383807e+00	-2.10443414e-01	6.07140741e-01	4.95871659e-01	2.76329683e-02	5.06975697e-22	2.76329683e-02	-2.76329683e-02
1810            	-4.51548194e-02	4.75204898e-01	-5.20359717e-01	7.96451692e-01	1.00802418e+00	-2.11572491e-01	6.09798337e-01	4.97782307e-01	2.82217621e-02	4.90576561e-22	2.82217621e-02	-2.82217621e-02
1820            	-4.43380200e-02	4.74540907e-01	-5.18878927e-01	7.94735867e-01	1.00554401e+00	-2.10808141e-01	6.08176074e-01	4.96709917e-01	2.77112625e-02	4.88062476e-22	2.77112625e-02	-2.77112625e-02
1830            	-4.44471711e-02	4.74315739e-01	-5.18762910e-01	7.94462920e-01	1.00531716e+00	-2.10854244e-01	6.08085704e-01	4.96539325e-01	2.77794820e-02	4.95612590e-22	2.77794820e-02	-2.77794820e-02
1840            	-4.46857806e-02	4.74170269e-01	-5.18856050e-01	7.94421055e-01	1.00511399e+00	-2.10692939e-01	6.07903466e-01	4.96513160e-01	2.79286129e-02	5.01335219e-22	2.79286129e-02	-2.79286129e-02
1850            	-4.41461926e-02	4.74206037e-01	-5.18352229e-01	7.94046613e-01	1.00442617e+00	-2.10379553e-01	6.07402859e-01	4.96279133e-01	2.75913704e-02	4.78354555e-22	2.75913704e-02	-2.75913704e-02
1860            	-4.49847464e-02	4.74820998e-01	-5.19805744e-01	7.95701394e-01	1.00678018e+00	-2.11078789e-01	6.08929486e-01	4.97313371e-01	2.81154665e-02	5.07408399e-22	2.81154665e-02	-2.81154665e-02
1870            	-4.46540870e-02	4.74266117e-01	-5.18920204e-01	7.94549057e-01	1.00512539e+00	-2.10576331e-01	6.07850860e-01	4.96593161e-01	2.79088044e-02	4.78474293e-22	2.79088044e-02	-2.79088044e-02
1880            	-4.45869930e-02	4.75546632e-01	-5.20133625e-01	7.96544205e-01	1.00761143e+00	-2.11067227e-01	6.09339329e-01	4.97840128e-01	2.78668706e-02	4.81228776e-22	2.78668706e-02	-2.78668706e-02
1890            	-4.41784076e-02	4.75175715e-01	-5.19354123e-01	7.95623870e-01	1.00660825e+00	-2.10984380e-01	6.08796315e-01	4.97264919e-01	2.76115048e-02	5.04102868e-22	2.76115048e-02	-2.76115048e-02
1900            	-4.45399912e-02	4.75499445e-01	-5.20039436e-01	7.96431105e-01	1.00773628e+00	-2.11305172e-01	6.09520724e-01	4.97769440e-01	2.78374945e-02	4.64510835e-22	2.78374945e-02	-2.78374945e-02
1910            	-4.48124704e-02	4.74905485e-01	-5.19717956e-01	7.95698753e-01	1.00666846e+00	-2.10969705e-01	6.08819081e-01	4.97311720e-01	2.80077940e-02	5.05949710e-22	2.80077940e-02	-2.80077940e-02
1920            	-4.46667490e-02	4.74515984e-01	-5.19182733e-01	7.94958973e-01	1.00549930e+00	-2.10540328e-01	6.08019814e-01	4.96849358e-01	2.79167181e-02	4.93748002e-22	2.79167181e-02	-2.79167181e-02
1930            	-4.50896475e-02	4.74878686e-01	-5.19968333e-01	7.95877615e-01	1.00701121e+00	-2.11133598e-01	6.09072406e-01	4.97423510e-01	2.81810297e-02	5.16164186e-22	2.81810297e-02	-2.81810297e-02
1940            	-4.45735276e-02	4.75566812e-01	-5.20140339e-01	7.96565721e-01	1.00763171e+00	-2.11065992e-01	6.09348853e-01	4.97853576e-01	2.78584547e-02	5.15652220e-22	2.78584547e-02	-2.78584547e-02
1950            	-4.44763912e-02	4.75456763e-01	-5.19933154e-01	7.96311933e-01	1.00756726e+00	-2.11255332e-01	6.09411298e-01	4.97694958e-01	2.77977445e-02	4.59513635e-22	2.77977445e-02	-2.77977445e-02
1960            	-4.46400299e-02	4.75620643e-01	-5.20260673e-01	7.96705053e-01	1.00781294e+00	-2.11107890e-01	6.09460416e-01	4.97940658e-01	2.79000187e-02	5.06937973e-22	2.79000187e-02	-2.79000187e-02
1970            	-4.45575774e-02	4.75276649e-01	-5.19834227e-01	7.96088701e-01	1.00702355e+00	-2.10934849e-01	6.08979200e-01	4.97555438e-01	2.78484859e-02	4.69750378e-22	2.78484859e-02	-2.78484859e-02
1980            	-4.50274606e-02	4.74971031e-01	-5.19998491e-01	7.95975618e-01	1.00710884e+00	-2.11133220e-01	6.09121029e-01	4.97484761e-01	2.81421629e-02	4.88549476e-22	2.81421629e-02	-2.81421629e-02
1990            	-4.49008406e-02	4.75456950e-01	-5.20357791e-01	7.96651793e-01	1.00771830e+00	-2.11066506e-01	6.09392402e-01	4.97907370e-01	2.80630254e-02	5.23541600e-22	2.80630254e-02	-2.80630254e-02
2000            	-4.46218385e-02	4.75248425e-01	-5.19870264e-01	7.96094951e-01	1.00704198e+00	-2.10947033e-01	6.08994509e-01	4.97559345e-01	2.78886491e-02	4.73578387e-22	2.78886491e-02	-2.78886491e-02
2010            	-4.43325764e-02	4.74898767e-01	-5.19231343e-01	7.95304088e-01	1.00622648e+00	-2.10922392e-01	6.08574436e-01	4.97065055e-01	2.77078602e-02	4.93131310e-22	2.77078602e-02	-2.77078602e-02
2020            	-4.46896646e-02	4.75194401e-01	-5.19884066e-01	7.96062774e-01	1.00706718e+00	-2.11004405e-01	6.09035792e-01	4.97539234e-01	2.79310404e-02	5.00516984e-22	2.79310404e-02	-2.79310404e-02
2030            	-4.52085728e-02	4.74968309e-01	-5.20176882e-01	7.96116153e-01	1.00736486e+00	-2.11248706e-01	6.09306783e-01	4.97572596e-01	2.82553580e-02	5.14657874e-22	2.82553580e-02	-2.82553580e-02
2040            	-4.43120030e-02	4.75026561e-01	-5.19338564e-01	7.95492100e-01	1.00643083e+00	-2.10938730e-01	6.08684780e-01	4.97182563e-01	2.76950019e-02	4.72873754e-22	2.76950019e-02	-2.76950019e-02
2050            	-4.50770952e-02	4.77138299e-01	-5.22215394e-01	7.99482955e-01	1.01165148e+00	-2.12168522e-01	6.11909999e-01	4.99676847e-01	2.81731845e-02	5.11201441e-22	2.81731845e-02	-2.81731845e-02
2060            	-4.45919782e-02	4.74768218e-01	-5.19360196e-01	7.95302731e-01	1.00617688e+00	-2.10874145e-01	6.08525511e-01	4.97064207e-01	2.78699864e-02	4.87683979e-22	2.78699864e-02	-2.78699864e-02
2070            	-4.49716644e-02	4.75517292e-01	-5.20488957e-01	7.96804999e-01	1.00806819e+00	-2.11263194e-01	6.09665694e-01	4.98003124e-01	2.81072903e-02	4.92362478e-22	2.81072903e-02	-2.81072903e-02
2080            	-4.50823693e-02	4.75769995e-01	-5.20852364e-01	7.97297887e-01	1.00860072e+00	-2.11302837e-01	6.09951781e-01	4.98311180e-01	2.81764808e-02	5.08949908e-22	2.81764808e-02	-2.81764808e-02
2090            	-4.46058132e-02	4.74883354e-01	-5.19489168e-01	7.95498018e-01	1.00634035e+00	-2.10842329e-01	6.08591338e-01	4.97186261e-01	2.78786332e-02	4.99036721e-22	2.78786332e-02	-2.78786332e-02
2100            	-4.48519704e-02	4.76030898e-01	-5.20882869e-01	7.97531014e-01	1.00888410e+00	-2.11353090e-01	6.10118597e-01	4.98456884e-01	2.80324815e-02	4.97830155e-22	2.80324815e-02	-2.80324815e-02
2110            	-4.45043502e-02	4.75561802e-01	-5.20066152e-01	7.96502364e-01	1.00754041e+00	-2.11038043e-01	6.09289225e-01	4.97813977e-01	2.78152189e-02	4.99397322e-22	2.78152189e-02	-2.78152189e-02
2120            	-4.45563219e-02	4.75052758e-01	-5.19609079e-01	7.95729470e-01	1.00647657e+00	-2.10747097e-01	6.08611832e-01	4.97330919e-01	2.78477012e-02	4.69766952e-22	2.78477012e-02	-2.78477012e-02
2130            	-4.48872083e-02	4.75266841e-01	-5.20154049e-01	7.96336712e-01	1.00712299e+00	-2.10786277e-01	6.08954632e-01	4.97710445e-01	2.80545052e-02	5.10044053e-22	2.80545052e-02	-2.80545052e-02
2140            	-4.46063428e-02	4.75766497e-01	-5.20372840e-01	7.96911469e-01	1.00780000e+00	-2.10888527e-01	6.09344262e-01	4.98069668e-01	2.78789642e-02	5.00860737e-22	2.78789642e-02	-2.78789642e-02
2150            	-4.49223017e-02	4.75968417e-01	-5.20890719e-01	7.97487309e-01	1.00862950e+00	-2.11142192e-01	6.09885846e-01	4.98429568e-01	2.80764386e-02	5.08803924e-22	2.80764386e-02	-2.80764386e-02
2160            	-4.46555976e-02	4.75643404e-01	-5.20299001e-01	7.96753924e-01	1.00767697e+00	-2.10923041e-01	6.09300003e-01	4.97971203e-01	2.79097485e-02	4.85019196e-22	2.79097485e-02	-2.79097485e-02
2170            	-4.44169946e-02	4.76421463e-01	-5.20838458e-01	7.97807937e-01	1.00890913e+00	-2.11101191e-01	6.10005159e-01	4.98629960e-01	2.77606216e-02	4.75877428e-22	2.77606216e-02	-2.77606216e-02
2180            	-4.50641662e-02	4.74697320e-01	-5.19761486e-01	7.95567045e-01	1.00639734e+00	-2.10830299e-01	6.08613821e-01	4.97229403e-01	2.81651039e-02	5.20563857e-22	2.81651039e-02	-2.81651039e-02
2190            	-4.44482005e-02	4.75314998e-01	-5.19763199e-01	7.96062557e-01	1.00664342e+00	-2.10580860e-01	6.08612139e-01	4.97539098e-01	2.77801253e-02	4.88520204e-22	2.77801253e-02	-2.77801253e-02
2200            	-4.51510413e-02	4.76018391e-01	-5.21169432e-01	7.97750258e-01	1.00925800e+00	-2.11507741e-01	6.10382870e-01	4.98593911e-01	2.82194008e-02	5.14652319e-22	2.82194008e-02	-2.82194008e-02
2210            	-4.44062780e-02	4.75108684e-01	-5.19514962e-01	7.95698917e-01	1.00654708e+00	-2.10848161e-01	6.08697620e-01	4.97311823e-01	2.77539237e-02	4.95030285e-22	2.77539237e-02	-2.77539237e-02
2220            	-4.45303748e-02	4.74214760e-01	-5.18745134e-01	7.94367915e-01	1.00504671e+00	-2.10678796e-01	6.07862754e-01	4.96479947e-01	2.78314843e-02	4.81697538e-22	2.78314843e-02	-2.78314843e-02
2230            	-4.50182143e-02	4.75121566e-01	-5.20139781e-01	7.96209078e-01	1.00725881e+00	-2.11049729e-01	6.09154268e-01	4.97630673e-01	2.81363839e-02	4.98569352e-22	2.81363839e-02	-2.81363839e-02
2240            	-4.48106572e-02	4.74711017e-01	-5.19521674e-01	7.95386153e-01	1.00657928e+00	-2.11193127e-01	6.08886204e-01	4.97116346e-01	2.80066607e-02	4.97078578e-22	2.80066607e-02	-2.80066607e-02
2250            	-4.46939182e-02	4.74199382e-01	-5.18893300e-01	7.94474146e-01	1.00501959e+00	-2.10545449e-01	6.07782521e-01	4.96546341e-01	2.79336989e-02	4.90014573e-22	2.79336989e-02	-2.79336989e-02
2260            	-4.48783530e-02	4.75249000e-01	-5.20127353e-01	7.96301082e-01	1.00775830e+00	-2.11457218e-01	6.09607759e-01	4.97688176e-01	2.80489706e-02	5.18289372e-22	2.80489706e-02	-2.80489706e-02
2270            	-4.45857710e-02	4.75152812e-01	-5.19738583e-01	7.95913115e-01	1.00730566e+00	-2.11392540e-01	6.09349098e-01	4.97445697e-01	2.78661069e-02	4.78654603e-22	2.78661069e-02	-2.78661069e-02
2280            	-4.45931382e-02	4.75468389e-01	-5.20061527e-01	7.96423933e-01	1.00795824e+00	-2.11534309e-01	6.09746276e-01	4.97764958e-01	2.78707114e-02	5.16923136e-22	2.78707114e-02	-2.78707114e-02
2290            	-4.45154699e-02	4.74016609e-01	-5.18532079e-01	7.94038950e-01	1.00497394e+00	-2.10934992e-01	6.07954467e-01	4.96274344e-01	2.78221687e-02	4.51602435e-22	2.78221687e-02	-2.78221687e-02
2300            	-4.50242068e-02	4.73905748e-01	-5.18929955e-01	7.94268562e-01	1.00523373e+00	-2.10965169e-01	6.08099450e-01	4.96417851e-01	2.81401293e-02	5.25268281e-22	2.81401293e-02	-2.81401293e-02
2310            	-4.48002599e-02	4.74422926e-01	-5.19223186e-01	7.94916890e-01	1.00630868e+00	-2.11391789e-01	6.08850234e-01	4.96823056e-01	2.80001624e-02	4.77998875e-22	2.80001624e-02	-2.80001624e-02
2320            	-4.47067886e-02	4.73980018e-01	-5.18686806e-01	7.94133459e-01	1.00496404e+00	-2.10830578e-01	6.07897308e-01	4.96333412e-01	2.79417429e-02	5.21997125e-22	2.79417429e-02	-2.79417429e-02
2330            	-4.46187084e-02	4.73067089e-01	-5.17685797e-01	7.92602309e-01	1.00342070e+00	-2.10818393e-01	6.07119547e-01	4.95376443e-01	2.78866928e-02	4.99815601e-22	2.78866928e-02	-2.78866928e-02
2340            	-4.44606612e-02	4.73588228e-01	-5.18048890e-01	7.93309695e-01	1.00407070e+00	-2.10761007e-01	6.07415854e-01	4.95818559e-01	2.77879133e-02	4.91810749e-22	2.77879133e-02	-2.77879133e-02
2350            	-4.49032265e-02	4.74431480e-01	-5.19334706e-01	7.95012949e-01	1.00643179e+00	-2.11418843e-01	6.08925317e-01	4.96883093e-01	2.80645166e-02	5.15377150e-22	2.80645166e-02	-2.80645166e-02
2360            	-4.46850640e-02	4.73253496e-01	-5.17938560e-01	7.92953645e-01	1.00387024e+00	-2.10916595e-01	6.07393417e-01	4.95596028e-01	2.79281650e-02	4.67531751e-22	2.79281650e-02	-2.79281650e-02
2370            	-4.47474170e-02	4.74239410e-01	-5.18986827e-01	7.94580990e-01	1.00570597e+00	-2.11124982e-01	6.08415477e-01	4.96613119e-01	2.79671356e-02	5.14248710e-22	2.79671356e-02	-2.79671356e-02
2380            	-4.49221497e-02	4.73789507e-01	-5.18711656e-01	7.94000930e-01	1.00550832e+00	-2.11507389e-01	6.08507854e-01	4.96250582e-01	2.80763436e-02	4.97849953e-22	2.80763436e-02	-2.80763436e-02
2390            	-4.43792039e-02	4.73557629e-01	-5.17936833e-01	7.93195569e-01	1.00400636e+00	-2.10810794e-01	6.07408579e-01	4.95747231e-01	2.77370025e-02	4.88866433e-22	2.77370025e-02	-2.77370025e-02
2400            	-4.46584165e-02	4.74033387e-01	-5.18691804e-01	7.94180153e-01	1.00577052e+00	-2.11590366e-01	6.08680442e-01	4.96362595e-01	2.79115103e-02	5.09359297e-22	2.79115103e-02	-2.79115103e-02
2410            	-4.43464190e-02	4.72493457e-01	-5.16839876e-01	7.91466667e-01	1.00231089e+00	-2.10844220e-01	6.06577553e-01	4.94666667e-01	2.77165119e-02	4.50769483e-22	2.77165119e-02	-2.77165119e-02
2420            	-4.49540428e-02	4.73196508e-01	-5.18150551e-01	7.93077648e-01	1.00421377e+00	-2.11136123e-01	6.07674947e-01	4.95673530e-01	2.80962767e-02	5.16809005e-22	2.80962767e-02	-2.80962767e-02
2430            	-4.46541295e-02	4.72641354e-01	-5.17295484e-01	7.91949470e-01	1.00298154e+00	-2.11032068e-01	6.07006803e-01	4.94968419e-01	2.79088309e-02	4.82275183e-22	2.79088309e-02	-2.79088309e-02
2440            	-4.47435370e-02	4.72532843e-01	-5.17276380e-01	7.91847379e-01	1.00271577e+00	-2.10868396e-01	6.06792085e-01	4.94904612e-01	2.79647106e-02	4.87409950e-22	2.79647106e-02	-2.79647106e-02
2450            	-4.45591451e-02	4.72567115e-01	-5.17126260e-01	7.91754700e-01	1.00276400e+00	-2.11009300e-01	6.06886650e-01	4.94846687e-01	2.78494657e-02	5.12341116e-22	2.78494657e-02	-2.78494657e-02
2460            	-4.44145284e-02	4.72174526e-01	-5.16589055e-01	7.91010865e-01	1.00173836e+00	-2.10727498e-01	6.06232930e-01	4.94381790e-01	2.77590803e-02	4.91699886e-22	2.77590803e-02	-2.77590803e-02
2470            	-4.46139243e-02	4.73303306e-01	-5.17917230e-01	7.92976429e-01	1.00418039e+00	-2.11203959e-01	6.07692173e-01	4.95610268e-01	2.78837027e-02	5.00329605e-22	2.78837027e-02	-2.78837027e-02
2480            	-4.42649844e-02	4.72925817e-01	-5.17190801e-01	7.92093295e-01	1.00284929e+00	-2.10755997e-01	6.06802644e-01	4.95058309e-01	2.76656152e-02	4.38646994e-22	2.76656152e-02	-2.76656152e-02
2490            	-4.45912401e-02	4.72936165e-01	-5.17527405e-01	7.92370855e-01	1.00326946e+00	-2.10898603e-01	6.07084031e-01	4.95231785e-01	2.78695251e-02	5.12354603e-22	2.78695251e-02	-2.78695251e-02
2500            	-4.44113991e-02	4.73157070e-01	-5.17568469e-01	7.92580432e-01	1.00338882e+00	-2.10808384e-01	6.07098599e-01	4.95362770e-01	2.77571245e-02	4.75278857e-22	2.77571245e-02	-2.77571245e-02
2510            	-4.45014068e-02	4.73222770e-01	-5.17724177e-01	7.92757558e-01	1.00373849e+00	-2.10980937e-01	6.07359716e-01	4.95473473e-01	2.78133793e-02	4.95480810e-22	2.78133793e-02	-2.78133793e-02
2520            	-4.39188331e-02	4.73103265e-01	-5.17022098e-01	7.92100290e-01	1.00276209e+00	-2.10661800e-01	6.06711945e-01	4.95062681e-01	2.74492707e-02	4.50909306e-22	2.74492707e-02	-2.74492707e-02
2530            	-4.41735302e-02	4.72425509e-01	-5.16599039e-01	7.91219638e-01	1.00157943e+00	-2.10359788e-01	6.05969607e-01	4.94512274e-01	2.76084564e-02	4.67640061e-22	2.76084564e-02	-2.76084564e-02
2540            	-4.48051983e-02	4.73255744e-01	-5.18060943e-01	7.93053350e-01	1.00417115e+00	-2.11117805e-01	6.07644480e-01	4.95658344e-01	2.80032489e-02	4.90535889e-22	2.80032489e-02	-2.80032489e-02
2550            	-4.40801294e-02	4.71982534e-01	-5.16062663e-01	7.90436158e-01	1.00076865e+00	-2.10332490e-01	6.05550569e-01	4.94022599e-01	2.75500809e-02	5.24823137e-22	2.75500809e-02	-2.75500809e-02
2560            	-4.42556327e-02	4.72419994e-01	-5.16675627e-01	7.91276497e-01	1.00200906e+00	-2.10732566e-01	6.06370815e-01	4.94547811e-01	2.76597705e-02	4.70365428e-22	2.76597705e-02	-2.76597705e-02
2570            	-4.48354529e-02	4.72045568e-01	-5.16881021e-01	7.91141271e-01	1.00195589e+00	-2.10814619e-01	6.06385254e-01	4.94463294e-01	2.80221580e-02	4.90141086e-22	2.80221580e-02	-2.80221580e-02
2580            	-4.43877015e-02	4.72522601e-01	-5.16910302e-01	7.91546322e-01	1.00246662e+00	-2.10920296e-01	6.06693457e-01	4.94716451e-01	2.77423135e-02	5.06003859e-22	2.77423135e-02	-2.77423135e-02
2590            	-4.46768098e-02	4.71787829e-01	-5.16464639e-01	7.90601974e-01	1.00138026e+00	-2.10778290e-01	6.06079277e-01	4.94126234e-01	2.79230062e-02	4.76225700e-22	2.79230062e-02	-2.79230062e-02
2600            	-4.44601189e-02	4.71476644e-01	-5.15936762e-01	7.89930725e-01	1.00032122e+00	-2.10390495e-01	6.05355858e-01	4.93706703e-01	2.77875743e-02	5.22211076e-22	2.77875743e-02	-2.77875743e-02
2610            	-4.48118833e-02	4.72260005e-01	-5.17071888e-01	7.91465514e-01	1.00266946e+00	-2.11203945e-01	6.06936702e-01	4.94665946e-01	2.80074271e-02	5.12588351e-22	2.80074271e-02	-2.80074271e-02
2620            	-4.40278416e-02	4.71379194e-01	-5.15407035e-01	7.89428983e-01	9.99623239e-01	-2.10194255e-01	6.04908747e-01	4.93393115e-01	2.75174010e-02	4.82529356e-22	2.75174010e-02	-2.75174010e-02
2630            	-4.43371100e-02	4.72582921e-01	-5.16920031e-01	7.91602362e-01	1.00256355e+00	-2.10961191e-01	6.06762372e-01	4.94751476e-01	2.77106937e-02	4.85539984e-22	2.77106937e-02	-2.77106937e-02
2640            	-4.45784076e-02	4.71688094e-01	-5.16266501e-01	7.90363676e-01	1.00103554e+00	-2.10671864e-01	6.05853702e-01	4.93977297e-01	2.78615047e-02	4.97553363e-22	2.78615047e-02	-2.78615047e-02
2650            	-4.45047973e-02	4.71626164e-01	-5.16130962e-01	7.90205701e-01	1.00071773e+00	-2.10512025e-01	6.05614875e-01	4.93878563e-01	2.78154983e-02	4.84665687e-22	2.78154983e-02	-2.78154983e-02
2660            	-4.47444377e-02	4.72200778e-01	-5.16945216e-01	7.91316795e-01	1.00223814e+00	-2.10921344e-01	6.06579742e-01	4.94572997e-01	2.79652736e-02	5.14815337e-22	2.79652736e-02	-2.79652736e-02
2670            	-4.42050977e-02	4.70981934e-01	-5.15187032e-01	7.88935173e-01	9.99332923e-01	-2.10397750e-01	6.04865337e-01	4.93084483e-01	2.76281861e-02	4.84820219e-22	2.76281861e-02	-2.76281861e-02
2680            	-4.46845824e-02	4.71747895e-01	-5.16432477e-01	7.90544297e-01	1.00124033e+00	-2.10696032e-01	6.05968181e-01	4.94090186e-01	2.79278640e-02	5.21916248e-22	2.79278640e-02	-2.79278640e-02
2690            	-4.43180966e-02	4.71347362e-01	-5.15665458e-01	7.89610256e-01	1.00037714e+00	-2.10766883e-01	6.05572011e-01	4.93506410e-01	2.76988104e-02	4.91564731e-22	2.76988104e-02	-2.76988104e-02
2700            	-4.37077463e-02	4.71724200e-01	-5.15431946e-01	7.89724917e-01	1.00027386e+00	-2.10548948e-01	6.05411406e-01	4.93578073e-01	2.73173414e-02	4.55313520e-22	2.73173414e-02	-2.73173414e-02
2710            	-4.46216670e-02	4.70500871e-01	-5.15122538e-01	7.88498728e-01	9.99104427e-01	-2.10605699e-01	6.04855063e-01	4.92811705e-01	2.78885419e-02	5.06612305e-22	2.78885419e-02	-2.78885419e-02
2720            	-4.44075989e-02	4.70139961e-01	-5.14547560e-01	7.87750017e-01	9.98178472e-01	-2.10428455e-01	6.04303463e-01	4.92343761e-01	2.77547493e-02	4.73173994e-22	2.77547493e-02	-2.77547493e-02
2730            	-4.46452990e-02	4.71617293e-01	-5.16262592e-01	7.90303909e-01	1.00137645e+00	-2.11072546e-01	6.06224500e-01	4.93939943e-01	2.79033119e-02	5.10743581e-22	2.79033119e-02	-2.79033119e-02
2740            	-4.42199887e-02	4.71539361e-01	-5.15759350e-01	7.89838969e-01	1.00101419e+00	-2.11175223e-01	6.06094707e-01	4.93649355e-01	2.76374929e-02	4.75725070e-22	2.76374929e-02	-2.76374929e-02
2750            	-4.40337445e-02	4.70905206e-01	-5.14938951e-01	7.88675325e-01	9.99074476e-01	-2.10399151e-01	6.04736813e-01	4.92922078e-01	2.75210903e-02	4.66590754e-22	2.75210903e-02	-2.75210903e-02
2760            	-4.47278353e-02	4.71235944e-01	-5.15963780e-01	7.89759779e-01	1.00080552e+00	-2.11045740e-01	6.05925630e-01	4.93599862e-01	2.79548971e-02	4.79138377e-22	2.79548971e-02	-2.79548971e-02
2770            	-4.37998249e-02	4.70555002e-01	-5.14354827e-01	7.87927864e-01	9.97902364e-01	-2.09974500e-01	6.03938432e-01	4.92454915e-01	2.73748906e-02	4.80447320e-22	2.73748906e-02	-2.73748906e-02
2780            	-4.48384008e-02	4.71065104e-01	-5.15903505e-01	7.89574887e-01	1.00014760e+00	-2.10572710e-01	6.05360154e-01	4.93484304e-01	2.80240005e-02	5.05128576e-22	2.80240005e-02	-2.80240005e-02
2790            	-4.40607324e-02	4.72614746e-01	-5.16675479e-01	7.91432180e-01	1.00253542e+00	-2.11103239e-01	6.06819329e-01	4.94645112e-01	2.75379577e-02	4.85446051e-22	2.75379577e-02	-2.75379577e-02
2800            	-4.39720754e-02	4.71262346e-01	-5.15234422e-01	7.89197415e-01	9.99457396e-01	-2.10259981e-01	6.04858688e-01	4.93248384e-01	2.74825471e-02	4.74592993e-22	2.74825471e-02	-2.74825471e-02
2810            	-4.42520573e-02	4.71761957e-01	-5.16014015e-01	7.90220777e-01	1.00077773e+00	-2.10556952e-01	6.05667341e-01	4.93887986e-01	2.76575358e-02	4.92322455e-22	2.76575358e-02	-2.76575358e-02
2820            	-4.41207662e-02	4.70971244e-01	-5.15092010e-01	7.88850603e-01	9.99026659e-01	-2.10176056e-01	6.04601358e-01	4.93031627e-01	2.75754789e-02	4.77762060e-22	2.75754789e-02	-2.75754789e-02
2830            	-4.44485370e-02	4.71050901e-01	-5.15499438e-01	7.89240271e-01	9.99128612e-01	-2.09888341e-01	6.04508477e-01	4.93275170e-01	2.77803356e-02	4.92666593e-22	2.77803356e-02	-2.77803356e-02
2840            	-4.37124737e-02	4.71709131e-01	-5.15421604e-01	7.89704588e-01	1.00005754e+00	-2.10352948e-01	6.05205242e-01	4.93565367e-01	2.73202960e-02	4.84601693e-22	2.73202960e-02	-2.73202960e-02
2850            	-4.42327616e-02	4.72152852e-01	-5.16385614e-01	7.90830773e-01	1.00153238e+00	-2.10701608e-01	6.06116995e-01	4.94269233e-01	2.76454760e-02	4.67671430e-22	2.76454760e-02	-2.76454760e-02
2860            	-4.40105081e-02	4.71135667e-01	-5.15146175e-01	7.89025474e-01	9.99075306e-01	-2.10049832e-01	6.04562569e-01	4.93140921e-01	2.75065676e-02	4.61345404e-22	2.75065676e-02	-2.75065676e-02
2870            	-4.39093502e-02	4.71515494e-01	-5.15424844e-01	7.89552271e-01	9.99827553e-01	-2.10275282e-01	6.05051418e-01	4.93470169e-01	2.74433439e-02	4.66496761e-22	2.74433439e-02	-2.74433439e-02
2880            	-4.43883189e-02	4.72897686e-01	-5.17286004e-01	7.92146952e-01	1.00347935e+00	-2.11332399e-01	6.07405875e-01	4.95091845e-01	2.77426993e-02	5.10991631e-22	2.77426993e-02	-2.77426993e-02
2890            	-4.41563738e-02	4.71903434e-01	-5.16059808e-01	7.90370594e-01	1.00125339e+00	-2.10882794e-01	6.06068091e-01	4.93981621e-01	2.75977336e-02	5.21028368e-22	2.75977336e-02	-2.75977336e-02
2900            	-4.38112629e-02	4.69244775e-01	-5.13056038e-01	7.85840650e-01	9.95109653e-01	-2.09269002e-01	6.02189327e-01	4.91150407e-01	2.73820393e-02	4.32653172e-22	2.73820393e-02	-2.73820393e-02
2910            	-4.47120817e-02	4.71287301e-01	-5.15999383e-01	7.89829348e-01	1.00036568e+00	-2.10536331e-01	6.05451005e-01	4.93643342e-01	2.79450511e-02	5.32295551e-22	2.79450511e-02	-2.79450511e-02
2920            	-4.41771895e-02	4.70582909e-01	-5.14760098e-01	7.88274406e-01	9.98671646e-01	-2.10397241e-01	6.04534444e-01	4.92671503e-01	2.76107434e-02	4.90580281e-22	2.76107434e-02	-2.76107434e-02
2930            	-4.40460965e-02	4.70241212e-01	-5.14287309e-01	7.87622817e-01	9.97671928e-01	-2.10049111e-01	6.03860519e-01	4.92264260e-01	2.75288103e-02	4.92588917e-22	2.75288103e-02	-2.75288103e-02
2940            	-4.41268109e-02	4.70356266e-01	-5.14483077e-01	7.87871475e-01	9.98082484e-01	-2.10211009e-01	6.04146747e-01	4.92419672e-01	2.75792568e-02	4.67719726e-22	2.75792568e-02	-2.75792568e-02
2950            	-4.40060564e-02	4.70625967e-01	-5.14632024e-01	7.88206393e-01	9.98625345e-01	-2.10418953e-01	6.04522149e-01	4.92628995e-01	2.75037852e-02	4.51718866e-22	2.75037852e-02	-2.75037852e-02
2960            	-4.44506034e-02	4.70742786e-01	-5.15193389e-01	7.88748940e-01	9.99133288e-01	-2.10384348e-01	6.04758818e-01	4.92968087e-01	2.77816271e-02	4.77027009e-22	2.77816271e-02	-2.77816271e-02
2970            	-4.43108155e-02	4.70413503e-01	-5.14724318e-01	7.88110257e-01	9.98543885e-01	-2.10433628e-01	6.04488757e-01	4.92568910e-01	2.76942597e-02	4.78925024e-22	2.76942597e-02	-2.76942597e-02
2980            	-4.43831115e-02	4.70430238e-01	-5.14813349e-01	7.88194869e-01	9.98509139e-01	-2.10314270e-01	6.04411704e-01	4.92621793e-01	2.77394447e-02	5.05197789e-22	2.77394447e-02	-2.77394447e-02
2990            	-4.44133272e-02	4.70442450e-01	-5.14855777e-01	7.88238582e-01	9.98938175e-01	-2.10699594e-01	6.04818885e-01	4.92649114e-01	2.77583295e-02	5.22323770e-22	2.77583295e-02	-2.77583295e-02
3000            	-4.40131614e-02	4.71462906e-01	-5.15476068e-01	7.89551179e-01	1.00027353e+00	-2.10722346e-01	6.05497936e-01	4.93469487e-01	2.75082259e-02	4.27564914e-22	2.75082259e-02	-2.75082259e-02
3010            	-4.42610114e-02	4.70551329e-01	-5.14812340e-01	7.88290935e-01	9.98671824e-01	-2.10380889e-01	6.04526357e-01	4.92681835e-01	2.76631321e-02	4.92337527e-22	2.76631321e-02	-2.76631321e-02
3020            	-4.44963275e-02	4.69565364e-01	-5.14061692e-01	7.86901645e-01	9.97095177e-01	-2.10193532e-01	6.03644354e-01	4.91813528e-01	2.78102047e-02	5.15289046e-22	2.78102047e-02	-2.78102047e-02
3030            	-4.44094731e-02	4.70652101e-01	-5.15061574e-01	7.88570940e-01	9.99031823e-01	-2.10460883e-01	6.04746353e-01	4.92856837e-01	2.77559207e-02	4.81892229e-22	2.77559207e-02	-2.77559207e-02
3040            	-4.40039766e-02	4.70494986e-01	-5.14498962e-01	7.87995158e-01	9.98300799e-01	-2.10305640e-01	6.04303219e-01	4.92496974e-01	2.75024854e-02	4.92920378e-22	2.75024854e-02	-2.75024854e-02
3050            	-4.40356435e-02	4.70950877e-01	-5.14986521e-01	7.88749918e-01	9.99361805e-01	-2.10611886e-01	6.04986846e-01	4.92968699e-01	2.75222772e-02	4.78112579e-22	2.75222772e-02	-2.75222772e-02
3060            	-4.43896313e-02	4.70513867e-01	-5.14903498e-01	7.88333892e-01	9.98710885e-01	-2.10376992e-01	6.04543938e-01	4.92708683e-01	2.77435196e-02	4.78616006e-22	2.77435196e-02	-2.77435196e-02
3070            	-4.40754474e-02	4.70575810e-01	-5.14651257e-01	7.88181654e-01	9.98565917e-01	-2.10384263e-01	6.04475090e-01	4.92613534e-01	2.75471546e-02	4.62922807e-22	2.75471546e-02	-2.75471546e-02
3080            	-4.48540456e-02	4.69755214e-01	-5.14609260e-01	7.87491579e-01	9.97912665e-01	-2.10421086e-01	6.04166876e-01	4.92182237e-01	2.80337785e-02	4.95496920e-22	2.80337785e-02	-2.80337785e-02
3090            	-4.40487387e-02	4.70116751e-01	-5.14165490e-01	7.87425792e-01	9.97558980e-01	-2.10133188e-01	6.03846084e-01	4.92141120e-01	2.75304617e-02	4.75565167e-22	2.75304617e-02	-2.75304617e-02
3100            	-4.42763685e-02	4.69957098e-01	-5.14233466e-01	7.87352451e-01	9.97397959e-01	-2.10045508e-01	6.03721734e-01	4.92095282e-01	2.76727303e-02	4.80768134e-22	2.76727303e-02	-2.76727303e-02
3110            	-4.41147465e-02	4.71083388e-01	-5.15198135e-01	7.89025218e-01	9.99841042e-01	-2.10815823e-01	6.05328432e-01	4.93140761e-01	2.75717166e-02	4.94097762e-22	2.75717166e-02	-2.75717166e-02
3120            	-4.40882313e-02	4.71094720e-01	-5.15182951e-01	7.89022137e-01	9.99719666e-01	-2.10697528e-01	6.05208597e-01	4.93138836e-01	2.75551445e-02	4.67432056e-22	2.75551445e-02	-2.75551445e-02
3130            	-4.43266852e-02	4.69562727e-01	-5.13889413e-01	7.86761712e-01	9.96947691e-01	-2.10185979e-01	6.03566835e-01	4.91726070e-01	2.77041782e-02	4.75210463e-22	2.77041782e-02	-2.77041782e-02
3140            	-4.42220383e-02	4.69403366e-01	-5.13625405e-01	7.86423017e-01	9.96401108e-01	-2.09978091e-01	6.03189600e-01	4.91514386e-01	2.76387740e-02	4.86821144e-22	2.76387740e-02	-2.76387740e-02
3150            	-4.40524655e-02	4.68688702e-01	-5.12741167e-01	7.85143895e-01	9.95002559e-01	-2.09858663e-01	6.02430611e-01	4.90714935e-01	2.75327909e-02	4.99065520e-22	2.75327909e-02	-2.75327909e-02
3160            	-4.43714727e-02	4.70649244e-01	-5.15020717e-01	7.88535969e-01	9.99418407e-01	-2.10882438e-01	6.05150423e-01	4.92834981e-01	2.77321704e-02	5.05588239e-22	2.77321704e-02	-2.77321704e-02
3170            	-4.40662224e-02	4.69605077e-01	-5.13671300e-01	7.86621101e-01	9.96820481e-01	-2.10199379e-01	6.03509930e-01	4.91638188e-01	2.75413890e-02	4.79843289e-22	2.75413890e-02	-2.75413890e-02
3180            	-4.43041492e-02	4.69138292e-01	-5.13442441e-01	7.86064587e-01	9.96133464e-01	-2.10068878e-01	6.03101171e-01	4.91290367e-01	2.76900932e-02	4.91948788e-22	2.76900932e-02	-2.76900932e-02
3190            	-4.40894061e-02	4.69536198e-01	-5.13625604e-01	7.86529441e-01	9.96715824e-01	-2.10186382e-01	6.03451103e-01	4.91580901e-01	2.75558788e-02	4.77353298e-22	2.75558788e-02	-2.75558788e-02
3200            	-4.43445442e-02	4.69414951e-01	-5.13759495e-01	7.86539557e-01	9.96943811e-01	-2.10404254e-01	6.03674033e-01	4.91587223e-01	2.77153401e-02	4.96853810e-22	2.77153401e-02	-2.77153401e-02
3210            	-4.44813608e-02	4.69548041e-01	-5.14029402e-01	7.86861954e-01	9.97423611e-01	-2.10561657e-01	6.03992634e-01	4.91788721e-01	2.78008505e-02	4.57789221e-22	2.78008505e-02	-2.78008505e-02
3220            	-4.40363539e-02	4.68777146e-01	-5.12813500e-01	7.85272517e-01	9.95138323e-01	-2.09865806e-01	6.02502064e-01	4.90795323e-01	2.75227212e-02	4.83210554e-22	2.75227212e-02	-2.75227212e-02
3230            	-4.44260644e-02	4.69892788e-01	-5.14318853e-01	7.87369313e-01	9.97958336e-01	-2.10589023e-01	6.04273680e-01	4.92105821e-01	2.77662903e-02	4.96130369e-22	2.77662903e-02	-2.77662903e-02
3240            	-4.43715515e-02	4.69757298e-01	-5.14128849e-01	7.87108918e-01	9.97778068e-01	-2.10669150e-01	6.04223609e-01	4.91943074e-01	2.77322197e-02	4.73935325e-22	2.77322197e-02	-2.77322197e-02
3250            	-4.44525125e-02	4.70065623e-01	-5.14518136e-01	7.87667007e-01	9.98413680e-01	-2.10746673e-01	6.04580177e-01	4.92291880e-01	2.77828203e-02	4.62424393e-22	2.77828203e-02	-2.77828203e-02
3260            	-4.40461341e-02	4.69392617e-01	-5.13438751e-01	7.86265095e-01	9.96260677e-01	-2.09995582e-01	6.03128130e-01	4.91415684e-01	2.75288338e-02	4.95706812e-22	2.75288338e-02	-2.75288338e-02
3270            	-4.44633199e-02	4.69553338e-01	-5.14016658e-01	7.86855997e-01	9.97352349e-01	-2.10496353e-01	6.03924351e-01	4.91784998e-01	2.77895749e-02	4.83796486e-22	2.77895749e-02	-2.77895749e-02
3280            	-4.39497789e-02	4.68901595e-01	-5.12851374e-01	7.85402375e-01	9.95136510e-01	-2.09734135e-01	6.02435323e-01	4.90876484e-01	2.74686118e-02	4.76901793e-22	2.74686118e-02	-2.74686118e-02
3290            	-4.42853397e-02	4.69775777e-01	-5.14061117e-01	7.87069515e-01	9.97480285e-01	-2.10410770e-01	6.03945528e-01	4.91918447e-01	2.76783373e-02	4.73304238e-22	2.76783373e-02	-2.76783373e-02
3300            	-4.43706843e-02	4.69742602e-01	-5.14113286e-01	7.87084710e-01	9.97506710e-01	-2.10421999e-01	6.03964355e-01	4.91927944e-01	2.77316777e-02	4.75586366e-22	2.77316777e-02	-2.77316777e-02
3310            	-4.40562874e-02	4.69724942e-01	-5.13781230e-01	7.86804938e-01	9.96908901e-01	-2.10103963e-01	6.03506432e-01	4.91753086e-01	2.75351797e-02	4.81156385e-22	2.75351797e-02	-2.75351797e-02
3320            	-4.42870411e-02	4.69536032e-01	-5.13823073e-01	7.86687284e-01	9.97025923e-01	-2.10338640e-01	6.03682281e-01	4.91679552e-01	2.76794007e-02	4.90580025e-22	2.76794007e-02	-2.76794007e-02
3330            	-4.42995549e-02	4.69763700e-01	-5.14063255e-01	7.87061565e-01	9.97374805e-01	-2.10313240e-01	6.03844022e-01	4.91913478e-01	2.76872218e-02	4.78307738e-22	2.76872218e-02	-2.76872218e-02
3340            	-4.39088276e-02	4.69470867e-01	-5.13379695e-01	7.86280450e-01	9.96097069e-01	-2.09816619e-01	6.02956844e-01	4.91425281e-01	2.74430173e-02	4.72502635e-22	2.74430173e-02	-2.74430173e-02
3350            	-4.42888775e-02	4.69696087e-01	-5.13984965e-01	7.86944841e-01	9.97196276e-01	-2.10251435e-01	6.03723855e-01	4.91840526e-01	2.76805484e-02	5.00777283e-22	2.76805484e-02	-2.76805484e-02
3360            	-4.40585381e-02	4.69264442e-01	-5.13322980e-01	7.86069937e-01	9.95919339e-01	-2.09849402e-01	6.02884370e-01	4.91293711e-01	2.75365863e-02	4.74534226e-22	2.75365863e-02	-2.75365863e-02
3370            	-4.44789061e-02	4.69459923e-01	-5.13938829e-01	7.86719002e-01	9.96983556e-01	-2.10264554e-01	6.03624055e-01	4.91699376e-01	2.77993163e-02	5.04682932e-22	2.77993163e-02	-2.77993163e-02
3380            	-4.38968558e-02	4.69769330e-01	-5.13666186e-01	7.86748413e-01	9.96722712e-01	-2.09974299e-01	6.03348505e-01	4.91717758e-01	2.74355349e-02	4.62964066e-22	2.74355349e-02	-2.74355349e-02
3390            	-4.42640843e-02	4.70534687e-01	-5.14798771e-01	7.88266766e-01	9.98775303e-01	-2.10508537e-01	6.04641920e-01	4.92666729e-01	2.76650527e-02	4.95895653e-22	2.76650527e-02	-2.76650527e-02
3400            	-4.40187487e-02	4.70034744e-01	-5.14053493e-01	7.87270589e-01	9.97341668e-01	-2.10071079e-01	6.03706373e-01	4.92044118e-01	2.75117179e-02	4.67319509e-22	2.75117179e-02	-2.75117179e-02
3410            	-4.44731238e-02	4.71017243e-01	-5.15490366e-01	7.89206087e-01	9.99868131e-01	-2.10662044e-01	6.05265088e-01	4.93253805e-01	2.77957024e-02	4.80648395e-22	2.77957024e-02	-2.77957024e-02
3420            	-4.42801153e-02	4.69386817e-01	-5.13666932e-01	7.86442999e-01	9.96274108e-01	-2.09831109e-01	6.03052608e-01	4.91526874e-01	2.76750721e-02	4.83078463e-22	2.76750721e-02	-2.76750721e-02
3430            	-4.41615097e-02	4.70282719e-01	-5.14444228e-01	7.87781558e-01	9.97895831e-01	-2.10114274e-01	6.04005053e-01	4.92363474e-01	2.76009436e-02	4.79400461e-22	2.76009436e-02	-2.76009436e-02
3440            	-4.43409786e-02	4.69688172e-01	-5.14029151e-01	7.86973858e-01	9.96989090e-01	-2.10015232e-01	6.03502161e-01	4.91858661e-01	2.77131116e-02	4.98070978e-22	2.77131116e-02	-2.77131116e-02
3450            	-4.42584939e-02	4.70030697e-01	-5.14289191e-01	7.87455910e-01	9.97448985e-01	-2.09993075e-01	6.03721030e-01	4.92159944e-01	2.76615587e-02	4.93096209e-22	2.76615587e-02	-2.76615587e-02
3460            	-4.42675718e-02	4.71144575e-01	-5.15412146e-01	7.89245377e-01	1.00000992e+00	-2.10764545e-01	6.05387233e-01	4.93278361e-01	2.76672324e-02	4.77779511e-22	2.76672324e-02	-2.76672324e-02
3470            	-4.41036517e-02	4.70524140e-01	-5.14627792e-01	7.88121545e-01	9.98311391e-01	-2.10189845e-01	6.04250618e-01	4.92575966e-01	2.75647823e-02	4.86519633e-22	2.75647823e-02	-2.75647823e-02
3480            	-4.42452840e-02	4.70156781e-01	-5.14402065e-01	7.87647077e-01	9.98026770e-01	-2.10379694e-01	6.04203232e-01	4.92279423e-01	2.76533025e-02	4.73161627e-22	2.76533025e-02	-2.76533025e-02
3490            	-4.44670433e-02	4.70082387e-01	-5.14549430e-01	7.87705454e-01	9.98087858e-01	-2.10382404e-01	6.04235131e-01	4.92315908e-01	2.77919020e-02	4.91803469e-22	2.77919020e-02	-2.77919020e-02
3500            	-4.42390202e-02	4.69389324e-01	-5.13628344e-01	7.86414134e-01	9.96662150e-01	-2.10248016e-01	6.03455083e-01	4.91508834e-01	2.76493876e-02	4.86509394e-22	2.76493876e-02	-2.76493876e-02
3510            	-4.45540217e-02	4.71092772e-01	-5.15646793e-01	7.89391652e-01	1.00062180e+00	-2.11230146e-01	6.05925972e-01	4.93369783e-01	2.78462636e-02	4.85301688e-22	2.78462636e-02	-2.78462636e-02
3520            	-4.43332037e-02	4.69840721e-01	-5.14173925e-01	7.87211717e-01	9.97753407e-01	-2.10541690e-01	6.04147548e-01	4.92007323e-01	2.77082523e-02	4.71329483e-22	2.77082523e-02	-2.77082523e-02
3530            	-4.44516361e-02	4.69868230e-01	-5.14319866e-01	7.87350476e-01	9.98130618e-01	-2.10780141e-01	6.04455379e-01	4.92094048e-01	2.77822726e-02	4.98006336e-22	2.77822726e-02	-2.77822726e-02
3540            	-4.40853617e-02	4.69303206e-01	-5.13388567e-01	7.86153418e-01	9.96536770e-01	-2.10383352e-01	6.03460061e-01	4.91345886e-01	2.75533510e-02	4.71433696e-22	2.75533510e-02	-2.75533510e-02
3550            	-4.44417262e-02	4.68219361e-01	-5.12661087e-01	7.84704359e-01	9.94725185e-01	-2.10020826e-01	6.02373005e-01	4.90440224e-01	2.77760789e-02	4.73951268e-22	2.77760789e-02	-2.77760789e-02
3560            	-4.45471870e-02	4.69686685e-01	-5.14233872e-01	7.87136446e-01	9.97942733e-01	-2.10806287e-01	6.04374510e-01	4.91960279e-01	2.78419919e-02	4.74188970e-22	2.78419919e-02	-2.78419919e-02
3570            	-4.42144098e-02	4.68734806e-01	-5.12949216e-01	7.85347218e-01	9.95360363e-01	-2.10013145e-01	6.02686754e-01	4.90842011e-01	2.76340061e-02	4.83060799e-22	2.76340061e-02	-2.76340061e-02
3580            	-4.42732197e-02	4.69083040e-01	-5.13356260e-01	7.85951440e-01	9.96236211e-01	-2.10284772e-01	6.03260492e-01	4.91219650e-01	2.76707623e-02	4.74586418e-22	2.76707623e-02	-2.76707623e-02
3590            	-4.45240924e-02	4.70749658e-01	-5.15273751e-01	7.88818727e-01	9.99751343e-01	-2.10932616e-01	6.05341979e-01	4.93011705e-01	2.78275578e-02	4.88173861e-22	2.78275578e-02	-2.78275578e-02
3600            	-4.40621547e-02	4.69830278e-01	-5.13892432e-01	7.86978168e-01	9.97000897e-01	-2.10022729e-01	6.03511813e-01	4.91861355e-01	2.75388467e-02	4.83637240e-22	2.75388467e-02	-2.75388467e-02
3610            	-4.44617993e-02	4.69896481e-01	-5.14358280e-01	7.87403809e-01	9.97934578e-01	-2.10530769e-01	6.04232674e-01	4.92127381e-01	2.77886246e-02	4.90262233e-22	2.77886246e-02	-2.77886246e-02
3620            	-4.42610828e-02	4.70938378e-01	-5.15199461e-01	7.88910271e-01	9.99474620e-01	-2.10564349e-01	6.05019485e-01	4.93068919e-01	2.76631767e-02	4.79776196e-22	2.76631767e-02	-2.76631767e-02
3630            	-4.43288345e-02	4.70101400e-01	-5.14430235e-01	7.87625308e-01	9.98061014e-01	-2.10435706e-01	6.04248360e-01	4.92265817e-01	2.77055216e-02	4.53433032e-22	2.77055216e-02	-2.77055216e-02
3640            	-4.41195664e-02	4.71031838e-01	-5.15151404e-01	7.88946593e-01	9.99315077e-01	-2.10368484e-01	6.04841780e-01	4.93091621e-01	2.75747290e-02	4.90975346e-22	2.75747290e-02	-2.75747290e-02
3650            	-4.44285744e-02	4.71135879e-01	-5.15564453e-01	7.89360266e-01	1.00028258e+00	-2.10922312e-01	6.05602444e-01	4.93350166e-01	2.77678590e-02	4.72989722e-22	2.77678590e-02	-2.77678590e-02
3660            	-4.42888044e-02	4.70475781e-01	-5.14764585e-01	7.88192293e-01	9.98615610e-01	-2.10423316e-01	6.04519463e-01	4.92620183e-01	2.76805028e-02	5.03539552e-22	2.76805028e-02	-2.76805028e-02
3670            	-4.40666826e-02	4.69850836e-01	-5.13917519e-01	7.87014684e-01	9.96901384e-01	-2.09886700e-01	6.03394042e-01	4.91884177e-01	2.75416766e-02	4.61042485e-22	2.75416766e-02	-2.75416766e-02
3680            	-4.40706843e-02	4.70423125e-01	-5.14493809e-01	7.87933548e-01	9.98316152e-01	-2.10382604e-01	6.04349378e-01	4.92458467e-01	2.75441777e-02	4.90444493e-22	2.75441777e-02	-2.75441777e-02
3690            	-4.45175178e-02	4.70729692e-01	-5.15247209e-01	7.88781521e-01	9.99314000e-01	-2.10532479e-01	6.04923239e-01	4.92988450e-01	2.78234486e-02	4.80051098e-22	2.78234486e-02	-2.78234486e-02
3700            	-4.40509417e-02	4.69866090e-01	-5.13917032e-01	7.87026498e-01	9.97117263e-01	-2.10090765e-01	6.03604014e-01	4.91891561e-01	2.75318386e-02	4.70852033e-22	2.75318386e-02	-2.75318386e-02
3710            	-4.43587183e-02	4.70738565e-01	-5.15097283e-01	7.88668678e-01	9.99032714e-01	-2.10364036e-01	6.04698375e-01	4.92917924e-01	2.77241989e-02	4.89217912e-22	2.77241989e-02	-2.77241989e-02
3720            	-4.43660906e-02	4.70923532e-01	-5.15289622e-01	7.88970523e-01	9.99729922e-01	-2.10759399e-01	6.05244661e-01	4.93106577e-01	2.77288066e-02	4.77724932e-22	2.77288066e-02	-2.77288066e-02
3730            	-4.43896310e-02	4.70575693e-01	-5.14965324e-01	7.88432814e-01	9.98640286e-01	-2.10207473e-01	6.04423880e-01	4.92770508e-01	2.77435194e-02	4.93968833e-22	2.77435194e-02	-2.77435194e-02
3740            	-4.42625272e-02	4.70431998e-01	-5.14694525e-01	7.88101219e-01	9.98351180e-01	-2.10249961e-01	6.04300570e-01	4.92563262e-01	2.76640795e-02	4.64332765e-22	2.76640795e-02	-2.76640795e-02
3750            	-4.42876154e-02	4.70130672e-01	-5.14418287e-01	7.87639167e-01	9.97799993e-01	-2.10160826e-01	6.03980410e-01	4.92274479e-01	2.76797596e-02	5.15884754e-22	2.76797596e-02	-2.76797596e-02
3760            	-4.43710075e-02	4.70852036e-01	-5.15223043e-01	7.88860063e-01	9.99395500e-01	-2.10535437e-01	6.04965468e-01	4.93037539e-01	2.77318797e-02	4.63829528e-22	2.77318797e-02	-2.77318797e-02
3770            	-4.41894991e-02	4.70521282e-01	-5.14710781e-01	7.88185650e-01	9.98622514e-01	-2.10436863e-01	6.04529688e-01	4.92616031e-01	2.76184369e-02	4.70378793e-22	2.76184369e-02	-2.76184369e-02
3780            	-4.40112948e-02	4.70172975e-01	-5.14184269e-01	7.87485795e-01	9.97440947e-01	-2.09955152e-01	6.03698050e-01	4.92178622e-01	2.75070592e-02	4.75817014e-22	2.75070592e-02	-2.75070592e-02
3790            	-4.44037790e-02	4.70515554e-01	-5.14919333e-01	7.88347909e-01	9.98717934e-01	-2.10370024e-01	6.04543979e-01	4.92717443e-01	2.77523619e-02	4.61209144e-22	2.77523619e-02	-2.77523619e-02
3800            	-4.43086729e-02	4.70831468e-01	-5.15140141e-01	7.88777287e-01	9.99091191e-01	-2.10313904e-01	6.04702547e-01	4.92985804e-01	2.76929206e-02	4.82109689e-22	2.76929206e-02	-2.76929206e-02
3810            	-4.43635775e-02	4.70440687e-01	-5.14804264e-01	7.88195961e-01	9.98606628e-01	-2.10410667e-01	6.04508648e-01	4.92622476e-01	2.77272359e-02	4.81001092e-22	2.77272359e-02	-2.77272359e-02
3820            	-4.45532917e-02	4.71853354e-01	-5.16406646e-01	7.90608000e-01	1.00145641e+00	-2.10848414e-01	6.06152414e-01	4.94130000e-01	2.78458073e-02	4.84973544e-22	2.78458073e-02	-2.78458073e-02
3830            	-4.41457558e-02	4.69943377e-01	-5.14089133e-01	7.87226008e-01	9.97109041e-01	-2.09883033e-01	6.03496037e-01	4.92016255e-01	2.75910974e-02	4.68806723e-22	2.75910974e-02	-2.75910974e-02
3840            	-4.42574021e-02	4.70488731e-01	-5.14746134e-01	7.88187892e-01	9.98231487e-01	-2.10043595e-01	6.04137541e-01	4.92617433e-01	2.76608763e-02	4.88580886e-22	2.76608763e-02	-2.76608763e-02
3850            	-4.44572898e-02	4.71262220e-01	-5.15719510e-01	7.89585384e-01	1.00016766e+00	-2.10582275e-01	6.05374967e-01	4.93490865e-01	2.77858061e-02	4.73381978e-22	2.77858061e-02	-2.77858061e-02
3860            	-4.39864165e-02	4.71056001e-01	-5.15042418e-01	7.88878735e-01	9.99060162e-01	-2.10181427e-01	6.04620795e-01	4.93049209e-01	2.74915103e-02	4.67628835e-22	2.74915103e-02	-2.74915103e-02
3870            	-4.46409948e-02	4.70906504e-01	-5.15547499e-01	7.89163202e-01	9.99764613e-01	-2.10601412e-01	6.05183013e-01	4.93227001e-01	2.79006217e-02	4.77322427e-22	2.79006217e-02	-2.79006217e-02
3880            	-4.39564375e-02	4.69844344e-01	-5.13800781e-01	7.86916100e-01	9.96599087e-01	-2.09682987e-01	6.03141037e-01	4.91822563e-01	2.74727734e-02	4.66779552e-22	2.74727734e-02	-2.74727734e-02
3890            	-4.44858336e-02	4.70157539e-01	-5.14643373e-01	7.87840729e-01	9.97982910e-01	-2.10142181e-01	6.04062546e-01	4.92400456e-01	2.78036460e-02	4.93504621e-22	2.78036460e-02	-2.78036460e-02
3900            	-4.43422963e-02	4.70876105e-01	-5.15218401e-01	7.88875605e-01	9.99287367e-01	-2.10411762e-01	6.04849564e-01	4.93047253e-01	2.77139352e-02	4.95569176e-22	2.77139352e-02	-2.77139352e-02
3910            	-4.43686325e-02	4.69649708e-01	-5.14018340e-01	7.86934439e-01	9.96752304e-01	-2.09817865e-01	6.03285085e-01	4.91834024e-01	2.77303953e-02	4.84822649e-22	2.77303953e-02	-2.77303953e-02
3920            	-4.45183407e-02	4.70967515e-01	-5.15485855e-01	7.89162696e-01	9.99797745e-01	-2.10635049e-01	6.05216397e-01	4.93226685e-01	2.78239630e-02	4.84300036e-22	2.78239630e-02	-2.78239630e-02
3930            	-4.40945790e-02	4.69978195e-01	-5.14072774e-01	7.87240775e-01	9.97138709e-01	-2.09897934e-01	6.03518322e-01	4.92025484e-01	2.75591119e-02	4.77058523e-22	2.75591119e-02	-2.75591119e-02
3940            	-4.45745511e-02	4.70646942e-01	-5.15221493e-01	7.88694748e-01	9.99471678e-01	-2.10776929e-01	6.05124304e-01	4.92934218e-01	2.78590945e-02	5.05744146e-22	2.78590945e-02	-2.78590945e-02
3950            	-4.43927461e-02	4.70579559e-01	-5.14972305e-01	7.88441491e-01	9.98947586e-01	-2.10506094e-01	6.04726840e-01	4.92775932e-01	2.77454663e-02	4.63671034e-22	2.77454663e-02	-2.77454663e-02
3960            	-4.42709374e-02	4.70057142e-01	-5.14328079e-01	7.87508177e-01	9.97813309e-01	-2.10305132e-01	6.04059221e-01	4.92192610e-01	2.76693358e-02	4.89085842e-22	2.76693358e-02	-2.76693358e-02
3970            	-4.42587837e-02	4.70246294e-01	-5.14505078e-01	7.87801097e-01	9.98267419e-01	-2.10466321e-01	6.04366870e-01	4.92375686e-01	2.76617398e-02	4.82913867e-22	2.76617398e-02	-2.76617398e-02
3980            	-4.45935950e-02	4.69682305e-01	-5.14275900e-01	7.87166563e-01	9.97597273e-01	-2.10430710e-01	6.04013992e-01	4.91979102e-01	2.78709969e-02	4.86904254e-22	2.78709969e-02	-2.78709969e-02
3990            	-4.45676930e-02	4.70935046e-01	-5.15502739e-01	7.89150228e-01	1.00011946e+00	-2.10969234e-01	6.05544348e-01	4.93218893e-01	2.78548082e-02	4.78249463e-22	2.78548082e-02	-2.78548082e-02
4000            	-4.43262219e-02	4.69761758e-01	-5.14087979e-01	7.87079790e-01	9.97200583e-01	-2.10120794e-01	6.03660689e-01	4.91924868e-01	2.77038887e-02	5.08987397e-22	2.77038887e-02	-2.77038887e-02
