# Force         
# CofR          : (0.00000000e+00 0.00000000e+00 0.00000000e+00)
#
# Time          	total_x total_y total_z	pressure_x pressure_y pressure_z	viscous_x viscous_y viscous_z
10               -3.10307803e+02 -1.33144996e+03 -3.23425297e-19 -3.16058719e+02 -1.33109068e+03 -3.24769625e-19 5.75091681e+00 -3.59285594e-01 1.34432826e-21
20               -3.60653081e+01 9.12870715e+00 1.40154517e-18 -4.51152305e+01 9.65643521e+00 1.40018910e-18 9.04992243e+00 -5.27728059e-01 1.35606965e-21
30               2.76566872e+01 2.93462445e+02 1.49935809e-18 1.64611406e+01 2.94104465e+02 1.49889539e-18 1.11955467e+01 -6.42019722e-01 4.62695072e-22
40               2.97357807e+01 3.10047830e+02 1.44790323e-18 1.78826026e+01 3.10734181e+02 1.44677754e-18 1.18531780e+01 -6.86351136e-01 1.12568659e-21
50               2.88776176e+01 3.21421339e+02 1.42679982e-18 1.71708474e+01 3.22093120e+02 1.42512039e-18 1.17067703e+01 -6.71780993e-01 1.67942982e-21
60               2.86256227e+01 3.33368173e+02 1.44612822e-18 1.73287176e+01 3.34008536e+02 1.44467332e-18 1.12969051e+01 -6.40362624e-01 1.45490273e-21
70               2.79862213e+01 3.30159196e+02 1.43133631e-18 1.71448304e+01 3.30765010e+02 1.43036930e-18 1.08413909e+01 -6.05814495e-01 9.67010656e-22
80               2.96406971e+01 3.41409575e+02 1.44725795e-18 1.92418108e+01 3.41982908e+02 1.44651127e-18 1.03988863e+01 -5.73333059e-01 7.46682640e-22
90               3.20098466e+01 3.78023901e+02 1.49302723e-18 2.20078335e+01 3.78569019e+02 1.49220895e-18 1.00020131e+01 -5.45118420e-01 8.18281773e-22
100              3.32071729e+01 4.50365277e+02 1.52357641e-18 2.35576575e+01 4.50880430e+02 1.52081294e-18 9.64951549e+00 -5.15152364e-01 2.76346533e-21
110              3.19251582e+01 5.26065298e+02 1.46424433e-18 2.25820363e+01 5.26542809e+02 1.46084140e-18 9.34312192e+00 -4.77510959e-01 3.40293506e-21
120              3.04281496e+01 5.84952813e+02 1.40802084e-18 2.13600514e+01 5.85386723e+02 1.40493783e-18 9.06809822e+00 -4.33909864e-01 3.08300272e-21
130              2.77007867e+01 6.31845919e+02 1.35862037e-18 1.88554916e+01 6.32238706e+02 1.35651636e-18 8.84529507e+00 -3.92787098e-01 2.10401520e-21
140              2.49712699e+01 6.68999574e+02 1.28451381e-18 1.63033183e+01 6.69357374e+02 1.27643477e-18 8.66795157e+00 -3.57800080e-01 8.07904057e-21
150              2.36937340e+01 6.92008487e+02 1.21413546e-18 1.51681600e+01 6.92336803e+02 1.20416413e-18 8.52557398e+00 -3.28315446e-01 9.97133055e-21
160              2.10887758e+01 7.06361216e+02 1.18153645e-18 1.26774945e+01 7.06664552e+02 1.17380039e-18 8.41128126e+00 -3.03335437e-01 7.73605774e-21
170              1.93028305e+01 7.14421996e+02 1.13009570e-18 1.09843248e+01 7.14702634e+02 1.12160577e-18 8.31850573e+00 -2.80638342e-01 8.48992713e-21
180              1.74777585e+01 7.24004754e+02 1.06417033e-18 9.23177007e+00 7.24265596e+02 1.05664385e-18 8.24598843e+00 -2.60842676e-01 7.52648172e-21
190              1.54859464e+01 7.33449479e+02 1.01649293e-18 7.29850733e+00 7.33690796e+02 1.01157305e-18 8.18743905e+00 -2.41317076e-01 4.91988528e-21
200              1.49146585e+01 7.40517837e+02 1.05304137e-18 6.77581724e+00 7.40740952e+02 1.04811976e-18 8.13884129e+00 -2.23114710e-01 4.92161025e-21
210              1.40603417e+01 7.46660497e+02 1.04690377e-18 5.96754681e+00 7.46866690e+02 1.04520841e-18 8.09279491e+00 -2.06192829e-01 1.69536480e-21
220              1.28992045e+01 7.52277893e+02 1.01501766e-18 4.84669185e+00 7.52468810e+02 1.01447387e-18 8.05251261e+00 -1.90917294e-01 5.43789233e-22
230              1.21901143e+01 7.57067502e+02 9.88941446e-19 4.18140984e+00 7.57244994e+02 9.87881325e-19 8.00870444e+00 -1.77492116e-01 1.06012043e-21
240              1.15441854e+01 7.60157787e+02 9.80011673e-19 3.58159008e+00 7.60321321e+02 9.79452001e-19 7.96259529e+00 -1.63534290e-01 5.59672916e-22
250              1.03488022e+01 7.61420403e+02 9.58500145e-19 2.42628712e+00 7.61571210e+02 9.58131836e-19 7.92251504e+00 -1.50806565e-01 3.68309247e-22
260              9.73830173e+00 7.64065847e+02 9.42530206e-19 1.85306503e+00 7.64206060e+02 9.42096521e-19 7.88523669e+00 -1.40213696e-01 4.33685449e-22
270              9.24441454e+00 7.66751534e+02 9.46107855e-19 1.38926440e+00 7.66882199e+02 9.46795959e-19 7.85515014e+00 -1.30665529e-01 -6.88103641e-22
280              8.90552229e+00 7.66076797e+02 9.37718982e-19 1.07327791e+00 7.66199586e+02 9.38415379e-19 7.83224438e+00 -1.22788382e-01 -6.96396865e-22
290              8.29635315e+00 7.69090597e+02 9.38934606e-19 4.86970539e-01 7.69205304e+02 9.40230651e-19 7.80938261e+00 -1.14706526e-01 -1.29604486e-21
300              8.08591259e+00 7.71545125e+02 9.30457719e-19 3.00762243e-01 7.71652142e+02 9.32597541e-19 7.78515035e+00 -1.07016775e-01 -2.13982210e-21
310              8.01926142e+00 7.72379002e+02 9.31261741e-19 2.56108264e-01 7.72478795e+02 9.32569435e-19 7.76315315e+00 -9.97924230e-02 -1.30769350e-21
320              7.66782677e+00 7.73556205e+02 9.31408747e-19 -7.76065305e-02 7.73649080e+02 9.33966213e-19 7.74543330e+00 -9.28749368e-02 -2.55746617e-21
330              7.35751096e+00 7.76223687e+02 9.31433070e-19 -3.76382660e-01 7.76310916e+02 9.34645457e-19 7.73389363e+00 -8.72288626e-02 -3.21238716e-21
340              7.06081185e+00 7.77145769e+02 9.33306568e-19 -6.62532144e-01 7.77227387e+02 9.36645355e-19 7.72334399e+00 -8.16176197e-02 -3.33878652e-21
350              6.80897791e+00 7.78370217e+02 9.33003749e-19 -9.04143912e-01 7.78446711e+02 9.36108053e-19 7.71312182e+00 -7.64939492e-02 -3.10430329e-21
360              6.72336222e+00 7.78023126e+02 9.28998301e-19 -9.79781382e-01 7.78094519e+02 9.33071123e-19 7.70314360e+00 -7.13927289e-02 -4.07282253e-21
370              5.30265681e+00 7.78101268e+02 9.03319732e-19 -2.39085509e+00 7.78167269e+02 9.06871325e-19 7.69351190e+00 -6.60017796e-02 -3.55159224e-21
380              4.69840165e+00 7.79475732e+02 8.71850141e-19 -2.99014802e+00 7.79537145e+02 8.76111628e-19 7.68854967e+00 -6.14135318e-02 -4.26148723e-21
390              4.19177099e+00 7.82557923e+02 8.80831101e-19 -3.49643195e+00 7.82615644e+02 8.86377045e-19 7.68820295e+00 -5.77207799e-02 -5.54594410e-21
400              4.15191117e+00 7.79391926e+02 8.75705173e-19 -3.53867516e+00 7.79447233e+02 8.81337749e-19 7.69058634e+00 -5.53070810e-02 -5.63257622e-21
410              3.71623055e+00 7.79329217e+02 8.88943024e-19 -3.97744729e+00 7.79381823e+02 8.94388598e-19 7.69367784e+00 -5.26059322e-02 -5.44557434e-21
420              3.83803275e+00 7.77092262e+02 8.90326893e-19 -3.85935841e+00 7.77142322e+02 8.96438310e-19 7.69739115e+00 -5.00606859e-02 -6.11141746e-21
430              3.94547975e+00 7.73828663e+02 8.93528193e-19 -3.75907324e+00 7.73876646e+02 9.00388922e-19 7.70455299e+00 -4.79833893e-02 -6.86072847e-21
440              3.57667955e+00 7.73194519e+02 8.98990304e-19 -4.13662254e+00 7.73241009e+02 9.04930073e-19 7.71330209e+00 -4.64907243e-02 -5.93976913e-21
450              3.21249620e+00 7.74480548e+02 8.90799988e-19 -4.51174076e+00 7.74525714e+02 8.96657585e-19 7.72423696e+00 -4.51665796e-02 -5.85759702e-21
460              3.38444706e+00 7.68244327e+02 8.95065063e-19 -4.35040384e+00 7.68288900e+02 9.01438115e-19 7.73485090e+00 -4.45735313e-02 -6.37305226e-21
470              3.15378802e+00 7.66788460e+02 8.95721644e-19 -4.59197006e+00 7.66832838e+02 9.01869440e-19 7.74575808e+00 -4.43780733e-02 -6.14779518e-21
480              3.21442740e+00 7.65087194e+02 8.98681851e-19 -4.54232139e+00 7.65131874e+02 9.04812302e-19 7.75674879e+00 -4.46802760e-02 -6.13045096e-21
490              3.03550299e+00 7.64024010e+02 9.06388839e-19 -4.73222933e+00 7.64068853e+02 9.13025757e-19 7.76773232e+00 -4.48430122e-02 -6.63691806e-21
500              2.64274182e+00 7.63324630e+02 9.01411361e-19 -5.13464501e+00 7.63370102e+02 9.08009678e-19 7.77738682e+00 -4.54715164e-02 -6.59831697e-21
510              2.80532695e+00 7.60859518e+02 9.05657285e-19 -4.98363392e+00 7.60905074e+02 9.12131057e-19 7.78896086e+00 -4.55554799e-02 -6.47377167e-21
520              2.18747132e+00 7.59654579e+02 9.02712836e-19 -5.61286626e+00 7.59700997e+02 9.09049745e-19 7.80033758e+00 -4.64187482e-02 -6.33690921e-21
530              1.93461455e+00 7.57955642e+02 8.91223002e-19 -5.87732687e+00 7.58003197e+02 8.97364469e-19 7.81194142e+00 -4.75553493e-02 -6.14146692e-21
540              1.85865840e+00 7.54822340e+02 8.90260366e-19 -5.96586969e+00 7.54871367e+02 8.96695148e-19 7.82452809e+00 -4.90271710e-02 -6.43478214e-21
550              1.45479410e+00 7.54724353e+02 8.90922937e-19 -6.38255233e+00 7.54774897e+02 8.97458320e-19 7.83734643e+00 -5.05435257e-02 -6.53538305e-21
560              1.29522928e+00 7.51029069e+02 8.86998948e-19 -6.55634134e+00 7.51081223e+02 8.93004794e-19 7.85157062e+00 -5.21539116e-02 -6.00584597e-21
570              8.72303143e-01 7.47667731e+02 8.82930289e-19 -6.99473530e+00 7.47721997e+02 8.88586569e-19 7.86703844e+00 -5.42656994e-02 -5.65628057e-21
580              2.18313631e-01 7.47675797e+02 8.77085546e-19 -7.66672379e+00 7.47732609e+02 8.82581513e-19 7.88503743e+00 -5.68116026e-02 -5.49596625e-21
590              2.12568097e-01 7.46116083e+02 8.79427596e-19 -7.69103864e+00 7.46175479e+02 8.84668122e-19 7.90360674e+00 -5.93958727e-02 -5.24052653e-21
600              4.25651604e-01 7.39069580e+02 8.90469659e-19 -7.49731388e+00 7.39132236e+02 8.96067612e-19 7.92296548e+00 -6.26554214e-02 -5.59795274e-21
610              6.61604758e-01 7.39082433e+02 8.99964953e-19 -7.27980750e+00 7.39148504e+02 9.05780062e-19 7.94141226e+00 -6.60712588e-02 -5.81510859e-21
620              7.64121287e-01 7.39444538e+02 9.08940976e-19 -7.19738148e+00 7.39514059e+02 9.15059392e-19 7.96150277e+00 -6.95208560e-02 -6.11841607e-21
630              1.11998977e+00 7.38739502e+02 9.18363635e-19 -6.86108218e+00 7.38813001e+02 9.24743371e-19 7.98107195e+00 -7.34990735e-02 -6.37973572e-21
640              1.98306526e+00 7.39319963e+02 9.24308836e-19 -6.01742851e+00 7.39397478e+02 9.29833456e-19 8.00049377e+00 -7.75144821e-02 -5.52461947e-21
650              2.47682921e+00 7.42177160e+02 9.32544499e-19 -5.54081742e+00 7.42257649e+02 9.38654524e-19 8.01764663e+00 -8.04883405e-02 -6.11002544e-21
660              2.65933767e+00 7.44992045e+02 9.17229704e-19 -5.37434845e+00 7.45075695e+02 9.23105580e-19 8.03368612e+00 -8.36495070e-02 -5.87587611e-21
670              2.49307287e+00 7.51116026e+02 9.08771929e-19 -5.55574643e+00 7.51202179e+02 9.14816995e-19 8.04881930e+00 -8.61534510e-02 -6.04506602e-21
680              3.00884773e+00 7.50347165e+02 9.08734317e-19 -5.05438752e+00 7.50436054e+02 9.14657636e-19 8.06323525e+00 -8.88890391e-02 -5.92331822e-21
690              2.55243935e+00 7.51617309e+02 8.82111517e-19 -5.52520762e+00 7.51708778e+02 8.87948151e-19 8.07764697e+00 -9.14687602e-02 -5.83663365e-21
700              2.13194414e+00 7.54197313e+02 8.74699375e-19 -5.95990942e+00 7.54291610e+02 8.79498255e-19 8.09185355e+00 -9.42971363e-02 -4.79888057e-21
710              1.87526179e+00 7.53284830e+02 8.80456002e-19 -6.23307320e+00 7.53382181e+02 8.83433918e-19 8.10833499e+00 -9.73515571e-02 -2.97791646e-21
720              1.35964429e+00 7.51110002e+02 8.72433699e-19 -6.76750123e+00 7.51210851e+02 8.75895424e-19 8.12714552e+00 -1.00849105e-01 -3.46172521e-21
730              8.15086888e-01 7.47278515e+02 8.69349382e-19 -7.33380990e+00 7.47384343e+02 8.72557660e-19 8.14889679e+00 -1.05828442e-01 -3.20827733e-21
740              2.45917215e-01 7.43161116e+02 8.72523519e-19 -7.92587131e+00 7.43272108e+02 8.76324918e-19 8.17178852e+00 -1.10991690e-01 -3.80139881e-21
750              -7.96296673e-02 7.39519773e+02 8.78498024e-19 -8.27323999e+00 7.39636335e+02 8.83852738e-19 8.19361032e+00 -1.16561311e-01 -5.35471396e-21
760              2.40223210e-01 7.35550248e+02 8.82564794e-19 -7.97401955e+00 7.35672172e+02 8.89060560e-19 8.21424276e+00 -1.21923501e-01 -6.49576610e-21
770              7.32600886e-01 7.38374499e+02 8.71151678e-19 -7.49879607e+00 7.38501269e+02 8.77658213e-19 8.23139696e+00 -1.26770133e-01 -6.50653531e-21
780              1.08958102e+00 7.44650933e+02 9.02873992e-19 -7.15692561e+00 7.44781618e+02 9.09023628e-19 8.24650663e+00 -1.30685027e-01 -6.14963635e-21
790              1.66665916e+00 7.47178088e+02 9.08845176e-19 -6.59391335e+00 7.47312212e+02 9.14696809e-19 8.26057252e+00 -1.34124273e-01 -5.85163339e-21
800              2.15421884e+00 7.48299023e+02 9.08425379e-19 -6.12039377e+00 7.48436510e+02 9.14256408e-19 8.27461261e+00 -1.37486871e-01 -5.83102930e-21
810              1.91492719e+00 7.52238006e+02 9.12912820e-19 -6.37341651e+00 7.52378633e+02 9.19444138e-19 8.28834370e+00 -1.40626957e-01 -6.53131779e-21
820              2.60076161e+00 7.54512527e+02 9.24477229e-19 -5.70081871e+00 7.54656394e+02 9.30789450e-19 8.30158032e+00 -1.43867727e-01 -6.31222040e-21
830              2.06700724e+00 7.57567696e+02 9.05264033e-19 -6.24751881e+00 7.57714560e+02 9.11636445e-19 8.31452605e+00 -1.46864124e-01 -6.37241156e-21
840              2.16299573e+00 7.59694071e+02 9.10544981e-19 -6.16394201e+00 7.59843655e+02 9.16833599e-19 8.32693775e+00 -1.49584067e-01 -6.28861789e-21
850              1.83881387e+00 7.61720599e+02 8.97486911e-19 -6.50043926e+00 7.61873480e+02 9.03898117e-19 8.33925312e+00 -1.52881018e-01 -6.41120600e-21
860              1.61482406e+00 7.66351500e+02 8.85091547e-19 -6.73576985e+00 7.66506956e+02 8.91215073e-19 8.35059391e+00 -1.55456251e-01 -6.12352601e-21
870              1.45586787e+00 7.70006328e+02 8.73633275e-19 -6.90561800e+00 7.70163987e+02 8.79862356e-19 8.36148586e+00 -1.57658890e-01 -6.22908118e-21
880              1.22082044e+00 7.72762680e+02 8.55529319e-19 -7.15060438e+00 7.72922875e+02 8.61963853e-19 8.37142482e+00 -1.60195755e-01 -6.43453410e-21
890              8.54007311e-01 7.75627642e+02 8.39646315e-19 -7.52666751e+00 7.75790382e+02 8.46079721e-19 8.38067482e+00 -1.62740063e-01 -6.43340525e-21
900              1.12319660e+00 7.79331105e+02 8.56617736e-19 -7.26617229e+00 7.79495973e+02 8.63232802e-19 8.38936889e+00 -1.64867729e-01 -6.61506619e-21
910              1.31332863e+00 7.81775837e+02 8.36881534e-19 -7.08400540e+00 7.81942414e+02 8.43322246e-19 8.39733403e+00 -1.66577116e-01 -6.44071143e-21
920              1.35230165e+00 7.85876031e+02 8.39216709e-19 -7.05280095e+00 7.86044060e+02 8.45716303e-19 8.40510260e+00 -1.68028962e-01 -6.49959365e-21
930              1.52267725e+00 7.87598979e+02 8.54907995e-19 -6.88990519e+00 7.87768972e+02 8.61759338e-19 8.41258244e+00 -1.69992405e-01 -6.85134302e-21
940              1.97267564e+00 7.92481528e+02 8.57399733e-19 -6.44666374e+00 7.92652875e+02 8.64640604e-19 8.41933938e+00 -1.71347064e-01 -7.24087142e-21
950              1.81276529e+00 7.96264065e+02 8.80896970e-19 -6.61339350e+00 7.96436929e+02 8.87457468e-19 8.42615879e+00 -1.72864561e-01 -6.56049800e-21
960              2.33240843e+00 7.98237308e+02 8.75727941e-19 -6.09958649e+00 7.98411041e+02 8.82362035e-19 8.43199492e+00 -1.73733011e-01 -6.63409411e-21
970              2.23900738e+00 8.00278967e+02 8.63362350e-19 -6.19904759e+00 8.00453291e+02 8.70602406e-19 8.43805496e+00 -1.74324284e-01 -7.24005551e-21
980              2.63810830e+00 8.03120003e+02 8.82762178e-19 -5.80586366e+00 8.03294689e+02 8.90099556e-19 8.44397196e+00 -1.74685909e-01 -7.33737857e-21
990              2.62631176e+00 8.04856351e+02 8.61944695e-19 -5.82358291e+00 8.05032019e+02 8.69463961e-19 8.44989466e+00 -1.75667736e-01 -7.51926577e-21
1000             2.36773014e+00 8.08815805e+02 8.65334550e-19 -6.08724858e+00 8.08991877e+02 8.72553409e-19 8.45497872e+00 -1.76071852e-01 -7.21885934e-21
1010             2.34375811e+00 8.10968512e+02 8.66505177e-19 -6.11621265e+00 8.11145208e+02 8.74191933e-19 8.45997076e+00 -1.76696029e-01 -7.68675572e-21
1020             2.19053961e+00 8.13485062e+02 8.52121422e-19 -6.27404099e+00 8.13662413e+02 8.60064260e-19 8.46458061e+00 -1.77350871e-01 -7.94283824e-21
1030             2.04126336e+00 8.18047799e+02 8.50985467e-19 -6.42824155e+00 8.18224852e+02 8.59061682e-19 8.46950491e+00 -1.77053589e-01 -8.07621537e-21
1040             1.86171596e+00 8.18400501e+02 8.27187951e-19 -6.61244408e+00 8.18578099e+02 8.35523339e-19 8.47416004e+00 -1.77597526e-01 -8.33538798e-21
1050             1.64379218e+00 8.22050418e+02 8.35734114e-19 -6.83481079e+00 8.22227779e+02 8.44668389e-19 8.47860298e+00 -1.77360904e-01 -8.93427505e-21
1060             1.31277262e+00 8.24354962e+02 8.02479227e-19 -7.17000102e+00 8.24534165e+02 8.10401558e-19 8.48277364e+00 -1.79202652e-01 -7.92233053e-21
1070             8.73494310e-01 8.29128790e+02 8.12865995e-19 -7.61165446e+00 8.29310041e+02 8.21037256e-19 8.48514877e+00 -1.81250546e-01 -8.17126121e-21
1080             9.14719862e-01 8.28592495e+02 8.00527042e-19 -7.57228511e+00 8.28775741e+02 8.07886861e-19 8.48700497e+00 -1.83246754e-01 -7.35981911e-21
1090             8.66792626e-01 8.31362848e+02 7.94682710e-19 -7.62140102e+00 8.31546724e+02 8.03144551e-19 8.48819365e+00 -1.83876030e-01 -8.46184076e-21
1100             4.10199075e-01 8.35978472e+02 7.78908846e-19 -8.07882711e+00 8.36163367e+02 7.88452953e-19 8.48902619e+00 -1.84894306e-01 -9.54410710e-21
1110             5.82471633e-01 8.35672707e+02 7.78268284e-19 -7.90658316e+00 8.35858351e+02 7.86691440e-19 8.48905480e+00 -1.85644558e-01 -8.42315527e-21
1120             1.27384337e-01 8.39642193e+02 7.76636757e-19 -8.36207401e+00 8.39828834e+02 7.85309734e-19 8.48945834e+00 -1.86640663e-01 -8.67297663e-21
1130             2.98667284e-01 8.41333055e+02 7.72358578e-19 -8.18999022e+00 8.41519956e+02 7.81633859e-19 8.48865750e+00 -1.86901590e-01 -9.27528105e-21
1140             5.65561807e-01 8.40827519e+02 7.85533937e-19 -7.92190467e+00 8.41015432e+02 7.94807946e-19 8.48746648e+00 -1.87912338e-01 -9.27400958e-21
1150             6.10267586e-01 8.43636465e+02 7.86325253e-19 -7.87546771e+00 8.43824885e+02 7.95072872e-19 8.48573530e+00 -1.88420170e-01 -8.74761873e-21
1160             8.54462603e-01 8.45826333e+02 7.95270444e-19 -7.62947771e+00 8.46015060e+02 8.04881898e-19 8.48394031e+00 -1.88727346e-01 -9.61145380e-21
1170             7.57980678e-01 8.46343007e+02 7.93444216e-19 -7.72442467e+00 8.46532174e+02 8.02925536e-19 8.48240535e+00 -1.89166910e-01 -9.48132009e-21
1180             7.79249529e-01 8.52108735e+02 7.93208700e-19 -7.70161682e+00 8.52297981e+02 8.03010294e-19 8.48086635e+00 -1.89246077e-01 -9.80159459e-21
1190             7.66163931e-01 8.48604580e+02 7.79208173e-19 -7.71378010e+00 8.48794092e+02 7.88891970e-19 8.47994403e+00 -1.89511687e-01 -9.68379719e-21
1200             6.45713668e-01 8.52374718e+02 7.91498851e-19 -7.83309971e+00 8.52564133e+02 8.00997718e-19 8.47881338e+00 -1.89414990e-01 -9.49886695e-21
1210             1.07402291e+00 8.54549764e+02 8.08974739e-19 -7.40308673e+00 8.54739131e+02 8.18178200e-19 8.47710963e+00 -1.89367136e-01 -9.20346048e-21
1220             1.15045841e+00 8.51778787e+02 7.96304541e-19 -7.32447335e+00 8.51968088e+02 8.05797090e-19 8.47493176e+00 -1.89300698e-01 -9.49254918e-21
1230             9.36217072e-01 8.55158952e+02 7.94726084e-19 -7.53604043e+00 8.55347907e+02 8.04896450e-19 8.47225750e+00 -1.88954731e-01 -1.01703664e-20
1240             6.71347274e-01 8.56856343e+02 7.94070455e-19 -7.79871256e+00 8.57045218e+02 8.04130585e-19 8.47005983e+00 -1.88875007e-01 -1.00601304e-20
1250             6.22369559e-01 8.55358716e+02 7.75801393e-19 -7.84497448e+00 8.55547266e+02 7.85746016e-19 8.46734403e+00 -1.88549081e-01 -9.94462302e-21
1260             3.36121868e-02 8.59806074e+02 7.66982268e-19 -8.43060593e+00 8.59994539e+02 7.77234824e-19 8.46421812e+00 -1.88465340e-01 -1.02525561e-20
1270             7.19199751e-02 8.59902930e+02 7.61902402e-19 -8.38921311e+00 8.60091019e+02 7.71951729e-19 8.46113309e+00 -1.88089108e-01 -1.00493272e-20
1280             -1.42779855e-01 8.57337580e+02 7.55629221e-19 -8.59979462e+00 8.57526127e+02 7.65346542e-19 8.45701476e+00 -1.88547342e-01 -9.71732100e-21
1290             -6.27066865e-01 8.61895492e+02 7.59156666e-19 -9.08030427e+00 8.62083831e+02 7.69408691e-19 8.45323741e+00 -1.88339160e-01 -1.02520255e-20
1300             -7.23206238e-01 8.62040165e+02 7.39081853e-19 -9.17248026e+00 8.62227839e+02 7.49368567e-19 8.44927402e+00 -1.87673807e-01 -1.02867141e-20
1310             -8.53742456e-01 8.60979844e+02 7.31654683e-19 -9.29943138e+00 8.61167493e+02 7.41315209e-19 8.44568892e+00 -1.87648617e-01 -9.66052513e-21
1320             -2.45765599e-01 8.64070912e+02 7.46283855e-19 -8.68760173e+00 8.64258065e+02 7.55819293e-19 8.44183613e+00 -1.87153016e-01 -9.53543813e-21
1330             -3.28078230e-01 8.62624899e+02 7.54466585e-19 -8.76682950e+00 8.62811554e+02 7.63946670e-19 8.43875127e+00 -1.86654760e-01 -9.48008498e-21
1340             -2.26660179e-01 8.66638964e+02 7.54449582e-19 -8.66238272e+00 8.66825253e+02 7.63645954e-19 8.43572254e+00 -1.86289218e-01 -9.19637165e-21
1350             2.24483661e-01 8.63766109e+02 7.76484145e-19 -8.20875559e+00 8.63951423e+02 7.85990491e-19 8.43323925e+00 -1.85314117e-01 -9.50634543e-21
1360             4.97231494e-01 8.64302111e+02 7.86430378e-19 -7.93453259e+00 8.64486523e+02 7.95033140e-19 8.43176408e+00 -1.84412006e-01 -8.60276149e-21
1370             -1.29388136e-01 8.66454436e+02 7.47344169e-19 -8.56263909e+00 8.66636996e+02 7.57584889e-19 8.43325095e+00 -1.82560336e-01 -1.02407199e-20
1380             -2.16294401e-01 8.68797446e+02 7.53033778e-19 -8.65237555e+00 8.68977590e+02 7.66231957e-19 8.43608115e+00 -1.80143997e-01 -1.31981798e-20
1390             -2.43300734e-02 8.65404417e+02 7.43690402e-19 -8.46409131e+00 8.65582607e+02 7.55679713e-19 8.43976123e+00 -1.78190566e-01 -1.19893109e-20
1400             -1.71416171e-01 8.66517144e+02 7.52155346e-19 -8.61289203e+00 8.66694839e+02 7.65310274e-19 8.44147586e+00 -1.77694389e-01 -1.31549284e-20
1410             -6.07291819e-01 8.67406147e+02 7.45359595e-19 -9.05037217e+00 8.67583964e+02 7.58125586e-19 8.44308035e+00 -1.77817588e-01 -1.27659908e-20
1420             -1.45189848e+00 8.68778178e+02 7.04615669e-19 -9.89639413e+00 8.68955828e+02 7.17772070e-19 8.44449565e+00 -1.77650702e-01 -1.31564010e-20
1430             -1.38101432e+00 8.71829375e+02 7.07881543e-19 -9.82701421e+00 8.72006594e+02 7.20481067e-19 8.44599990e+00 -1.77219102e-01 -1.25995245e-20
1440             -1.64599863e+00 8.70350121e+02 6.97411508e-19 -1.00944427e+01 8.70526970e+02 7.10171039e-19 8.44844409e+00 -1.76848594e-01 -1.27595315e-20
1450             -1.18588285e+00 8.72155038e+02 7.00179009e-19 -9.63649191e+00 8.72331875e+02 7.13184723e-19 8.45060906e+00 -1.76836894e-01 -1.30057136e-20
1460             -7.64294110e-01 8.69073579e+02 7.26281140e-19 -9.21705253e+00 8.69250099e+02 7.39137480e-19 8.45275842e+00 -1.76520051e-01 -1.28563393e-20
1470             -2.84311980e-01 8.70737987e+02 7.25386440e-19 -8.73952735e+00 8.70914102e+02 7.38440312e-19 8.45521537e+00 -1.76115033e-01 -1.30538717e-20
1480             6.76315132e-02 8.70300498e+02 7.52859004e-19 -8.38956391e+00 8.70476792e+02 7.66187308e-19 8.45719542e+00 -1.76293838e-01 -1.33283041e-20
1490             1.00788572e-02 8.70248563e+02 7.60493312e-19 -8.44915864e+00 8.70424009e+02 7.74274456e-19 8.45923749e+00 -1.75445601e-01 -1.37811434e-20
1500             -6.13355327e-01 8.70997013e+02 7.46307051e-19 -9.07444787e+00 8.71172775e+02 7.59934092e-19 8.46109255e+00 -1.75762373e-01 -1.36270404e-20
1510             -1.07152593e+00 8.70342275e+02 7.15979997e-19 -9.53476843e+00 8.70517942e+02 7.29735402e-19 8.46324251e+00 -1.75667414e-01 -1.37554049e-20
1520             -1.38599329e+00 8.74555879e+02 7.10103986e-19 -9.85150727e+00 8.74731110e+02 7.22693248e-19 8.46551398e+00 -1.75231270e-01 -1.25892627e-20
1530             -1.64618325e+00 8.71901516e+02 7.04666744e-19 -1.01145305e+01 8.72076264e+02 7.17268948e-19 8.46834727e+00 -1.74747702e-01 -1.26022033e-20
1540             -1.75812200e+00 8.71685498e+02 6.86496950e-19 -1.02289231e+01 8.71860569e+02 6.99110440e-19 8.47080115e+00 -1.75071103e-01 -1.26134897e-20
1550             -1.53772555e+00 8.74280830e+02 6.95350110e-19 -1.00109810e+01 8.74456405e+02 7.07771586e-19 8.47325543e+00 -1.75574688e-01 -1.24214756e-20
1560             -8.79571484e-01 8.73023405e+02 7.04234582e-19 -9.35600710e+00 8.73199058e+02 7.17490991e-19 8.47643562e+00 -1.75652731e-01 -1.32564088e-20
1570             -3.21738990e-01 8.72575492e+02 7.33772781e-19 -8.80082864e+00 8.72751036e+02 7.46882880e-19 8.47908965e+00 -1.75543871e-01 -1.31100986e-20
1580             -3.67293058e-01 8.74212647e+02 7.50668744e-19 -8.84860548e+00 8.74388599e+02 7.63589626e-19 8.48131242e+00 -1.75951916e-01 -1.29208816e-20
1590             -6.29343566e-02 8.70841549e+02 7.44444758e-19 -8.54713588e+00 8.71017368e+02 7.57345859e-19 8.48420152e+00 -1.75818807e-01 -1.29011017e-20
1600             -6.97736508e-01 8.71218211e+02 7.38357118e-19 -9.18455245e+00 8.71394685e+02 7.51997106e-19 8.48681594e+00 -1.76473760e-01 -1.36399879e-20
1610             -1.61772308e+00 8.75955252e+02 7.15249456e-19 -1.01068147e+01 8.76132154e+02 7.28535042e-19 8.48909166e+00 -1.76901563e-01 -1.32855859e-20
1620             -1.75419638e+00 8.74036456e+02 6.99336049e-19 -1.02454667e+01 8.74213391e+02 7.11897053e-19 8.49127035e+00 -1.76935549e-01 -1.25610046e-20
1630             -1.90159376e+00 8.75812581e+02 6.86523910e-19 -1.03952337e+01 8.75990009e+02 6.99678387e-19 8.49363993e+00 -1.77427790e-01 -1.31544763e-20
1640             -1.63101997e+00 8.73110540e+02 6.86035743e-19 -1.01266709e+01 8.73288252e+02 6.98495846e-19 8.49565088e+00 -1.77712585e-01 -1.24601038e-20
1650             -1.37162466e+00 8.78223619e+02 7.09507290e-19 -9.86921003e+00 8.78401601e+02 7.22002833e-19 8.49758537e+00 -1.77982261e-01 -1.24955424e-20
1660             -1.26226461e+00 8.75945268e+02 7.15660994e-19 -9.76217589e+00 8.76123406e+02 7.28214171e-19 8.49991127e+00 -1.78138713e-01 -1.25531768e-20
1670             -3.28811916e-01 8.73733938e+02 7.29667535e-19 -8.83059016e+00 8.73911889e+02 7.42154755e-19 8.50177824e+00 -1.77950327e-01 -1.24872207e-20
1680             -4.52813917e-01 8.73955105e+02 7.49232641e-19 -8.95621329e+00 8.74133089e+02 7.62170522e-19 8.50339937e+00 -1.77983440e-01 -1.29378813e-20
1690             -3.13348488e-01 8.74711716e+02 7.45873809e-19 -8.81891727e+00 8.74889683e+02 7.58614020e-19 8.50556878e+00 -1.77967304e-01 -1.27402105e-20
1700             -8.32654782e-01 8.72991614e+02 7.35719613e-19 -9.34004199e+00 8.73169851e+02 7.48561135e-19 8.50738720e+00 -1.78237136e-01 -1.28415219e-20
1710             -1.50809571e+00 8.73560080e+02 7.12174333e-19 -1.00167091e+01 8.73739008e+02 7.24688816e-19 8.50861341e+00 -1.78928738e-01 -1.25144822e-20
1720             -2.16181151e+00 8.76745589e+02 6.85498280e-19 -1.06712587e+01 8.76925309e+02 6.98113681e-19 8.50944715e+00 -1.79719886e-01 -1.26154012e-20
1730             -1.93039382e+00 8.78985123e+02 6.90658248e-19 -1.04404702e+01 8.79165067e+02 7.03045911e-19 8.51007637e+00 -1.79943989e-01 -1.23876633e-20
1740             -1.75842499e+00 8.75063699e+02 6.99438983e-19 -1.02698121e+01 8.75243569e+02 7.11986383e-19 8.51138710e+00 -1.79870603e-01 -1.25473999e-20
1750             -1.21087988e+00 8.76278870e+02 7.00934684e-19 -9.72275204e+00 8.76459453e+02 7.13590529e-19 8.51187216e+00 -1.80582718e-01 -1.26558441e-20
1760             -1.05293439e+00 8.77405299e+02 7.20479601e-19 -9.56522705e+00 8.77585490e+02 7.32610606e-19 8.51229266e+00 -1.80190923e-01 -1.21310051e-20
1770             -4.36136584e-01 8.74927491e+02 7.31382963e-19 -8.94843859e+00 8.75107682e+02 7.44265330e-19 8.51230200e+00 -1.80190409e-01 -1.28823669e-20
1780             -1.96337101e-01 8.77351485e+02 7.66967999e-19 -8.70867874e+00 8.77531764e+02 7.79824667e-19 8.51234164e+00 -1.80279208e-01 -1.28566679e-20
1790             -9.12986400e-01 8.77448424e+02 7.32399197e-19 -9.42465628e+00 8.77628576e+02 7.45404333e-19 8.51166988e+00 -1.80151754e-01 -1.30051365e-20
1800             -1.00020971e+00 8.76971894e+02 7.36469412e-19 -9.51163860e+00 8.77152236e+02 7.50135106e-19 8.51142890e+00 -1.80341351e-01 -1.36656942e-20
1810             -1.72360779e+00 8.78791592e+02 7.06689422e-19 -1.02344609e+01 8.78972157e+02 7.19742072e-19 8.51085313e+00 -1.80565113e-01 -1.30526503e-20
1820             -2.00076406e+00 8.78475308e+02 6.92833501e-19 -1.05108542e+01 8.78656214e+02 7.05694474e-19 8.51009018e+00 -1.80905858e-01 -1.28609737e-20
1830             -1.83193481e+00 8.79648773e+02 6.79863208e-19 -1.03417307e+01 8.79829649e+02 6.92640033e-19 8.50979587e+00 -1.80876390e-01 -1.27768241e-20
1840             -1.53460222e+00 8.78013203e+02 7.00200419e-19 -1.00445606e+01 8.78193702e+02 7.13143721e-19 8.50995841e+00 -1.80498664e-01 -1.29433023e-20
1850             -6.17801802e-01 8.78227474e+02 7.16202099e-19 -9.12756513e+00 8.78408144e+02 7.29068573e-19 8.50976332e+00 -1.80670196e-01 -1.28664742e-20
1860             -6.27062246e-01 8.78748238e+02 7.38249783e-19 -9.13645262e+00 8.78929423e+02 7.51514234e-19 8.50939037e+00 -1.81185240e-01 -1.32644510e-20
1870             -3.97074460e-01 8.76741186e+02 7.45045185e-19 -8.90599654e+00 8.76922164e+02 7.58280234e-19 8.50892208e+00 -1.80978227e-01 -1.32350486e-20
1880             -6.80201703e-01 8.76754171e+02 7.47386400e-19 -9.18950163e+00 8.76934786e+02 7.60876202e-19 8.50929992e+00 -1.80615403e-01 -1.34898019e-20
1890             -1.23180326e+00 8.79203876e+02 7.30024182e-19 -9.74101069e+00 8.79384898e+02 7.43459143e-19 8.50920742e+00 -1.81022493e-01 -1.34349609e-20
1900             -1.79842784e+00 8.79023924e+02 7.02973301e-19 -1.03072428e+01 8.79205414e+02 7.16715426e-19 8.50881497e+00 -1.81490080e-01 -1.37421249e-20
1910             -2.21882997e+00 8.80142028e+02 6.77739994e-19 -1.07276636e+01 8.80323187e+02 6.90875539e-19 8.50883366e+00 -1.81158324e-01 -1.31355452e-20
1920             -1.60397662e+00 8.81893493e+02 6.94723720e-19 -1.01128733e+01 8.82074920e+02 7.07989275e-19 8.50889665e+00 -1.81427077e-01 -1.32655554e-20
1930             -1.22027869e+00 8.78843753e+02 7.03149041e-19 -9.72869504e+00 8.79025348e+02 7.15863891e-19 8.50841634e+00 -1.81595366e-01 -1.27148501e-20
1940             -5.86401407e-01 8.80277953e+02 7.42033082e-19 -9.09468724e+00 8.80459110e+02 7.55596990e-19 8.50828583e+00 -1.81157313e-01 -1.35639076e-20
1950             -3.40747446e-01 8.75660106e+02 7.40524475e-19 -8.84876369e+00 8.75840938e+02 7.53778733e-19 8.50801624e+00 -1.80831872e-01 -1.32542580e-20
1960             -6.75300678e-01 8.77868279e+02 7.40587343e-19 -9.18335279e+00 8.78049583e+02 7.54330576e-19 8.50805211e+00 -1.81304070e-01 -1.37432323e-20
1970             -1.19282604e+00 8.77698948e+02 7.16958526e-19 -9.70079778e+00 8.77880125e+02 7.30409333e-19 8.50797174e+00 -1.81177447e-01 -1.34508075e-20
1980             -2.08400350e+00 8.79776420e+02 6.93450586e-19 -1.05921566e+01 8.79957480e+02 7.06947486e-19 8.50815311e+00 -1.81060128e-01 -1.34969001e-20
1990             -1.94997215e+00 8.79379333e+02 6.93570955e-19 -1.04580212e+01 8.79560735e+02 7.07066592e-19 8.50804903e+00 -1.81402075e-01 -1.34956369e-20
2000             -2.06982887e+00 8.79219269e+02 6.74571859e-19 -1.05778698e+01 8.79401070e+02 6.88034639e-19 8.50804091e+00 -1.81800308e-01 -1.34627800e-20
2010             -1.75485516e+00 8.82917061e+02 6.99414600e-19 -1.02628881e+01 8.83099186e+02 7.12380176e-19 8.50803296e+00 -1.82124498e-01 -1.29655763e-20
2020             -9.73570297e-01 8.78087193e+02 7.10688070e-19 -9.48154126e+00 8.78269102e+02 7.24281462e-19 8.50797096e+00 -1.81909321e-01 -1.35933916e-20
2030             -3.16981954e-01 8.77244125e+02 7.43678079e-19 -8.82506828e+00 8.77425799e+02 7.57426311e-19 8.50808633e+00 -1.81673862e-01 -1.37482319e-20
2040             -5.96161001e-01 8.80085402e+02 7.43090890e-19 -9.10359144e+00 8.80267573e+02 7.56582070e-19 8.50743044e+00 -1.82170274e-01 -1.34911796e-20
2050             -7.20282965e-01 8.76961518e+02 7.28343341e-19 -9.22745199e+00 8.77144225e+02 7.41801987e-19 8.50716902e+00 -1.82707001e-01 -1.34586465e-20
2060             -1.49940521e+00 8.78650869e+02 7.17001821e-19 -1.00064058e+01 8.78833592e+02 7.30599149e-19 8.50700059e+00 -1.82723066e-01 -1.35973275e-20
2070             -2.15526696e+00 8.81615571e+02 6.86606721e-19 -1.06613368e+01 8.81798911e+02 6.99614674e-19 8.50606986e+00 -1.83339970e-01 -1.30079531e-20
2080             -1.88550504e+00 8.80559905e+02 6.95160884e-19 -1.03908875e+01 8.80743268e+02 7.08777984e-19 8.50538250e+00 -1.83363293e-01 -1.36170996e-20
2090             -1.87399072e+00 8.79438250e+02 6.79872955e-19 -1.03788018e+01 8.79621709e+02 6.93111546e-19 8.50481108e+00 -1.83459415e-01 -1.32385910e-20
2100             -1.28092228e+00 8.81916810e+02 7.11004496e-19 -9.78555020e+00 8.82099985e+02 7.23924903e-19 8.50462792e+00 -1.83175255e-01 -1.29204072e-20
2110             -9.58444940e-01 8.80460606e+02 7.19423289e-19 -9.46231613e+00 8.80643268e+02 7.32413439e-19 8.50387119e+00 -1.82661752e-01 -1.29901501e-20
2120             -5.02429088e-01 8.78433591e+02 7.31245150e-19 -9.00631791e+00 8.78615702e+02 7.44720680e-19 8.50388882e+00 -1.82111385e-01 -1.34755293e-20
2130             -9.06441508e-01 8.78765301e+02 7.35213779e-19 -9.41059734e+00 8.78947119e+02 7.48927121e-19 8.50415583e+00 -1.81817976e-01 -1.37133416e-20
2140             -1.02239784e+00 8.80550901e+02 7.27053338e-19 -9.52673814e+00 8.80732933e+02 7.40937102e-19 8.50434030e+00 -1.82032217e-01 -1.38837636e-20
2150             -1.74855092e+00 8.80045936e+02 6.98550214e-19 -1.02530034e+01 8.80227785e+02 7.11759930e-19 8.50445251e+00 -1.81848687e-01 -1.32097161e-20
2160             -2.41875565e+00 8.82444184e+02 6.79970966e-19 -1.09231551e+01 8.82626635e+02 6.93477237e-19 8.50439946e+00 -1.82450985e-01 -1.35062710e-20
2170             -1.81078338e+00 8.82051401e+02 6.99325284e-19 -1.03155365e+01 8.82234038e+02 7.12090266e-19 8.50475309e+00 -1.82637036e-01 -1.27649812e-20
2180             -1.69105866e+00 8.82005719e+02 6.87148425e-19 -1.01966581e+01 8.82187794e+02 7.00093055e-19 8.50559941e+00 -1.82074896e-01 -1.29446308e-20
2190             -5.82029275e-01 8.79350959e+02 7.33295051e-19 -9.08809066e+00 8.79532944e+02 7.46564985e-19 8.50606139e+00 -1.81984992e-01 -1.32699344e-20
2200             -7.58841161e-01 8.80617855e+02 7.28451513e-19 -9.26555276e+00 8.80799098e+02 7.41998774e-19 8.50671160e+00 -1.81243448e-01 -1.35472610e-20
2210             -4.79401317e-01 8.80044050e+02 7.40462462e-19 -8.98705062e+00 8.80225411e+02 7.54181230e-19 8.50764930e+00 -1.81360527e-01 -1.37187683e-20
2220             -1.24082681e+00 8.79203555e+02 7.19992820e-19 -9.74903909e+00 8.79384783e+02 7.33719774e-19 8.50821228e+00 -1.81228666e-01 -1.37269546e-20
2230             -1.38968961e+00 8.80195604e+02 7.05601997e-19 -9.89850873e+00 8.80377103e+02 7.19227351e-19 8.50881912e+00 -1.81499045e-01 -1.36253536e-20
2240             -1.78660918e+00 8.80880121e+02 6.91481601e-19 -1.02964411e+01 8.81061525e+02 7.05214082e-19 8.50983191e+00 -1.81403861e-01 -1.37324807e-20
2250             -2.19817027e+00 8.82195379e+02 6.76313548e-19 -1.07086341e+01 8.82377196e+02 6.89506908e-19 8.51046385e+00 -1.81816812e-01 -1.31933597e-20
2260             -1.77255616e+00 8.81849121e+02 6.84464943e-19 -1.02838474e+01 8.82030845e+02 6.97647024e-19 8.51129120e+00 -1.81723330e-01 -1.31820812e-20
2270             -1.36271553e+00 8.81663454e+02 6.95876875e-19 -9.87496201e+00 8.81845150e+02 7.09407765e-19 8.51224647e+00 -1.81696057e-01 -1.35308899e-20
2280             -6.63929010e-01 8.78997341e+02 7.19822838e-19 -9.17704101e+00 8.79178928e+02 7.33458716e-19 8.51311200e+00 -1.81586087e-01 -1.36358776e-20
2290             -7.70025985e-01 8.81821170e+02 7.36336789e-19 -9.28426561e+00 8.82002647e+02 7.50078207e-19 8.51423962e+00 -1.81476972e-01 -1.37414179e-20
2300             -9.59739582e-01 8.80386087e+02 7.31188337e-19 -9.47501472e+00 8.80567420e+02 7.45214433e-19 8.51527514e+00 -1.81333176e-01 -1.40260956e-20
2310             -1.13472720e+00 8.80318291e+02 7.11414879e-19 -9.65129027e+00 8.80499729e+02 7.25177436e-19 8.51656307e+00 -1.81438345e-01 -1.37625572e-20
2320             -1.85644029e+00 8.81404032e+02 6.88065494e-19 -1.03750766e+01 8.81585926e+02 7.01349404e-19 8.51863635e+00 -1.81894121e-01 -1.32839102e-20
2330             -2.03921782e+00 8.82356994e+02 6.85365957e-19 -1.05590538e+01 8.82539536e+02 6.98564166e-19 8.51983594e+00 -1.82541758e-01 -1.31982088e-20
2340             -1.99918318e+00 8.83495365e+02 6.76435378e-19 -1.05201739e+01 8.83678236e+02 6.89585905e-19 8.52099070e+00 -1.82870802e-01 -1.31505265e-20
2350             -1.40647436e+00 8.82787895e+02 7.04754478e-19 -9.92860806e+00 8.82970901e+02 7.17973380e-19 8.52213369e+00 -1.83005855e-01 -1.32189021e-20
2360             -9.75058267e-01 8.82057474e+02 7.06138267e-19 -9.49793656e+00 8.82240439e+02 7.19359740e-19 8.52287830e+00 -1.82964412e-01 -1.32214728e-20
2370             -7.78471323e-01 8.80711510e+02 7.35890218e-19 -9.30212174e+00 8.80894775e+02 7.49044162e-19 8.52365042e+00 -1.83264975e-01 -1.31539439e-20
2380             -6.79745052e-01 8.80650148e+02 7.32263581e-19 -9.20379326e+00 8.80833480e+02 7.45472568e-19 8.52404821e+00 -1.83332822e-01 -1.32089865e-20
2390             -1.21828743e+00 8.81431129e+02 7.32227354e-19 -9.74233369e+00 8.81615219e+02 7.45817211e-19 8.52404625e+00 -1.84089577e-01 -1.35898573e-20
2400             -2.00687126e+00 8.84194551e+02 7.04327506e-19 -1.05305136e+01 8.84378424e+02 7.17294048e-19 8.52364231e+00 -1.83872520e-01 -1.29665413e-20
2410             -2.25231086e+00 8.83834564e+02 6.85046296e-19 -1.07755447e+01 8.84018124e+02 6.98067012e-19 8.52323387e+00 -1.83559860e-01 -1.30207162e-20
2420             -1.72226474e+00 8.81673575e+02 6.83926254e-19 -1.02452280e+01 8.81857433e+02 6.97077671e-19 8.52296331e+00 -1.83858625e-01 -1.31514173e-20
2430             -1.80303744e+00 8.82955187e+02 6.90979885e-19 -1.03257262e+01 8.83138783e+02 7.03957016e-19 8.52268878e+00 -1.83595616e-01 -1.29771308e-20
2440             -9.84454921e-01 8.84835729e+02 7.15331204e-19 -9.50651429e+00 8.85019385e+02 7.28388335e-19 8.52205937e+00 -1.83655674e-01 -1.30571307e-20
2450             -2.99169468e-01 8.77678079e+02 7.29651584e-19 -8.82083416e+00 8.77861851e+02 7.43090247e-19 8.52166469e+00 -1.83772152e-01 -1.34386625e-20
2460             -6.64521707e-01 8.81088166e+02 7.39076324e-19 -9.18615226e+00 8.81271962e+02 7.52861386e-19 8.52163055e+00 -1.83796058e-01 -1.37850614e-20
2470             -1.10486637e+00 8.83045858e+02 7.28439104e-19 -9.62611507e+00 8.83229683e+02 7.42564000e-19 8.52124869e+00 -1.83824645e-01 -1.41248954e-20
2480             -1.96807701e+00 8.80602553e+02 6.91769646e-19 -1.04887284e+01 8.80786713e+02 7.05118267e-19 8.52065140e+00 -1.84159641e-01 -1.33486205e-20
2490             -2.23560064e+00 8.83949909e+02 6.91339089e-19 -1.07553931e+01 8.84134743e+02 7.04760817e-19 8.51979242e+00 -1.84834054e-01 -1.34217279e-20
2500             -2.00168447e+00 8.84650612e+02 6.85943629e-19 -1.05211821e+01 8.84835285e+02 6.98959189e-19 8.51949761e+00 -1.84672455e-01 -1.30155599e-20
2510             -2.09125826e+00 8.83381125e+02 6.78703473e-19 -1.06104932e+01 8.83566115e+02 6.92043082e-19 8.51923496e+00 -1.84990686e-01 -1.33396085e-20
2520             -7.40081801e-01 8.83161820e+02 7.23375969e-19 -9.25864558e+00 8.83347129e+02 7.36266411e-19 8.51856378e+00 -1.85308544e-01 -1.28904418e-20
2530             -4.79536259e-01 8.80502998e+02 7.18433625e-19 -8.99765919e+00 8.80688195e+02 7.31990872e-19 8.51812293e+00 -1.85197381e-01 -1.35572468e-20
2540             -5.98487905e-01 8.81854416e+02 7.51125639e-19 -9.11626433e+00 8.82039657e+02 7.64806331e-19 8.51777643e+00 -1.85240724e-01 -1.36806917e-20
2550             -8.95441854e-01 8.78473859e+02 7.22646061e-19 -9.41293724e+00 8.78658628e+02 7.35725051e-19 8.51749538e+00 -1.84768493e-01 -1.30789895e-20
2560             -1.82386878e+00 8.82077535e+02 7.13605958e-19 -1.03408051e+01 8.82262670e+02 7.27152475e-19 8.51693636e+00 -1.85134930e-01 -1.35465171e-20
2570             -2.04788700e+00 8.82909389e+02 6.87716251e-19 -1.05641163e+01 8.83095130e+02 7.01071774e-19 8.51622931e+00 -1.85741175e-01 -1.33555225e-20
2580             -2.44614463e+00 8.84960542e+02 6.73768210e-19 -1.09618363e+01 8.85145643e+02 6.86828442e-19 8.51569170e+00 -1.85100586e-01 -1.30602315e-20
2590             -1.89285442e+00 8.83916475e+02 6.85078926e-19 -1.04077263e+01 8.84102130e+02 6.97881779e-19 8.51487187e+00 -1.85655453e-01 -1.28028532e-20
2600             -1.21498523e+00 8.83091677e+02 6.84351811e-19 -9.72894823e+00 8.83277241e+02 6.97735489e-19 8.51396300e+00 -1.85564240e-01 -1.33836780e-20
2610             -9.44043027e-01 8.83471591e+02 7.37641499e-19 -9.45812606e+00 8.83657431e+02 7.50998124e-19 8.51408303e+00 -1.85840157e-01 -1.33566250e-20
2620             -5.53667968e-01 8.81355716e+02 7.29075768e-19 -9.06758706e+00 8.81541133e+02 7.42787379e-19 8.51391909e+00 -1.85417159e-01 -1.37116103e-20
2630             -8.50192065e-01 8.81264703e+02 7.39680337e-19 -9.36396056e+00 8.81450382e+02 7.53152822e-19 8.51376850e+00 -1.85679623e-01 -1.34724851e-20
2640             -1.29811105e+00 8.83689361e+02 7.23974534e-19 -9.81166706e+00 8.83875070e+02 7.37823625e-19 8.51355601e+00 -1.85709253e-01 -1.38490903e-20
2650             -2.11322227e+00 8.83098838e+02 6.93937836e-19 -1.06269499e+01 8.83284517e+02 7.07539546e-19 8.51372760e+00 -1.85679118e-01 -1.36017102e-20
2660             -2.37541628e+00 8.84467594e+02 6.82586348e-19 -1.08891769e+01 8.84653740e+02 6.96087083e-19 8.51376061e+00 -1.86146255e-01 -1.35007354e-20
2670             -2.33886076e+00 8.85359550e+02 6.71096941e-19 -1.08530176e+01 8.85545468e+02 6.84108362e-19 8.51415688e+00 -1.85917122e-01 -1.30114210e-20
2680             -1.42801940e+00 8.84406680e+02 6.94061899e-19 -9.94185518e+00 8.84592578e+02 7.07332238e-19 8.51383577e+00 -1.85897933e-01 -1.32703384e-20
2690             -1.17943064e+00 8.82944992e+02 7.03437254e-19 -9.69306361e+00 8.83130609e+02 7.16502893e-19 8.51363297e+00 -1.85616731e-01 -1.30656391e-20
2700             -4.53917793e-01 8.82024781e+02 7.44546523e-19 -8.96718036e+00 8.82210467e+02 7.57587940e-19 8.51326257e+00 -1.85685568e-01 -1.30414178e-20
2710             -8.36710099e-01 8.82562392e+02 7.25686155e-19 -9.34991133e+00 8.82747238e+02 7.38828037e-19 8.51320123e+00 -1.84845698e-01 -1.31418817e-20
2720             -1.25164722e+00 8.82208295e+02 7.23563108e-19 -9.76434101e+00 8.82393931e+02 7.36827710e-19 8.51269379e+00 -1.85635839e-01 -1.32646019e-20
2730             -1.49132891e+00 8.82042112e+02 7.03038953e-19 -1.00039401e+01 8.82227646e+02 7.16304317e-19 8.51261123e+00 -1.85533273e-01 -1.32653633e-20
2740             -2.37434257e+00 8.84958417e+02 6.74723043e-19 -1.08863719e+01 8.85143800e+02 6.87950658e-19 8.51202938e+00 -1.85383305e-01 -1.32276150e-20
2750             -2.09584554e+00 8.84334425e+02 6.88399210e-19 -1.06081507e+01 8.84519997e+02 7.01257436e-19 8.51230520e+00 -1.85571481e-01 -1.28582261e-20
2760             -1.62450463e+00 8.83153975e+02 6.78749915e-19 -1.01365016e+01 8.83339885e+02 6.91892450e-19 8.51199697e+00 -1.85910651e-01 -1.31425352e-20
2770             -1.14371180e+00 8.84306650e+02 7.11984388e-19 -9.65577273e+00 8.84492075e+02 7.24993903e-19 8.51206093e+00 -1.85424811e-01 -1.30095144e-20
2780             -6.54273604e-01 8.82310302e+02 7.28298875e-19 -9.16639025e+00 8.82495626e+02 7.42255247e-19 8.51211664e+00 -1.85324546e-01 -1.39563720e-20
2790             -6.24320858e-01 8.82732300e+02 7.46896763e-19 -9.13611236e+00 8.82918088e+02 7.60663305e-19 8.51179151e+00 -1.85788542e-01 -1.37665420e-20
2800             -1.02272146e+00 8.80836723e+02 7.24770193e-19 -9.53478411e+00 8.81021946e+02 7.38660436e-19 8.51206265e+00 -1.85222746e-01 -1.38902428e-20
2810             -1.27114441e+00 8.82643128e+02 7.18191865e-19 -9.78358466e+00 8.82828587e+02 7.32338363e-19 8.51244026e+00 -1.85459692e-01 -1.41464980e-20
2820             -2.46038324e+00 8.84559560e+02 6.88649025e-19 -1.09727041e+01 8.84745215e+02 7.01918352e-19 8.51232085e+00 -1.85655023e-01 -1.32693266e-20
2830             -2.08906158e+00 8.84081883e+02 6.74972091e-19 -1.06015291e+01 8.84267752e+02 6.88246978e-19 8.51246756e+00 -1.85869177e-01 -1.32748862e-20
2840             -1.83705158e+00 8.84337683e+02 6.67688365e-19 -1.03499907e+01 8.84523815e+02 6.80302877e-19 8.51293917e+00 -1.86132712e-01 -1.26145127e-20
2850             -1.30094218e+00 8.83225786e+02 7.11791416e-19 -9.81463804e+00 8.83411749e+02 7.25100525e-19 8.51369586e+00 -1.85962623e-01 -1.33091096e-20
2860             -7.50366547e-01 8.83278058e+02 7.20829371e-19 -9.26423507e+00 8.83464086e+02 7.34619445e-19 8.51386853e+00 -1.86027866e-01 -1.37900736e-20
2870             -6.76400077e-01 8.82193454e+02 7.34975009e-19 -9.19106280e+00 8.82378894e+02 7.48133828e-19 8.51466272e+00 -1.85439832e-01 -1.31588189e-20
2880             -3.49120407e-01 8.81767223e+02 7.38966872e-19 -8.86469185e+00 8.81952802e+02 7.52739922e-19 8.51557144e+00 -1.85579507e-01 -1.37730505e-20
2890             -1.46982860e+00 8.83859424e+02 7.16902322e-19 -9.98586084e+00 8.84045163e+02 7.30532976e-19 8.51603225e+00 -1.85739384e-01 -1.36306540e-20
2900             -1.82995446e+00 8.82309235e+02 6.93471254e-19 -1.03465127e+01 8.82495100e+02 7.06914484e-19 8.51655821e+00 -1.85865003e-01 -1.34432305e-20
2910             -1.99632625e+00 8.85932341e+02 7.02518402e-19 -1.05138048e+01 8.86118264e+02 7.15519173e-19 8.51747855e+00 -1.85922298e-01 -1.30007710e-20
2920             -2.32080222e+00 8.82308051e+02 6.64577972e-19 -1.08391304e+01 8.82493875e+02 6.77963099e-19 8.51832816e+00 -1.85824086e-01 -1.33851267e-20
2930             -1.44096629e+00 8.85363170e+02 6.89295719e-19 -9.95974677e+00 8.85549691e+02 7.02397402e-19 8.51878048e+00 -1.86520947e-01 -1.31016831e-20
2940             -1.15104202e+00 8.82333322e+02 6.97867100e-19 -9.67050417e+00 8.82519337e+02 7.11123937e-19 8.51946215e+00 -1.86015504e-01 -1.32568373e-20
2950             -6.90097074e-01 8.83659393e+02 7.29239811e-19 -9.20998657e+00 8.83845277e+02 7.42664823e-19 8.51988949e+00 -1.85883759e-01 -1.34250122e-20
2960             -8.20554983e-01 8.82927219e+02 7.35614607e-19 -9.34096820e+00 8.83112714e+02 7.49547814e-19 8.52041321e+00 -1.85494987e-01 -1.39332070e-20
2970             -7.20296231e-01 8.80078788e+02 7.37574649e-19 -9.24107163e+00 8.80264052e+02 7.51159922e-19 8.52077540e+00 -1.85264574e-01 -1.35852737e-20
2980             -1.54433705e+00 8.83535232e+02 7.10501202e-19 -1.00651874e+01 8.83720943e+02 7.24080750e-19 8.52085036e+00 -1.85710906e-01 -1.35795477e-20
2990             -1.99118266e+00 8.82122812e+02 7.03886862e-19 -1.05119162e+01 8.82308936e+02 7.17164201e-19 8.52073355e+00 -1.86124013e-01 -1.32773387e-20
3000             -2.27940146e+00 8.86258913e+02 6.70886713e-19 -1.08007850e+01 8.86445330e+02 6.84095014e-19 8.52138351e+00 -1.86417467e-01 -1.32083009e-20
3010             -1.79589339e+00 8.84764833e+02 6.71160269e-19 -1.03177060e+01 8.84951387e+02 6.84561879e-19 8.52181257e+00 -1.86553811e-01 -1.34016097e-20
3020             -1.63371262e+00 8.83967323e+02 6.92135096e-19 -1.01558993e+01 8.84153182e+02 7.05463094e-19 8.52218664e+00 -1.85858084e-01 -1.33279982e-20
3030             -8.18437546e-01 8.82054438e+02 7.05692366e-19 -9.34103680e+00 8.82240747e+02 7.19009122e-19 8.52259925e+00 -1.86309211e-01 -1.33167558e-20
3040             -8.70424685e-01 8.84910645e+02 7.37102370e-19 -9.39300147e+00 8.85096568e+02 7.50792550e-19 8.52257678e+00 -1.85922899e-01 -1.36901798e-20
3050             -4.30983155e-01 8.81235704e+02 7.30101886e-19 -8.95377992e+00 8.81422046e+02 7.43316215e-19 8.52279676e+00 -1.86342022e-01 -1.32143281e-20
3060             -1.44767677e+00 8.82822795e+02 7.24983245e-19 -9.97042667e+00 8.83008685e+02 7.38916649e-19 8.52274990e+00 -1.85890367e-01 -1.39334033e-20
3070             -1.86537285e+00 8.83506050e+02 7.02991692e-19 -1.03885213e+01 8.83692383e+02 7.16854889e-19 8.52314848e+00 -1.86333212e-01 -1.38631976e-20
3080             -2.48944112e+00 8.83756172e+02 6.70704928e-19 -1.10125442e+01 8.83943106e+02 6.83591969e-19 8.52310309e+00 -1.86934330e-01 -1.28870411e-20
3090             -2.00488076e+00 8.86128950e+02 6.85617529e-19 -1.05276633e+01 8.86316490e+02 6.99006133e-19 8.52278249e+00 -1.87539626e-01 -1.33886034e-20
3100             -1.50787799e+00 8.83091269e+02 6.81796053e-19 -1.00308826e+01 8.83278297e+02 6.94483158e-19 8.52300459e+00 -1.87027978e-01 -1.26871045e-20
3110             -9.73073283e-01 8.82262315e+02 7.22676526e-19 -9.49580568e+00 8.82449461e+02 7.36247970e-19 8.52273240e+00 -1.87145199e-01 -1.35714447e-20
3120             -5.37478923e-01 8.82288760e+02 7.29482145e-19 -9.06055452e+00 8.82475595e+02 7.42855711e-19 8.52307560e+00 -1.86835356e-01 -1.33735661e-20
3130             -6.73108488e-01 8.81362581e+02 7.30141092e-19 -9.19567734e+00 8.81549200e+02 7.43919642e-19 8.52256885e+00 -1.86618815e-01 -1.37785508e-20
3140             -1.13916550e+00 8.84189295e+02 7.28639474e-19 -9.66160452e+00 8.84376439e+02 7.42048748e-19 8.52243903e+00 -1.87144124e-01 -1.34092734e-20
3150             -1.68164445e+00 8.82019371e+02 6.94389749e-19 -1.02035041e+01 8.82206164e+02 7.08242444e-19 8.52185961e+00 -1.86792939e-01 -1.38526956e-20
3160             -2.30428363e+00 8.84953487e+02 6.81669160e-19 -1.08257336e+01 8.85141201e+02 6.94807144e-19 8.52144997e+00 -1.87714724e-01 -1.31379840e-20
3170             -2.35016673e+00 8.84773470e+02 6.76815873e-19 -1.08713080e+01 8.84960915e+02 6.90128352e-19 8.52114122e+00 -1.87444355e-01 -1.33124797e-20
3180             -1.43644280e+00 8.85097043e+02 6.86630000e-19 -9.95687431e+00 8.85284767e+02 6.99615248e-19 8.52043152e+00 -1.87724220e-01 -1.29852482e-20
3190             -1.15904097e+00 8.84542144e+02 7.13738922e-19 -9.67872650e+00 8.84729210e+02 7.26774128e-19 8.51968554e+00 -1.87065707e-01 -1.30352061e-20
3200             -6.77191693e-01 8.83956790e+02 7.31286059e-19 -9.19677475e+00 8.84143643e+02 7.44589956e-19 8.51958306e+00 -1.86852815e-01 -1.33038967e-20
3210             -8.16028865e-01 8.82991388e+02 7.37563244e-19 -9.33481055e+00 8.83178171e+02 7.51382755e-19 8.51878169e+00 -1.86782800e-01 -1.38195101e-20
3220             -8.95346061e-01 8.81099616e+02 7.25357405e-19 -9.41348819e+00 8.81286259e+02 7.38910336e-19 8.51814213e+00 -1.86642755e-01 -1.35529310e-20
3230             -1.55194073e+00 8.82447367e+02 6.99642990e-19 -1.00697776e+01 8.82634574e+02 7.13008835e-19 8.51783684e+00 -1.87207172e-01 -1.33658448e-20
3240             -2.07898569e+00 8.83912036e+02 6.87722977e-19 -1.05963664e+01 8.84098945e+02 7.00928836e-19 8.51738071e+00 -1.86908546e-01 -1.32058592e-20
3250             -2.27350271e+00 8.86684360e+02 6.85298384e-19 -1.07907062e+01 8.86871387e+02 6.98277302e-19 8.51720350e+00 -1.87026528e-01 -1.29789176e-20
3260             -1.89364873e+00 8.84837890e+02 6.82806086e-19 -1.04100377e+01 8.85025152e+02 6.96138200e-19 8.51638899e+00 -1.87262719e-01 -1.33321139e-20
3270             -1.08071717e+00 8.85367452e+02 7.17394537e-19 -9.59737123e+00 8.85553966e+02 7.30868384e-19 8.51665406e+00 -1.86514403e-01 -1.34738467e-20
3280             -6.76498757e-01 8.82069915e+02 7.23119689e-19 -9.19282620e+00 8.82256517e+02 7.36876660e-19 8.51632744e+00 -1.86601695e-01 -1.37569711e-20
3290             -8.71276453e-01 8.85474272e+02 7.49967172e-19 -9.38732666e+00 8.85660089e+02 7.63465316e-19 8.51605020e+00 -1.85817095e-01 -1.34981438e-20
3300             -9.71216198e-01 8.82016326e+02 7.25220788e-19 -9.48771056e+00 8.82202223e+02 7.38824160e-19 8.51649436e+00 -1.85896862e-01 -1.36033730e-20
3310             -1.64559484e+00 8.82497820e+02 6.98910646e-19 -1.01621218e+01 8.82683537e+02 7.12257243e-19 8.51652700e+00 -1.85716798e-01 -1.33465969e-20
3320             -2.21248283e+00 8.85387184e+02 6.82376518e-19 -1.07289656e+01 8.85573542e+02 6.95727513e-19 8.51648280e+00 -1.86358305e-01 -1.33509945e-20
3330             -2.32559938e+00 8.85738520e+02 6.68602750e-19 -1.08424488e+01 8.85924704e+02 6.81708714e-19 8.51684946e+00 -1.86183614e-01 -1.31059638e-20
3340             -1.83856940e+00 8.85755949e+02 6.85197199e-19 -1.03556538e+01 8.85942181e+02 6.98266171e-19 8.51708444e+00 -1.86231540e-01 -1.30689723e-20
3350             -1.19024558e+00 8.83760006e+02 6.95258750e-19 -9.70797304e+00 8.83946095e+02 7.08633365e-19 8.51772746e+00 -1.86088683e-01 -1.33746149e-20
3360             -9.66259736e-01 8.82803514e+02 7.18521927e-19 -9.48452076e+00 8.82989207e+02 7.31962669e-19 8.51826103e+00 -1.85693131e-01 -1.34407425e-20
3370             -6.01230661e-01 8.83533115e+02 7.28061221e-19 -9.12026499e+00 8.83718752e+02 7.41209362e-19 8.51903433e+00 -1.85636232e-01 -1.31481403e-20
3380             -1.03573304e+00 8.81210729e+02 7.31909955e-19 -9.55495666e+00 8.81396171e+02 7.45398272e-19 8.51922363e+00 -1.85441916e-01 -1.34883161e-20
3390             -1.47375027e+00 8.84909466e+02 7.25291924e-19 -9.99348344e+00 8.85095190e+02 7.39267121e-19 8.51973317e+00 -1.85723882e-01 -1.39751967e-20
3400             -1.96279311e+00 8.84446931e+02 7.01463506e-19 -1.04827432e+01 8.84632606e+02 7.14676567e-19 8.51995012e+00 -1.85674702e-01 -1.32130607e-20
3410             -2.48225130e+00 8.86313693e+02 6.75337741e-19 -1.10028340e+01 8.86499738e+02 6.88648420e-19 8.52058266e+00 -1.86045395e-01 -1.33106786e-20
3420             -1.77631363e+00 8.83916297e+02 6.81138959e-19 -1.02975431e+01 8.84102081e+02 6.94158677e-19 8.52122944e+00 -1.85783996e-01 -1.30197182e-20
3430             -1.57672299e+00 8.84973406e+02 6.84945818e-19 -1.00988241e+01 8.85158915e+02 6.97574328e-19 8.52210111e+00 -1.85509192e-01 -1.26285096e-20
3440             -6.56221664e-01 8.83088144e+02 7.07039764e-19 -9.17908166e+00 8.83274151e+02 7.20159225e-19 8.52285999e+00 -1.86007403e-01 -1.31194607e-20
3450             -9.89898994e-01 8.84538311e+02 7.27144663e-19 -9.51340604e+00 8.84724579e+02 7.41082819e-19 8.52350704e+00 -1.86268058e-01 -1.39381561e-20
3460             -7.56505336e-01 8.84263003e+02 7.34781729e-19 -9.28005462e+00 8.84449141e+02 7.48213810e-19 8.52354929e+00 -1.86137541e-01 -1.34320812e-20
3470             -1.03766792e+00 8.80827797e+02 7.19092603e-19 -9.56228364e+00 8.81013696e+02 7.32991845e-19 8.52461572e+00 -1.85899001e-01 -1.38992416e-20
3480             -1.82352073e+00 8.84148378e+02 6.96074861e-19 -1.03484396e+01 8.84335050e+02 7.09519941e-19 8.52491892e+00 -1.86672671e-01 -1.34450799e-20
3490             -2.04823611e+00 8.83860556e+02 6.87599228e-19 -1.05734227e+01 8.84047190e+02 7.01111869e-19 8.52518663e+00 -1.86633235e-01 -1.35126412e-20
3500             -2.22460357e+00 8.86420181e+02 6.82203912e-19 -1.07500475e+01 8.86607356e+02 6.95739816e-19 8.52544395e+00 -1.87175023e-01 -1.35359034e-20
3510             -1.31286138e+00 8.83745349e+02 6.98418619e-19 -9.83792039e+00 8.83933049e+02 7.11521886e-19 8.52505901e+00 -1.87700287e-01 -1.31032665e-20
3520             -1.06433498e+00 8.85252354e+02 7.10912511e-19 -9.58981108e+00 8.85439485e+02 7.24602051e-19 8.52547610e+00 -1.87130716e-01 -1.36895395e-20
3530             -8.71881320e-01 8.82945208e+02 7.20024905e-19 -9.39730566e+00 8.83132684e+02 7.33794126e-19 8.52542434e+00 -1.87476298e-01 -1.37692209e-20
3540             -8.34441200e-01 8.84106100e+02 7.22802884e-19 -9.35945580e+00 8.84293055e+02 7.36541531e-19 8.52501460e+00 -1.86954964e-01 -1.37386467e-20
3550             -1.09790228e+00 8.81105003e+02 7.30599906e-19 -9.62256173e+00 8.81292037e+02 7.44430241e-19 8.52465945e+00 -1.87033998e-01 -1.38303347e-20
3560             -1.71600103e+00 8.84439724e+02 7.01480128e-19 -1.02403882e+01 8.84626591e+02 7.14626209e-19 8.52438715e+00 -1.86867796e-01 -1.31460813e-20
3570             -1.83703898e+00 8.83217740e+02 6.85331654e-19 -1.03611070e+01 8.83404922e+02 6.98847057e-19 8.52406800e+00 -1.87182648e-01 -1.35154022e-20
3580             -2.44039138e+00 8.85598591e+02 6.74787941e-19 -1.09643615e+01 8.85786025e+02 6.87770977e-19 8.52397015e+00 -1.87433191e-01 -1.29830366e-20
3590             -1.78149573e+00 8.86252681e+02 6.91430022e-19 -1.03044479e+01 8.86439987e+02 7.04740482e-19 8.52295217e+00 -1.87306399e-01 -1.33104595e-20
3600             -1.05520063e+00 8.83392740e+02 7.08316846e-19 -9.57808917e+00 8.83579294e+02 7.21456082e-19 8.52288854e+00 -1.86553672e-01 -1.31392367e-20
3610             -5.68866008e-01 8.81209116e+02 7.14528731e-19 -9.09159043e+00 8.81396075e+02 7.28075466e-19 8.52272442e+00 -1.86958731e-01 -1.35467351e-20
3620             -7.99199329e-01 8.84767631e+02 7.39324736e-19 -9.32134409e+00 8.84954512e+02 7.53027987e-19 8.52214476e+00 -1.86881744e-01 -1.37032518e-20
3630             -1.11054864e+00 8.82838943e+02 7.21873058e-19 -9.63235957e+00 8.83025234e+02 7.35829307e-19 8.52181093e+00 -1.86290733e-01 -1.39562493e-20
3640             -1.57550877e+00 8.82662425e+02 7.11615518e-19 -1.00968059e+01 8.82848842e+02 7.25203116e-19 8.52129713e+00 -1.86416756e-01 -1.35875981e-20
3650             -2.35016438e+00 8.86548210e+02 6.97256735e-19 -1.08705168e+01 8.86734929e+02 7.10391229e-19 8.52035242e+00 -1.86719567e-01 -1.31344940e-20
3660             -2.16219715e+00 8.84561913e+02 6.73522146e-19 -1.06818683e+01 8.84748495e+02 6.86767651e-19 8.51967110e+00 -1.86581964e-01 -1.32455044e-20
3670             -1.91466885e+00 8.82921545e+02 6.71203261e-19 -1.04341009e+01 8.83108215e+02 6.84592840e-19 8.51943209e+00 -1.86669806e-01 -1.33895792e-20
3680             -1.22884622e+00 8.85677336e+02 6.97993982e-19 -9.74787958e+00 8.85864184e+02 7.10984227e-19 8.51903336e+00 -1.86847766e-01 -1.29902456e-20
3690             -6.19175733e-01 8.82633714e+02 7.32433072e-19 -9.13790055e+00 8.82819975e+02 7.45810126e-19 8.51872481e+00 -1.86260679e-01 -1.33770534e-20
3700             -4.15665347e-01 8.81904859e+02 7.44916176e-19 -8.93412689e+00 8.82091185e+02 7.58025553e-19 8.51846154e+00 -1.86326228e-01 -1.31093768e-20
3710             -1.16147656e+00 8.83734336e+02 7.25725960e-19 -9.67959019e+00 8.83920390e+02 7.39161231e-19 8.51811362e+00 -1.86053622e-01 -1.34352711e-20
3720             -1.06850463e+00 8.82481739e+02 7.20152535e-19 -9.58655577e+00 8.82667818e+02 7.33815014e-19 8.51805114e+00 -1.86079100e-01 -1.36624786e-20
3730             -2.09671928e+00 8.85421741e+02 6.88504740e-19 -1.06145695e+01 8.85607911e+02 7.02301811e-19 8.51785018e+00 -1.86169785e-01 -1.37970709e-20
3740             -2.28487106e+00 8.85198671e+02 6.83709547e-19 -1.08023943e+01 8.85385592e+02 6.96987766e-19 8.51752329e+00 -1.86921002e-01 -1.32782189e-20
3750             -1.84383816e+00 8.84873852e+02 6.78219126e-19 -1.03617454e+01 8.85060776e+02 6.91634621e-19 8.51790724e+00 -1.86923944e-01 -1.34154954e-20
3760             -1.71972725e+00 8.83668755e+02 6.86453534e-19 -1.02376097e+01 8.83855961e+02 7.00063805e-19 8.51788241e+00 -1.87206506e-01 -1.36102709e-20
3770             -1.00025385e+00 8.85104609e+02 7.15853361e-19 -9.51851530e+00 8.85292108e+02 7.29208000e-19 8.51826145e+00 -1.87498539e-01 -1.33546395e-20
3780             -9.38899889e-01 8.85352440e+02 7.40951421e-19 -9.45694457e+00 8.85539795e+02 7.54824486e-19 8.51804468e+00 -1.87355241e-01 -1.38730653e-20
3790             -2.83033210e-01 8.80426427e+02 7.31788859e-19 -8.80150789e+00 8.80613580e+02 7.45217258e-19 8.51847469e+00 -1.87153165e-01 -1.34283987e-20
3800             -1.42229600e+00 8.85147906e+02 7.30006423e-19 -9.94066814e+00 8.85335080e+02 7.43751452e-19 8.51837214e+00 -1.87174029e-01 -1.37450287e-20
3810             -1.48885439e+00 8.83110183e+02 7.07272162e-19 -1.00069483e+01 8.83297457e+02 7.20819161e-19 8.51809391e+00 -1.87273963e-01 -1.35469992e-20
3820             -2.03690091e+00 8.83639094e+02 6.84975168e-19 -1.05546625e+01 8.83826272e+02 6.98373268e-19 8.51776157e+00 -1.87177528e-01 -1.33981005e-20
3830             -2.39986857e+00 8.86942116e+02 6.74291255e-19 -1.09174172e+01 8.87129515e+02 6.87387096e-19 8.51754864e+00 -1.87398680e-01 -1.30958411e-20
3840             -2.13643455e+00 8.85874824e+02 6.75911231e-19 -1.06540931e+01 8.86062030e+02 6.88941692e-19 8.51765854e+00 -1.87206040e-01 -1.30304617e-20
3850             -1.45633911e+00 8.84238627e+02 6.93398765e-19 -9.97381754e+00 8.84426341e+02 7.06282095e-19 8.51747843e+00 -1.87713928e-01 -1.28833299e-20
3860             -1.16740499e+00 8.83522126e+02 6.96633538e-19 -9.68436942e+00 8.83709047e+02 7.09934566e-19 8.51696443e+00 -1.86921686e-01 -1.33010278e-20
3870             -6.97718564e-01 8.83286788e+02 7.24041286e-19 -9.21414435e+00 8.83474037e+02 7.37713041e-19 8.51642578e+00 -1.87249178e-01 -1.36717552e-20
3880             -8.22319625e-01 8.81833588e+02 7.29063792e-19 -9.33840808e+00 8.82020258e+02 7.42589322e-19 8.51608846e+00 -1.86669319e-01 -1.35255304e-20
3890             -7.97396596e-01 8.83473274e+02 7.33123422e-19 -9.31302945e+00 8.83660558e+02 7.46972477e-19 8.51563286e+00 -1.87283663e-01 -1.38490545e-20
3900             -1.48036382e+00 8.84651416e+02 7.18200572e-19 -9.99584934e+00 8.84838810e+02 7.32133471e-19 8.51548552e+00 -1.87393953e-01 -1.39328988e-20
3910             -2.17088175e+00 8.84655169e+02 6.90346534e-19 -1.06855817e+01 8.84842915e+02 7.03844091e-19 8.51469991e+00 -1.87746207e-01 -1.34975567e-20
3920             -2.29076195e+00 8.87047342e+02 6.80083451e-19 -1.08055763e+01 8.87234454e+02 6.93452191e-19 8.51481432e+00 -1.87112121e-01 -1.33687394e-20
3930             -1.85566281e+00 8.85447755e+02 6.76157259e-19 -1.03707257e+01 8.85634459e+02 6.89802719e-19 8.51506292e+00 -1.86704299e-01 -1.36454600e-20
3940             -1.30423563e+00 8.84754373e+02 7.00034783e-19 -9.81910909e+00 8.84940857e+02 7.13665683e-19 8.51487346e+00 -1.86484283e-01 -1.36308999e-20
3950             -9.36721761e-01 8.84236556e+02 7.20611478e-19 -9.45182454e+00 8.84422168e+02 7.34125167e-19 8.51510278e+00 -1.85612114e-01 -1.35136898e-20
3960             -7.16326821e-01 8.82627476e+02 7.29336047e-19 -9.23167820e+00 8.82813198e+02 7.42851316e-19 8.51535138e+00 -1.85722826e-01 -1.35152684e-20
3970             -1.07370539e+00 8.82747541e+02 7.22698737e-19 -9.58958724e+00 8.82932877e+02 7.36037411e-19 8.51588185e+00 -1.85336748e-01 -1.33386742e-20
3980             -1.41497141e+00 8.82003222e+02 7.15847639e-19 -9.93121457e+00 8.82189030e+02 7.29124866e-19 8.51624317e+00 -1.85808262e-01 -1.32772279e-20
3990             -2.10542876e+00 8.83846755e+02 6.93686826e-19 -1.06221548e+01 8.84032716e+02 7.07323699e-19 8.51672602e+00 -1.85960721e-01 -1.36368722e-20
4000             -2.44044876e+00 8.86602072e+02 6.81322864e-19 -1.09574555e+01 8.86788109e+02 6.94682749e-19 8.51700676e+00 -1.86037388e-01 -1.33598853e-20
