# Moment        
# CofR          : (0.00000000e+00 0.00000000e+00 0.00000000e+00)
#
# Time          	total_x total_y total_z	pressure_x pressure_y pressure_z	viscous_x viscous_y viscous_z
10               -8.32156226e+02 1.93942377e+02 5.62853402e+02 -8.31931673e+02 1.97536700e+02 5.62901887e+02 -2.24553496e-01 -3.59432301e+00 -4.84855906e-02
20               5.70544197e+00 2.25408176e+01 -1.23760612e+02 6.03527200e+00 2.81970191e+01 -1.23669423e+02 -3.29830037e-01 -5.65620152e+00 -9.11893442e-02
30               1.83414028e+02 -1.72854295e+01 -2.43160920e+02 1.83815290e+02 -1.02882128e+01 -2.43050560e+02 -4.01262326e-01 -6.99721666e+00 -1.10360113e-01
40               1.93779894e+02 -1.85848629e+01 -2.44996040e+02 1.94208863e+02 -1.11766266e+01 -2.44888421e+02 -4.28969460e-01 -7.40823628e+00 -1.07618986e-01
50               2.00888337e+02 -1.80485110e+01 -2.49736676e+02 2.01308200e+02 -1.07317796e+01 -2.49630588e+02 -4.19863121e-01 -7.31673142e+00 -1.06087965e-01
60               2.08355108e+02 -1.78910142e+01 -2.55020667e+02 2.08755335e+02 -1.08304485e+01 -2.54916291e+02 -4.00226640e-01 -7.06056572e+00 -1.04376372e-01
70               2.06349497e+02 -1.74913883e+01 -2.50075941e+02 2.06728131e+02 -1.07155190e+01 -2.49974172e+02 -3.78634060e-01 -6.77586931e+00 -1.01769530e-01
80               2.13380984e+02 -1.85254357e+01 -2.53641911e+02 2.13739318e+02 -1.20261318e+01 -2.53542226e+02 -3.58333162e-01 -6.49930393e+00 -9.96855833e-02
90               2.36264938e+02 -2.00061541e+01 -2.77187885e+02 2.36605637e+02 -1.37548959e+01 -2.77089542e+02 -3.40699012e-01 -6.25125818e+00 -9.83433162e-02
100              2.81478298e+02 -2.07544831e+01 -3.28628076e+02 2.81800269e+02 -1.47235359e+01 -3.28526175e+02 -3.21970227e-01 -6.03094718e+00 -1.01900810e-01
110              3.28790811e+02 -1.99532239e+01 -3.84049813e+02 3.29089256e+02 -1.41137727e+01 -3.83934744e+02 -2.98444349e-01 -5.83945120e+00 -1.15069088e-01
120              3.65595508e+02 -1.90175935e+01 -4.29101074e+02 3.65866702e+02 -1.33500321e+01 -4.28967943e+02 -2.71193665e-01 -5.66756139e+00 -1.33131218e-01
130              3.94903699e+02 -1.73129917e+01 -4.64721793e+02 3.95149191e+02 -1.17846822e+01 -4.64570935e+02 -2.45491936e-01 -5.52830942e+00 -1.50858012e-01
140              4.18124734e+02 -1.56070437e+01 -4.91553038e+02 4.18348359e+02 -1.01895739e+01 -4.91386399e+02 -2.23625050e-01 -5.41746973e+00 -1.66639082e-01
150              4.32505304e+02 -1.48085838e+01 -5.09391515e+02 4.32710502e+02 -9.48010002e+00 -5.09211261e+02 -2.05197154e-01 -5.32848374e+00 -1.80254294e-01
160              4.41475760e+02 -1.31804849e+01 -5.22632583e+02 4.41665345e+02 -7.92343406e+00 -5.22440583e+02 -1.89584648e-01 -5.25705079e+00 -1.92000472e-01
170              4.46513748e+02 -1.20642691e+01 -5.31124872e+02 4.46689147e+02 -6.86520299e+00 -5.30921487e+02 -1.75398964e-01 -5.19906608e+00 -2.03385769e-01
180              4.52502971e+02 -1.09235991e+01 -5.39578732e+02 4.52665998e+02 -5.76985629e+00 -5.39365060e+02 -1.63026672e-01 -5.15374277e+00 -2.13672350e-01
190              4.58405924e+02 -9.67871649e+00 -5.47094840e+02 4.58556747e+02 -4.56156708e+00 -5.46870279e+02 -1.50823173e-01 -5.11714940e+00 -2.24560649e-01
200              4.62823648e+02 -9.32166158e+00 -5.54612682e+02 4.62963095e+02 -4.23488578e+00 -5.54378313e+02 -1.39446694e-01 -5.08677581e+00 -2.34369723e-01
210              4.66662811e+02 -8.78771358e+00 -5.59583836e+02 4.66791681e+02 -3.72971676e+00 -5.59341003e+02 -1.28870518e-01 -5.05799682e+00 -2.42833653e-01
220              4.70173683e+02 -8.06200279e+00 -5.63954992e+02 4.70293006e+02 -3.02918240e+00 -5.63704632e+02 -1.19323309e-01 -5.03282038e+00 -2.50360410e-01
230              4.73167189e+02 -7.61882142e+00 -5.67445720e+02 4.73278121e+02 -2.61338115e+00 -5.67189923e+02 -1.10932572e-01 -5.00544027e+00 -2.55796695e-01
240              4.75098617e+02 -7.21511585e+00 -5.70620725e+02 4.75200826e+02 -2.23849380e+00 -5.70359454e+02 -1.02208931e-01 -4.97662206e+00 -2.61271501e-01
250              4.75887752e+02 -6.46800135e+00 -5.72617183e+02 4.75982006e+02 -1.51642945e+00 -5.72350674e+02 -9.42541030e-02 -4.95157190e+00 -2.66508646e-01
260              4.77541154e+02 -6.08643858e+00 -5.75122135e+02 4.77628788e+02 -1.15816565e+00 -5.74851655e+02 -8.76335600e-02 -4.92827293e+00 -2.70480430e-01
270              4.79219709e+02 -5.77775909e+00 -5.77619491e+02 4.79301374e+02 -8.68290247e-01 -5.77344611e+02 -8.16659556e-02 -4.90946884e+00 -2.74879688e-01
280              4.78797998e+02 -5.56595143e+00 -5.77550654e+02 4.78874741e+02 -6.70798692e-01 -5.77271762e+02 -7.67427384e-02 -4.89515274e+00 -2.78892725e-01
290              4.80681623e+02 -5.18522072e+00 -5.80122283e+02 4.80753315e+02 -3.04356587e-01 -5.79839229e+02 -7.16915785e-02 -4.88086413e+00 -2.83053921e-01
300              4.82215703e+02 -5.05369537e+00 -5.81776737e+02 4.82282588e+02 -1.87976402e-01 -5.81490081e+02 -6.68854842e-02 -4.86571897e+00 -2.86656367e-01
310              4.82736877e+02 -5.01203839e+00 -5.82258868e+02 4.82799247e+02 -1.60067665e-01 -5.81968868e+02 -6.23702644e-02 -4.85197072e+00 -2.89999443e-01
320              4.83472628e+02 -4.79239173e+00 -5.83334060e+02 4.83530675e+02 4.85040816e-02 -5.83040760e+02 -5.80468355e-02 -4.84089581e+00 -2.93300383e-01
330              4.85139804e+02 -4.59844435e+00 -5.85501789e+02 4.85194322e+02 2.35239163e-01 -5.85205473e+02 -5.45180391e-02 -4.83368352e+00 -2.96315510e-01
340              4.85716106e+02 -4.41300740e+00 -5.86598220e+02 4.85767117e+02 4.14082590e-01 -5.86298998e+02 -5.10110123e-02 -4.82709000e+00 -2.99221775e-01
350              4.86481385e+02 -4.25561119e+00 -5.87725469e+02 4.86529194e+02 5.65089945e-01 -5.87423787e+02 -4.78087182e-02 -4.82070114e+00 -3.01681866e-01
360              4.86264454e+02 -4.20210139e+00 -5.87795115e+02 4.86309074e+02 6.12363363e-01 -5.87491115e+02 -4.46204555e-02 -4.81446475e+00 -3.03999616e-01
370              4.86313292e+02 -3.31416051e+00 -5.88709714e+02 4.86354543e+02 1.49428443e+00 -5.88403180e+02 -4.12511122e-02 -4.80844494e+00 -3.06533428e-01
380              4.87172332e+02 -2.93650103e+00 -5.90076062e+02 4.87210716e+02 1.86884251e+00 -5.89767172e+02 -3.83834573e-02 -4.80534354e+00 -3.08889859e-01
390              4.89098702e+02 -2.61985687e+00 -5.93105663e+02 4.89134778e+02 2.18526997e+00 -5.92794698e+02 -3.60754874e-02 -4.80512684e+00 -3.10964930e-01
400              4.87119954e+02 -2.59494448e+00 -5.91632018e+02 4.87154521e+02 2.21167198e+00 -5.91319446e+02 -3.45669257e-02 -4.80661646e+00 -3.12572240e-01
410              4.87080761e+02 -2.32264409e+00 -5.93024638e+02 4.87113639e+02 2.48590456e+00 -5.92710312e+02 -3.28787076e-02 -4.80854865e+00 -3.14325760e-01
420              4.85682663e+02 -2.39877047e+00 -5.92368123e+02 4.85713951e+02 2.41209900e+00 -5.92052129e+02 -3.12879287e-02 -4.81086947e+00 -3.15993822e-01
430              4.83642914e+02 -2.46592484e+00 -5.90769972e+02 4.83672904e+02 2.34942077e+00 -5.90452231e+02 -2.99896183e-02 -4.81534562e+00 -3.17740618e-01
440              4.83246574e+02 -2.23542472e+00 -5.91587671e+02 4.83275631e+02 2.58538909e+00 -5.91268441e+02 -2.90567027e-02 -4.82081381e+00 -3.19230271e-01
450              4.84050342e+02 -2.00781012e+00 -5.93740760e+02 4.84078572e+02 2.81983798e+00 -5.93419881e+02 -2.82291122e-02 -4.82764810e+00 -3.20878143e-01
460              4.80152704e+02 -2.11527941e+00 -5.89989967e+02 4.80180563e+02 2.71900240e+00 -5.89667948e+02 -2.78584571e-02 -4.83428181e+00 -3.22019562e-01
470              4.79242787e+02 -1.97111751e+00 -5.90107666e+02 4.79270524e+02 2.86998129e+00 -5.89784671e+02 -2.77362958e-02 -4.84109880e+00 -3.22995484e-01
480              4.78179496e+02 -2.00901713e+00 -5.89014859e+02 4.78207421e+02 2.83895087e+00 -5.88691317e+02 -2.79251725e-02 -4.84796800e+00 -3.23542299e-01
490              4.77515006e+02 -1.89718937e+00 -5.88927005e+02 4.77543033e+02 2.95764333e+00 -5.88602664e+02 -2.80268826e-02 -4.85483270e+00 -3.24341141e-01
500              4.77077894e+02 -1.65171364e+00 -5.89065322e+02 4.77106313e+02 3.20915313e+00 -5.88740703e+02 -2.84196978e-02 -4.86086677e+00 -3.24618875e-01
510              4.75537199e+02 -1.75332934e+00 -5.87504708e+02 4.75565671e+02 3.11477120e+00 -5.87178987e+02 -2.84721750e-02 -4.86810054e+00 -3.25721632e-01
520              4.74784112e+02 -1.36716958e+00 -5.87365082e+02 4.74813123e+02 3.50804141e+00 -5.87038915e+02 -2.90117176e-02 -4.87521099e+00 -3.26167789e-01
530              4.73722276e+02 -1.20913409e+00 -5.86608798e+02 4.73751998e+02 3.67332930e+00 -5.86282218e+02 -2.97220933e-02 -4.88246339e+00 -3.26579114e-01
540              4.71763963e+02 -1.16166150e+00 -5.84761471e+02 4.71794605e+02 3.72866856e+00 -5.84434601e+02 -3.06419819e-02 -4.89033006e+00 -3.26869966e-01
550              4.71702721e+02 -9.09246310e-01 -5.85342062e+02 4.71734311e+02 3.98909521e+00 -5.85014790e+02 -3.15897035e-02 -4.89834152e+00 -3.27272426e-01
560              4.69393168e+02 -8.09518301e-01 -5.83257709e+02 4.69425765e+02 4.09771333e+00 -5.82929907e+02 -3.25961947e-02 -4.90723164e+00 -3.27801748e-01
570              4.67292332e+02 -5.45189464e-01 -5.81660029e+02 4.67326248e+02 4.37170956e+00 -5.81331988e+02 -3.39160621e-02 -4.91689903e+00 -3.28041439e-01
580              4.67297373e+02 -1.36446019e-01 -5.82798248e+02 4.67332880e+02 4.79170237e+00 -5.82469911e+02 -3.55072516e-02 -4.92814839e+00 -3.28336666e-01
590              4.66322552e+02 -1.32855061e-01 -5.82577941e+02 4.66359674e+02 4.80689915e+00 -5.82249100e+02 -3.71224204e-02 -4.93975421e+00 -3.28840555e-01
600              4.61918488e+02 -2.66032252e-01 -5.78140869e+02 4.61957647e+02 4.68582117e+00 -5.77811987e+02 -3.91596384e-02 -4.95185342e+00 -3.28882219e-01
610              4.61926521e+02 -4.13502974e-01 -5.78731720e+02 4.61967815e+02 4.54987969e+00 -5.78402680e+02 -4.12945367e-02 -4.96338266e+00 -3.29039929e-01
620              4.62152837e+02 -4.77575804e-01 -5.79277649e+02 4.62196287e+02 4.49836343e+00 -5.78948114e+02 -4.34505350e-02 -4.97593923e+00 -3.29534568e-01
630              4.61712189e+02 -6.99993607e-01 -5.78340805e+02 4.61758126e+02 4.28817636e+00 -5.78011296e+02 -4.59369209e-02 -4.98816997e+00 -3.29508656e-01
640              4.62074977e+02 -1.23941579e+00 -5.77474648e+02 4.62123423e+02 3.76089282e+00 -5.77145228e+02 -4.84465513e-02 -5.00030860e+00 -3.29420431e-01
650              4.63860725e+02 -1.54801826e+00 -5.78683733e+02 4.63911030e+02 3.46301089e+00 -5.78353769e+02 -5.03052128e-02 -5.01102915e+00 -3.29964050e-01
660              4.65620028e+02 -1.66208604e+00 -5.79350841e+02 4.65672309e+02 3.35896778e+00 -5.79020712e+02 -5.22809419e-02 -5.02105382e+00 -3.30128986e-01
670              4.69447516e+02 -1.55817055e+00 -5.82975143e+02 4.69501362e+02 3.47234152e+00 -5.82644366e+02 -5.38459069e-02 -5.03051206e+00 -3.30777208e-01
680              4.68966978e+02 -1.88052983e+00 -5.81023573e+02 4.69022534e+02 3.15899220e+00 -5.80692596e+02 -5.55556495e-02 -5.03952203e+00 -3.30976615e-01
690              4.69760818e+02 -1.59527459e+00 -5.81732400e+02 4.69817986e+02 3.45325476e+00 -5.81401173e+02 -5.71679751e-02 -5.04852936e+00 -3.31227051e-01
700              4.71373320e+02 -1.33246509e+00 -5.83782813e+02 4.71432256e+02 3.72494338e+00 -5.83451599e+02 -5.89357102e-02 -5.05740847e+00 -3.31214065e-01
710              4.70803019e+02 -1.17203862e+00 -5.84153431e+02 4.70863863e+02 3.89567075e+00 -5.83821940e+02 -6.08447232e-02 -5.06770937e+00 -3.31490566e-01
720              4.69443751e+02 -8.49777681e-01 -5.84088662e+02 4.69506782e+02 4.22968827e+00 -5.83756625e+02 -6.30306907e-02 -5.07946595e+00 -3.32036707e-01
730              4.67049072e+02 -5.09429305e-01 -5.83210801e+02 4.67115215e+02 4.58363119e+00 -5.82878922e+02 -6.61427762e-02 -5.09306049e+00 -3.31879489e-01
740              4.64475697e+02 -1.53698259e-01 -5.82802178e+02 4.64545067e+02 4.95366957e+00 -5.82470135e+02 -6.93698065e-02 -5.10736783e+00 -3.32043428e-01
750              4.62199858e+02 4.97685421e-02 -5.81900196e+02 4.62272709e+02 5.17077499e+00 -5.81568326e+02 -7.28508195e-02 -5.12100645e+00 -3.31870833e-01
760              4.59718905e+02 -1.50139506e-01 -5.79431135e+02 4.59795107e+02 4.98376222e+00 -5.79099311e+02 -7.62021884e-02 -5.13390172e+00 -3.31824000e-01
770              4.61484062e+02 -4.57875554e-01 -5.79958857e+02 4.61563293e+02 4.68674754e+00 -5.79627196e+02 -7.92313334e-02 -5.14462310e+00 -3.31660538e-01
780              4.65406833e+02 -6.80988139e-01 -5.83516788e+02 4.65488511e+02 4.47307851e+00 -5.83184970e+02 -8.16781421e-02 -5.15406664e+00 -3.31818425e-01
790              4.66986305e+02 -1.04166198e+00 -5.84029597e+02 4.67070133e+02 4.12119584e+00 -5.83697572e+02 -8.38276707e-02 -5.16285782e+00 -3.32024905e-01
800              4.67686889e+02 -1.34638678e+00 -5.83761188e+02 4.67772819e+02 3.82524610e+00 -5.83428857e+02 -8.59292947e-02 -5.17163288e+00 -3.32331282e-01
810              4.70148754e+02 -1.19682949e+00 -5.86309530e+02 4.70236645e+02 3.98338532e+00 -5.85976722e+02 -8.78918482e-02 -5.18021481e+00 -3.32808209e-01
820              4.71570329e+02 -1.62547601e+00 -5.86898602e+02 4.71660247e+02 3.56301169e+00 -5.86565518e+02 -8.99173292e-02 -5.18848770e+00 -3.33083985e-01
830              4.73479810e+02 -1.29187952e+00 -5.88872612e+02 4.73571600e+02 3.90469926e+00 -5.88539130e+02 -9.17900773e-02 -5.19657878e+00 -3.33482223e-01
840              4.74808794e+02 -1.35187233e+00 -5.89533867e+02 4.74902285e+02 3.85246376e+00 -5.89199832e+02 -9.34900422e-02 -5.20433609e+00 -3.34034759e-01
850              4.76075374e+02 -1.14925867e+00 -5.90516779e+02 4.76170925e+02 4.06277453e+00 -5.90182844e+02 -9.55506361e-02 -5.21203320e+00 -3.33935068e-01
860              4.78969687e+02 -1.00926504e+00 -5.93236028e+02 4.79066847e+02 4.20985616e+00 -5.92901653e+02 -9.71601567e-02 -5.21912120e+00 -3.34375063e-01
870              4.81253955e+02 -9.09917418e-01 -5.95084662e+02 4.81352492e+02 4.31601125e+00 -5.94749637e+02 -9.85368061e-02 -5.22592867e+00 -3.35024675e-01
880              4.82976675e+02 -7.63012775e-01 -5.96364403e+02 4.83076797e+02 4.46912773e+00 -5.96029199e+02 -1.00122347e-01 -5.23214051e+00 -3.35203763e-01
890              4.84767276e+02 -5.33754569e-01 -5.97785517e+02 4.84868989e+02 4.70416719e+00 -5.97450309e+02 -1.01712540e-01 -5.23792176e+00 -3.35207921e-01
900              4.87081940e+02 -7.01997877e-01 -5.99964020e+02 4.87184983e+02 4.54135768e+00 -5.99628511e+02 -1.03042330e-01 -5.24335556e+00 -3.35508910e-01
910              4.88609898e+02 -8.20830395e-01 -6.00972802e+02 4.88714009e+02 4.42750337e+00 -6.00636718e+02 -1.04110697e-01 -5.24833377e+00 -3.36083301e-01
920              4.91172519e+02 -8.45188531e-01 -6.03179005e+02 4.91277537e+02 4.40800060e+00 -6.02842196e+02 -1.05018101e-01 -5.25318913e+00 -3.36809063e-01
930              4.92249362e+02 -9.51673284e-01 -6.04260453e+02 4.92355607e+02 4.30619074e+00 -6.03923508e+02 -1.06245253e-01 -5.25786403e+00 -3.36944872e-01
940              4.95300955e+02 -1.23292228e+00 -6.06869924e+02 4.95408047e+02 4.02916484e+00 -6.06532389e+02 -1.07091915e-01 -5.26208711e+00 -3.37535232e-01
950              4.97665040e+02 -1.13297831e+00 -6.09608768e+02 4.97773081e+02 4.13337094e+00 -6.09270857e+02 -1.08040351e-01 -5.26634924e+00 -3.37911104e-01
960              4.98898317e+02 -1.45775527e+00 -6.10009424e+02 4.99006900e+02 3.81224156e+00 -6.09670673e+02 -1.08583132e-01 -5.26999683e+00 -3.38750998e-01
970              5.00174354e+02 -1.39937961e+00 -6.11211763e+02 5.00283307e+02 3.87440474e+00 -6.10871864e+02 -1.08952677e-01 -5.27378435e+00 -3.39899256e-01
980              5.01950002e+02 -1.64881769e+00 -6.12610220e+02 5.02059181e+02 3.62866478e+00 -6.12269076e+02 -1.09178693e-01 -5.27748247e+00 -3.41144361e-01
990              5.03035219e+02 -1.64144485e+00 -6.13186611e+02 5.03145012e+02 3.63973932e+00 -6.12844864e+02 -1.09792335e-01 -5.28118417e+00 -3.41747093e-01
1000             5.05509878e+02 -1.47983133e+00 -6.15660184e+02 5.05619923e+02 3.80453036e+00 -6.15317402e+02 -1.10044907e-01 -5.28436170e+00 -3.42782618e-01
1010             5.06855320e+02 -1.46484882e+00 -6.16995898e+02 5.06965755e+02 3.82263291e+00 -6.16652361e+02 -1.10435018e-01 -5.28748173e+00 -3.43537771e-01
1020             5.08428164e+02 -1.36908726e+00 -6.18103873e+02 5.08539008e+02 3.92127562e+00 -6.17759706e+02 -1.10844294e-01 -5.29036288e+00 -3.44166643e-01
1030             5.11279874e+02 -1.27578960e+00 -6.21194824e+02 5.11390533e+02 4.01765097e+00 -6.20849109e+02 -1.10658493e-01 -5.29344057e+00 -3.45714474e-01
1040             5.11500313e+02 -1.16357248e+00 -6.20975517e+02 5.11611312e+02 4.13277755e+00 -6.20629146e+02 -1.10998454e-01 -5.29635003e+00 -3.46371103e-01
1050             5.13781511e+02 -1.02737011e+00 -6.23362636e+02 5.13892362e+02 4.27175675e+00 -6.23014916e+02 -1.10850565e-01 -5.29912686e+00 -3.47719654e-01
1060             5.15221851e+02 -8.20482886e-01 -6.24441137e+02 5.15333853e+02 4.48125064e+00 -6.24094175e+02 -1.12001658e-01 -5.30173352e+00 -3.46962223e-01
1070             5.18205494e+02 -5.45933944e-01 -6.27597356e+02 5.18318776e+02 4.75728404e+00 -6.27251568e+02 -1.13281591e-01 -5.30321798e+00 -3.45788838e-01
1080             5.17870309e+02 -5.71699914e-01 -6.27221625e+02 5.17984838e+02 4.73267820e+00 -6.26876989e+02 -1.14529222e-01 -5.30437811e+00 -3.44636187e-01
1090             5.19601780e+02 -5.41745391e-01 -6.28524201e+02 5.19716702e+02 4.76337564e+00 -6.28179493e+02 -1.14922519e-01 -5.30512103e+00 -3.44707524e-01
1100             5.22486545e+02 -2.56374422e-01 -6.31849906e+02 5.22602104e+02 5.04926695e+00 -6.31505580e+02 -1.15558942e-01 -5.30564137e+00 -3.44325770e-01
1110             5.22295442e+02 -3.64044771e-01 -6.31190049e+02 5.22411470e+02 4.94161448e+00 -6.30845924e+02 -1.16027849e-01 -5.30565925e+00 -3.44124447e-01
1120             5.24776371e+02 -7.96152106e-02 -6.34123203e+02 5.24893021e+02 5.22629626e+00 -6.33779530e+02 -1.16650414e-01 -5.30591147e+00 -3.43673410e-01
1130             5.25833159e+02 -1.86667053e-01 -6.34803210e+02 5.25949973e+02 5.11874389e+00 -6.34459432e+02 -1.16813494e-01 -5.30541094e+00 -3.43777763e-01
1140             5.25517200e+02 -3.53476129e-01 -6.34520862e+02 5.25634645e+02 4.95119042e+00 -6.34177777e+02 -1.17445211e-01 -5.30466655e+00 -3.43084638e-01
1150             5.27272790e+02 -3.81417241e-01 -6.35955768e+02 5.27390553e+02 4.92216732e+00 -6.35612962e+02 -1.17762606e-01 -5.30358456e+00 -3.42805755e-01
1160             5.28641458e+02 -5.34039127e-01 -6.37588870e+02 5.28759413e+02 4.76842357e+00 -6.37246182e+02 -1.17954591e-01 -5.30246270e+00 -3.42688568e-01
1170             5.28964379e+02 -4.73737924e-01 -6.37802815e+02 5.29082609e+02 4.82776542e+00 -6.37460356e+02 -1.18229319e-01 -5.30150335e+00 -3.42458947e-01
1180             5.32567960e+02 -4.87030956e-01 -6.41730753e+02 5.32686238e+02 4.81351051e+00 -6.41388230e+02 -1.18278798e-01 -5.30054147e+00 -3.42523574e-01
1190             5.30377863e+02 -4.78852457e-01 -6.38991404e+02 5.30496308e+02 4.82111256e+00 -6.38648971e+02 -1.18444804e-01 -5.29996502e+00 -3.42432745e-01
1200             5.32734199e+02 -4.03571042e-01 -6.41771872e+02 5.32852583e+02 4.89568732e+00 -6.41429205e+02 -1.18384369e-01 -5.29925836e+00 -3.42667166e-01
1210             5.34093603e+02 -6.71264316e-01 -6.43146780e+02 5.34211957e+02 4.62692920e+00 -6.42804007e+02 -1.18354460e-01 -5.29819352e+00 -3.42773912e-01
1220             5.32361742e+02 -7.19036507e-01 -6.40914501e+02 5.32480055e+02 4.57779584e+00 -6.40571636e+02 -1.18312936e-01 -5.29683235e+00 -3.42865111e-01
1230             5.34474345e+02 -5.85135670e-01 -6.43374825e+02 5.34592442e+02 4.71002527e+00 -6.43031671e+02 -1.18096707e-01 -5.29516094e+00 -3.43154101e-01
1240             5.35535214e+02 -4.19592046e-01 -6.44416625e+02 5.35653261e+02 4.87419535e+00 -6.44073424e+02 -1.18046880e-01 -5.29378740e+00 -3.43200667e-01
1250             5.34599198e+02 -3.88980974e-01 -6.43211379e+02 5.34717041e+02 4.90310905e+00 -6.42867954e+02 -1.17843176e-01 -5.29209002e+00 -3.43425579e-01
1260             5.37378796e+02 -2.10076167e-02 -6.46364726e+02 5.37496587e+02 5.26912871e+00 -6.46021393e+02 -1.17790837e-01 -5.29013632e+00 -3.43333526e-01
1270             5.37439331e+02 -4.49499844e-02 -6.46455126e+02 5.37556887e+02 5.24325819e+00 -6.46111613e+02 -1.17555692e-01 -5.28820818e+00 -3.43512654e-01
1280             5.35835987e+02 8.92374094e-02 -6.44247410e+02 5.35953829e+02 5.37487164e+00 -6.43904648e+02 -1.17842089e-01 -5.28563423e+00 -3.42761252e-01
1290             5.38684683e+02 3.91916791e-01 -6.47735030e+02 5.38802395e+02 5.67519017e+00 -6.47392376e+02 -1.17711975e-01 -5.28327338e+00 -3.42654129e-01
1300             5.38775103e+02 4.52003899e-01 -6.47611170e+02 5.38892399e+02 5.73280016e+00 -6.47268208e+02 -1.17296129e-01 -5.28079626e+00 -3.42962400e-01
1310             5.38112403e+02 5.33589035e-01 -6.46952324e+02 5.38229683e+02 5.81214461e+00 -6.46609656e+02 -1.17280385e-01 -5.27855558e+00 -3.42667459e-01
1320             5.40044320e+02 1.53603499e-01 -6.48690979e+02 5.40161291e+02 5.42975108e+00 -6.48348192e+02 -1.16970635e-01 -5.27614758e+00 -3.42786638e-01
1330             5.39140562e+02 2.05048894e-01 -6.47937871e+02 5.39257221e+02 5.47926844e+00 -6.47594894e+02 -1.16659225e-01 -5.27421954e+00 -3.42976402e-01
1340             5.41649353e+02 1.41662612e-01 -6.50849037e+02 5.41765783e+02 5.41398920e+00 -6.50505968e+02 -1.16430761e-01 -5.27232659e+00 -3.43068379e-01
1350             5.39853818e+02 -1.40302288e-01 -6.48591289e+02 5.39969640e+02 5.13047224e+00 -6.48247477e+02 -1.15821323e-01 -5.27077453e+00 -3.43812480e-01
1360             5.40188820e+02 -3.10769684e-01 -6.48778545e+02 5.40304077e+02 4.95908287e+00 -6.48433943e+02 -1.15257504e-01 -5.26985255e+00 -3.44602091e-01
1370             5.41534022e+02 8.08675850e-02 -6.50705479e+02 5.41648123e+02 5.35164943e+00 -6.50358864e+02 -1.14100210e-01 -5.27078185e+00 -3.46614943e-01
1380             5.42998404e+02 1.35184001e-01 -6.52258011e+02 5.43110994e+02 5.40773472e+00 -6.51908693e+02 -1.12589998e-01 -5.27255072e+00 -3.49318693e-01
1390             5.40877761e+02 1.52062959e-02 -6.49776425e+02 5.40989130e+02 5.29005707e+00 -6.49424700e+02 -1.11369104e-01 -5.27485077e+00 -3.51724605e-01
1400             5.41573215e+02 1.07135107e-01 -6.50258825e+02 5.41684274e+02 5.38305752e+00 -6.49906237e+02 -1.11058993e-01 -5.27592241e+00 -3.52588552e-01
1410             5.42128842e+02 3.79557387e-01 -6.51179166e+02 5.42239978e+02 5.65648260e+00 -6.50826285e+02 -1.11135992e-01 -5.27692522e+00 -3.52881626e-01
1420             5.42986361e+02 9.07436549e-01 -6.52524452e+02 5.43097393e+02 6.18524633e+00 -6.52171004e+02 -1.11031689e-01 -5.27780978e+00 -3.53448516e-01
1430             5.44893359e+02 8.63133947e-01 -6.54354713e+02 5.45004121e+02 6.14188388e+00 -6.54000425e+02 -1.10761939e-01 -5.27874993e+00 -3.54287783e-01
1440             5.43968826e+02 1.02874914e+00 -6.53496257e+02 5.44079356e+02 6.30902670e+00 -6.53141094e+02 -1.10530372e-01 -5.28027756e+00 -3.55163560e-01
1450             5.45096899e+02 7.41176781e-01 -6.54771577e+02 5.45207422e+02 6.02280744e+00 -6.54415925e+02 -1.10523059e-01 -5.28163066e+00 -3.55652168e-01
1460             5.43170987e+02 4.77683819e-01 -6.52289698e+02 5.43281312e+02 5.76065783e+00 -6.51933251e+02 -1.10325032e-01 -5.28297401e+00 -3.56447104e-01
1470             5.44211242e+02 1.77694987e-01 -6.53730158e+02 5.44321314e+02 5.46220459e+00 -6.53372800e+02 -1.10071896e-01 -5.28450961e+00 -3.57358593e-01
1480             5.43937811e+02 -4.22696957e-02 -6.53020647e+02 5.44047995e+02 5.24347744e+00 -6.52663000e+02 -1.10183649e-01 -5.28574714e+00 -3.57647611e-01
1490             5.43905352e+02 -6.29928575e-03 -6.53180760e+02 5.44015006e+02 5.28072415e+00 -6.52821818e+02 -1.09653500e-01 -5.28702343e+00 -3.58942746e-01
1500             5.44373133e+02 3.83347079e-01 -6.53550868e+02 5.44482985e+02 5.67152992e+00 -6.53191817e+02 -1.09851483e-01 -5.28818284e+00 -3.59050351e-01
1510             5.43963922e+02 6.69703704e-01 -6.53332503e+02 5.44073714e+02 5.95923027e+00 -6.52972905e+02 -1.09792134e-01 -5.28952657e+00 -3.59597947e-01
1520             5.46597424e+02 8.66245808e-01 -6.56263290e+02 5.46706944e+02 6.15719205e+00 -6.55902795e+02 -1.09519543e-01 -5.29094624e+00 -3.60495238e-01
1530             5.44938447e+02 1.02886453e+00 -6.54534145e+02 5.45047665e+02 6.32158157e+00 -6.54172656e+02 -1.09217314e-01 -5.29271704e+00 -3.61489044e-01
1540             5.44803436e+02 1.09882625e+00 -6.54193720e+02 5.44912856e+02 6.39307697e+00 -6.53832067e+02 -1.09419439e-01 -5.29425072e+00 -3.61653748e-01
1550             5.46425519e+02 9.61078468e-01 -6.56326466e+02 5.46535253e+02 6.25686311e+00 -6.55964817e+02 -1.09734180e-01 -5.29578465e+00 -3.61649270e-01
1560             5.45639628e+02 5.49732177e-01 -6.55149600e+02 5.45749411e+02 5.84750444e+00 -6.54787456e+02 -1.09782957e-01 -5.29777226e+00 -3.62144081e-01
1570             5.45359683e+02 2.01086869e-01 -6.54632398e+02 5.45469398e+02 5.50051790e+00 -6.54269633e+02 -1.09714919e-01 -5.29943103e+00 -3.62765072e-01
1580             5.46382904e+02 2.29558161e-01 -6.56155334e+02 5.46492874e+02 5.53037842e+00 -6.55792471e+02 -1.09969947e-01 -5.30082026e+00 -3.62862852e-01
1590             5.44275968e+02 3.93339729e-02 -6.53091828e+02 5.44385855e+02 5.34195993e+00 -6.52728254e+02 -1.09886754e-01 -5.30262595e+00 -3.63573643e-01
1600             5.44511382e+02 4.36085318e-01 -6.53699926e+02 5.44621678e+02 5.74034528e+00 -6.53336448e+02 -1.10296100e-01 -5.30425996e+00 -3.63478755e-01
1610             5.47472033e+02 1.01107692e+00 -6.57459689e+02 5.47582596e+02 6.31675921e+00 -6.57096100e+02 -1.10563477e-01 -5.30568229e+00 -3.63589651e-01
1620             5.46272785e+02 1.09637274e+00 -6.56061518e+02 5.46383369e+02 6.40341671e+00 -6.55697415e+02 -1.10584718e-01 -5.30704397e+00 -3.64102717e-01
1630             5.47382863e+02 1.18849610e+00 -6.57540753e+02 5.47493756e+02 6.49702105e+00 -6.57176581e+02 -1.10892369e-01 -5.30852495e+00 -3.64171933e-01
1640             5.45694087e+02 1.01938748e+00 -6.55456754e+02 5.45805158e+02 6.32916928e+00 -6.55092344e+02 -1.11070366e-01 -5.30978180e+00 -3.64410699e-01
1650             5.48889762e+02 8.57265411e-01 -6.59110272e+02 5.49001000e+02 6.16825627e+00 -6.58745593e+02 -1.11238913e-01 -5.31099086e+00 -3.64678480e-01
1660             5.47465792e+02 7.88915384e-01 -6.57744756e+02 5.47577129e+02 6.10135993e+00 -6.57379680e+02 -1.11336695e-01 -5.31244454e+00 -3.65076440e-01
1670             5.46083711e+02 2.05507447e-01 -6.55487036e+02 5.46194930e+02 5.51911885e+00 -6.55121275e+02 -1.11218955e-01 -5.31361140e+00 -3.65760561e-01
1680             5.46221941e+02 2.83008698e-01 -6.55958854e+02 5.46333180e+02 5.59763331e+00 -6.55592658e+02 -1.11239650e-01 -5.31462461e+00 -3.66196235e-01
1690             5.46694822e+02 1.95842805e-01 -6.56054166e+02 5.46806052e+02 5.51182329e+00 -6.55687429e+02 -1.11229565e-01 -5.31598049e+00 -3.66736644e-01
1700             5.45619758e+02 5.20409239e-01 -6.55089113e+02 5.45731157e+02 5.83752624e+00 -6.54722203e+02 -1.11398210e-01 -5.31711700e+00 -3.66910169e-01
1710             5.45975050e+02 9.42559821e-01 -6.55494900e+02 5.46086880e+02 6.26044320e+00 -6.55128273e+02 -1.11830461e-01 -5.31788338e+00 -3.66626559e-01
1720             5.47965993e+02 1.35113220e+00 -6.58029609e+02 5.48078318e+02 6.66953666e+00 -6.57663425e+02 -1.12324929e-01 -5.31840447e+00 -3.66184550e-01
1730             5.49365702e+02 1.20649614e+00 -6.59686069e+02 5.49478167e+02 6.52529387e+00 -6.59319812e+02 -1.12464993e-01 -5.31879773e+00 -3.66256652e-01
1740             5.46914812e+02 1.09901562e+00 -6.56783575e+02 5.47027231e+02 6.41863255e+00 -6.56416893e+02 -1.12419127e-01 -5.31961694e+00 -3.66681566e-01
1750             5.47674294e+02 7.56799928e-01 -6.57340594e+02 5.47787158e+02 6.07672003e+00 -6.56974364e+02 -1.12864199e-01 -5.31992010e+00 -3.66230011e-01
1760             5.48378312e+02 6.58083994e-01 -6.58522181e+02 5.48490931e+02 5.97826691e+00 -6.58155341e+02 -1.12619327e-01 -5.32018291e+00 -3.66839636e-01
1770             5.46829682e+02 2.72585365e-01 -6.56257415e+02 5.46942301e+02 5.59277412e+00 -6.55890391e+02 -1.12619005e-01 -5.32018875e+00 -3.67024331e-01
1780             5.48344678e+02 1.22710688e-01 -6.58226632e+02 5.48457352e+02 5.44292421e+00 -6.57859554e+02 -1.12674505e-01 -5.32021352e+00 -3.67078228e-01
1790             5.48405265e+02 5.70616500e-01 -6.58037602e+02 5.48517860e+02 5.89041017e+00 -6.57670331e+02 -1.12594846e-01 -5.31979367e+00 -3.67270277e-01
1800             5.48107434e+02 6.25131066e-01 -6.57953504e+02 5.48220147e+02 5.94477413e+00 -6.57586320e+02 -1.12713344e-01 -5.31964306e+00 -3.67184295e-01
1810             5.49244745e+02 1.07725487e+00 -6.59172968e+02 5.49357598e+02 6.39653808e+00 -6.58805953e+02 -1.12853196e-01 -5.31928321e+00 -3.67015825e-01
1820             5.49047068e+02 1.25047754e+00 -6.59037803e+02 5.49160134e+02 6.56928390e+00 -6.58671100e+02 -1.13066162e-01 -5.31880636e+00 -3.66703495e-01
1830             5.49780483e+02 1.14495926e+00 -6.59904167e+02 5.49893531e+02 6.46358167e+00 -6.59537361e+02 -1.13047744e-01 -5.31862242e+00 -3.66805799e-01
1840             5.48758252e+02 9.59126387e-01 -6.58556194e+02 5.48871064e+02 6.27785039e+00 -6.58188915e+02 -1.12811665e-01 -5.31872400e+00 -3.67279204e-01
1850             5.48892171e+02 3.86126126e-01 -6.58586490e+02 5.49005090e+02 5.70472820e+00 -6.58219303e+02 -1.12918873e-01 -5.31860208e+00 -3.67187058e-01
1860             5.49217649e+02 3.91913904e-01 -6.58965737e+02 5.49330889e+02 5.71028288e+00 -6.58598980e+02 -1.13240775e-01 -5.31836898e+00 -3.66757623e-01
1870             5.47963241e+02 2.48171537e-01 -6.57331173e+02 5.48076352e+02 5.56624784e+00 -6.56964134e+02 -1.13111392e-01 -5.31807630e+00 -3.67039168e-01
1880             5.47971357e+02 4.25126064e-01 -6.57311977e+02 5.48084242e+02 5.74343852e+00 -6.56944441e+02 -1.12884627e-01 -5.31831245e+00 -3.67536301e-01
1890             5.49502422e+02 7.69877039e-01 -6.59270297e+02 5.49615561e+02 6.08813168e+00 -6.58903062e+02 -1.13139058e-01 -5.31825464e+00 -3.67234983e-01
1900             5.49389952e+02 1.12401740e+00 -6.59370401e+02 5.49503384e+02 6.44202675e+00 -6.59003605e+02 -1.13431300e-01 -5.31800935e+00 -3.66795972e-01
1910             5.50088768e+02 1.38676873e+00 -6.60117285e+02 5.50201992e+02 6.70478977e+00 -6.59750106e+02 -1.13223952e-01 -5.31802104e+00 -3.67178537e-01
1920             5.51183433e+02 1.00248539e+00 -6.61612671e+02 5.51296825e+02 6.32054580e+00 -6.61245683e+02 -1.13391923e-01 -5.31806041e+00 -3.66987415e-01
1930             5.49277345e+02 7.62674182e-01 -6.59116505e+02 5.49390842e+02 6.08043440e+00 -6.58749665e+02 -1.13497104e-01 -5.31776022e+00 -3.66839981e-01
1940             5.50173721e+02 3.66500879e-01 -6.60221658e+02 5.50286944e+02 5.68417952e+00 -6.59854338e+02 -1.13223321e-01 -5.31767864e+00 -3.67320092e-01
1950             5.47287566e+02 2.12967154e-01 -6.56449196e+02 5.47400586e+02 5.53047731e+00 -6.56081531e+02 -1.13019920e-01 -5.31751015e+00 -3.67664424e-01
1960             5.48667674e+02 4.22062924e-01 -6.57951333e+02 5.48780989e+02 5.73959550e+00 -6.57584070e+02 -1.13315044e-01 -5.31753257e+00 -3.67262603e-01
1970             5.48561842e+02 7.45516275e-01 -6.58220749e+02 5.48675078e+02 6.06299861e+00 -6.57853302e+02 -1.13235904e-01 -5.31748234e+00 -3.67446901e-01
1980             5.49860262e+02 1.30250218e+00 -6.59716201e+02 5.49973425e+02 6.62009788e+00 -6.59348575e+02 -1.13162580e-01 -5.31759570e+00 -3.67625984e-01
1990             5.49612083e+02 1.21873259e+00 -6.59525484e+02 5.49725460e+02 6.53626323e+00 -6.59158155e+02 -1.13376297e-01 -5.31753064e+00 -3.67328851e-01
2000             5.49512043e+02 1.29364305e+00 -6.59479955e+02 5.49625669e+02 6.61116861e+00 -6.59112938e+02 -1.13625192e-01 -5.31752557e+00 -3.67016507e-01
2010             5.51823163e+02 1.09678448e+00 -6.62348167e+02 5.51936991e+02 6.41430508e+00 -6.61981415e+02 -1.13827811e-01 -5.31752060e+00 -3.66751776e-01
2020             5.48804496e+02 6.08481436e-01 -6.58415057e+02 5.48918189e+02 5.92596329e+00 -6.58048017e+02 -1.13693326e-01 -5.31748185e+00 -3.67040256e-01
2030             5.48277578e+02 1.98113721e-01 -6.57625627e+02 5.48391125e+02 5.51566768e+00 -6.57258274e+02 -1.13546164e-01 -5.31755395e+00 -3.67353182e-01
2040             5.50053376e+02 3.72600626e-01 -6.59843527e+02 5.50167233e+02 5.68974465e+00 -6.59476645e+02 -1.13856421e-01 -5.31714402e+00 -3.66881949e-01
2050             5.48100949e+02 4.50176853e-01 -6.57151089e+02 5.48215140e+02 5.76715749e+00 -6.56784716e+02 -1.14191876e-01 -5.31698064e+00 -3.66373245e-01
2060             5.49156793e+02 9.37128259e-01 -6.58883533e+02 5.49270995e+02 6.25400363e+00 -6.58517113e+02 -1.14201916e-01 -5.31687537e+00 -3.66420489e-01
2070             5.51009732e+02 1.34704185e+00 -6.61037208e+02 5.51124319e+02 6.66333551e+00 -6.60671435e+02 -1.14587481e-01 -5.31629366e+00 -3.65773004e-01
2080             5.50349940e+02 1.17844065e+00 -6.60435220e+02 5.50464543e+02 6.49430471e+00 -6.60069493e+02 -1.14602058e-01 -5.31586406e+00 -3.65727442e-01
2090             5.49648906e+02 1.17124420e+00 -6.59351247e+02 5.49763568e+02 6.48675113e+00 -6.58985622e+02 -1.14662135e-01 -5.31550693e+00 -3.65624896e-01
2100             5.51198006e+02 8.00576428e-01 -6.61434377e+02 5.51312490e+02 6.11596888e+00 -6.61068447e+02 -1.14484534e-01 -5.31539245e+00 -3.65929962e-01
2110             5.50287879e+02 5.99028087e-01 -6.60123089e+02 5.50402043e+02 5.91394758e+00 -6.59756682e+02 -1.14163595e-01 -5.31491949e+00 -3.66406905e-01
2120             5.49020994e+02 3.14018180e-01 -6.58351974e+02 5.49134814e+02 5.62894869e+00 -6.57984984e+02 -1.13819616e-01 -5.31493051e+00 -3.66990438e-01
2130             5.49228313e+02 5.66525942e-01 -6.58834036e+02 5.49341950e+02 5.88162334e+00 -6.58466684e+02 -1.13636235e-01 -5.31509739e+00 -3.67351351e-01
2140             5.50344313e+02 6.38998652e-01 -6.60094201e+02 5.50458083e+02 5.95421134e+00 -6.59727010e+02 -1.13770136e-01 -5.31521269e+00 -3.67191534e-01
2150             5.50028710e+02 1.09284433e+00 -6.59715548e+02 5.50142365e+02 6.40812715e+00 -6.59348123e+02 -1.13655430e-01 -5.31528282e+00 -3.67424906e-01
2160             5.51527615e+02 1.51172228e+00 -6.61761126e+02 5.51641647e+02 6.82697194e+00 -6.61394282e+02 -1.14031866e-01 -5.31524966e+00 -3.66843773e-01
2170             5.51282126e+02 1.13173962e+00 -6.61541479e+02 5.51396274e+02 6.44721029e+00 -6.61174745e+02 -1.14148147e-01 -5.31547068e+00 -3.66734430e-01
2180             5.51253574e+02 1.05691166e+00 -6.61242296e+02 5.51367371e+02 6.37291130e+00 -6.60874875e+02 -1.13796810e-01 -5.31599963e+00 -3.67421352e-01
2190             5.49594349e+02 3.63768297e-01 -6.59047179e+02 5.49708090e+02 5.68005666e+00 -6.58679597e+02 -1.13740620e-01 -5.31628837e+00 -3.67581679e-01
2200             5.50386159e+02 4.74275725e-01 -6.60203429e+02 5.50499436e+02 5.79097047e+00 -6.59834988e+02 -1.13277155e-01 -5.31669475e+00 -3.68440505e-01
2210             5.50027531e+02 2.99625823e-01 -6.59469124e+02 5.50140882e+02 5.61690664e+00 -6.59100684e+02 -1.13350330e-01 -5.31728081e+00 -3.68439407e-01
2220             5.49502222e+02 7.75516755e-01 -6.59137144e+02 5.49615489e+02 6.09314943e+00 -6.58768475e+02 -1.13267916e-01 -5.31763267e+00 -3.68669827e-01
2230             5.50122252e+02 8.68556005e-01 -6.59557345e+02 5.50235689e+02 6.18656795e+00 -6.59188853e+02 -1.13436903e-01 -5.31801195e+00 -3.68491561e-01
2240             5.50550076e+02 1.11663073e+00 -6.60318887e+02 5.50663453e+02 6.43527568e+00 -6.59950159e+02 -1.13377413e-01 -5.31864495e+00 -3.68727587e-01
2250             5.51372112e+02 1.37385642e+00 -6.61456419e+02 5.51485748e+02 6.69289632e+00 -6.61087999e+02 -1.13635508e-01 -5.31903991e+00 -3.68419752e-01
2260             5.51155701e+02 1.10784760e+00 -6.61124592e+02 5.51269278e+02 6.42740460e+00 -6.60755948e+02 -1.13577081e-01 -5.31955700e+00 -3.68644598e-01
2270             5.51039659e+02 8.51697208e-01 -6.60998604e+02 5.51153219e+02 6.17185125e+00 -6.60629793e+02 -1.13560036e-01 -5.32015405e+00 -3.68811494e-01
2280             5.49373338e+02 4.14955631e-01 -6.58752423e+02 5.49486830e+02 5.73565063e+00 -6.58383345e+02 -1.13491305e-01 -5.32069500e+00 -3.69078150e-01
2290             5.51138231e+02 4.81266241e-01 -6.60783865e+02 5.51251654e+02 5.80266600e+00 -6.60414509e+02 -1.13423108e-01 -5.32139976e+00 -3.69356427e-01
2300             5.50241304e+02 5.99837239e-01 -6.59899674e+02 5.50354638e+02 5.92188420e+00 -6.59530011e+02 -1.13333235e-01 -5.32204696e+00 -3.69662532e-01
2310             5.50198932e+02 7.09204502e-01 -6.59478990e+02 5.50312331e+02 6.03205642e+00 -6.59109213e+02 -1.13398966e-01 -5.32285192e+00 -3.69776927e-01
2320             5.50877520e+02 1.16027518e+00 -6.60443747e+02 5.50991204e+02 6.48442290e+00 -6.60074125e+02 -1.13683825e-01 -5.32414772e+00 -3.69621681e-01
2330             5.51473121e+02 1.27451114e+00 -6.61537148e+02 5.51587210e+02 6.59940860e+00 -6.61167953e+02 -1.14088599e-01 -5.32489746e+00 -3.69194842e-01
2340             5.52184603e+02 1.24948949e+00 -6.62121832e+02 5.52298898e+02 6.57510867e+00 -6.61752749e+02 -1.14294251e-01 -5.32561919e+00 -3.69083619e-01
2350             5.51742434e+02 8.79046476e-01 -6.62074691e+02 5.51856813e+02 6.20538004e+00 -6.61705547e+02 -1.14378660e-01 -5.32633356e+00 -3.69144350e-01
2360             5.51285921e+02 6.09411417e-01 -6.60918082e+02 5.51400274e+02 5.93621035e+00 -6.60548717e+02 -1.14352758e-01 -5.32679894e+00 -3.69364973e-01
2370             5.50444694e+02 4.86544577e-01 -6.59978033e+02 5.50559234e+02 5.81382609e+00 -6.59608815e+02 -1.14540609e-01 -5.32728151e+00 -3.69218037e-01
2380             5.50406342e+02 4.24840657e-01 -6.59708078e+02 5.50520925e+02 5.75237079e+00 -6.59338796e+02 -1.14583014e-01 -5.32753013e+00 -3.69281688e-01
2390             5.50894456e+02 7.61429645e-01 -6.60397212e+02 5.51009512e+02 6.08895855e+00 -6.60028633e+02 -1.15055986e-01 -5.32752891e+00 -3.68579013e-01
2400             5.52621595e+02 1.25429454e+00 -6.62938002e+02 5.52736515e+02 6.58157098e+00 -6.62569204e+02 -1.14920325e-01 -5.32727644e+00 -3.68797522e-01
2410             5.52396602e+02 1.40769429e+00 -6.62490352e+02 5.52511327e+02 6.73471545e+00 -6.62121271e+02 -1.14724913e-01 -5.32702117e+00 -3.69080369e-01
2420             5.51045984e+02 1.07641546e+00 -6.60759728e+02 5.51160896e+02 6.40326753e+00 -6.60390950e+02 -1.14911641e-01 -5.32685207e+00 -3.68778018e-01
2430             5.51846992e+02 1.12689840e+00 -6.61825510e+02 5.51961739e+02 6.45357889e+00 -6.61456485e+02 -1.14747260e-01 -5.32668049e+00 -3.69024745e-01
2440             5.53022331e+02 6.15284325e-01 -6.63051121e+02 5.53137116e+02 5.94157143e+00 -6.62682219e+02 -1.14784796e-01 -5.32628711e+00 -3.68902177e-01
2450             5.48548799e+02 1.86980917e-01 -6.57620422e+02 5.48663657e+02 5.51302135e+00 -6.57251672e+02 -1.14857595e-01 -5.32604043e+00 -3.68750675e-01
2460             5.50680104e+02 4.15326067e-01 -6.59888352e+02 5.50794976e+02 5.74134516e+00 -6.59519635e+02 -1.14872536e-01 -5.32601910e+00 -3.68717251e-01
2470             5.51903661e+02 6.90541483e-01 -6.61826165e+02 5.52018552e+02 6.01632192e+00 -6.61457522e+02 -1.14890403e-01 -5.32578043e+00 -3.68642596e-01
2480             5.50376596e+02 1.23004813e+00 -6.59839517e+02 5.50491695e+02 6.55545525e+00 -6.59471264e+02 -1.15099776e-01 -5.32540713e+00 -3.68252950e-01
2490             5.52468693e+02 1.39725040e+00 -6.62476868e+02 5.52584214e+02 6.72212066e+00 -6.62109366e+02 -1.15521284e-01 -5.32487026e+00 -3.67502025e-01
2500             5.52906633e+02 1.25105279e+00 -6.63312278e+02 5.53022053e+02 6.57573880e+00 -6.62944646e+02 -1.15420284e-01 -5.32468600e+00 -3.67631347e-01
2510             5.52113203e+02 1.30703641e+00 -6.62084665e+02 5.52228822e+02 6.63155826e+00 -6.61717391e+02 -1.15619179e-01 -5.32452185e+00 -3.67274699e-01
2520             5.51976137e+02 4.62551126e-01 -6.61789759e+02 5.52091955e+02 5.78665349e+00 -6.61422870e+02 -1.15817840e-01 -5.32410236e+00 -3.66888806e-01
2530             5.50314374e+02 2.99710162e-01 -6.59510803e+02 5.50430122e+02 5.62353699e+00 -6.59143848e+02 -1.15748363e-01 -5.32382683e+00 -3.66955111e-01
2540             5.51159010e+02 3.74054941e-01 -6.60742477e+02 5.51274785e+02 5.69766521e+00 -6.60375585e+02 -1.15775453e-01 -5.32361027e+00 -3.66892058e-01
2550             5.49046162e+02 5.59651158e-01 -6.58120618e+02 5.49161642e+02 5.88308577e+00 -6.57753295e+02 -1.15480308e-01 -5.32343461e+00 -3.67323066e-01
2560             5.51298460e+02 1.13991799e+00 -6.60941459e+02 5.51414169e+02 6.46300321e+00 -6.60574567e+02 -1.15709331e-01 -5.32308522e+00 -3.66892422e-01
2570             5.51818368e+02 1.27992937e+00 -6.61755605e+02 5.51934456e+02 6.60257270e+00 -6.61389397e+02 -1.16088234e-01 -5.32264332e+00 -3.66207637e-01
2580             5.53100339e+02 1.52884040e+00 -6.63225892e+02 5.53216027e+02 6.85114771e+00 -6.62859140e+02 -1.15687866e-01 -5.32230731e+00 -3.66752435e-01
2590             5.52447797e+02 1.18303401e+00 -6.62519096e+02 5.52563831e+02 6.50482893e+00 -6.62153007e+02 -1.16034658e-01 -5.32179492e+00 -3.66088784e-01
2600             5.51932298e+02 7.59365767e-01 -6.61652518e+02 5.52048276e+02 6.08059264e+00 -6.61286414e+02 -1.15977650e-01 -5.32122687e+00 -3.66103915e-01
2610             5.52169744e+02 5.90026892e-01 -6.62053292e+02 5.52285894e+02 5.91132879e+00 -6.61687461e+02 -1.16150098e-01 -5.32130189e+00 -3.65830669e-01
2620             5.50847322e+02 3.46042480e-01 -6.60193936e+02 5.50963208e+02 5.66724191e+00 -6.59827680e+02 -1.15885725e-01 -5.32119943e+00 -3.66256024e-01
2630             5.50790439e+02 5.31370041e-01 -6.60081084e+02 5.50906489e+02 5.85247535e+00 -6.59715086e+02 -1.16049764e-01 -5.32110531e+00 -3.65997588e-01
2640             5.52305850e+02 8.11319407e-01 -6.62013855e+02 5.52421919e+02 6.13229191e+00 -6.61647900e+02 -1.16068283e-01 -5.32097250e+00 -3.65954728e-01
2650             5.51936774e+02 1.32076392e+00 -6.61723626e+02 5.52052823e+02 6.64184367e+00 -6.61357609e+02 -1.16049449e-01 -5.32107975e+00 -3.66017322e-01
2660             5.52792246e+02 1.48463518e+00 -6.62965314e+02 5.52908587e+02 6.80573556e+00 -6.62599730e+02 -1.16341410e-01 -5.32110038e+00 -3.65583690e-01
2670             5.53349719e+02 1.46178798e+00 -6.63514490e+02 5.53465917e+02 6.78313602e+00 -6.63148636e+02 -1.16198202e-01 -5.32134805e+00 -3.65854194e-01
2680             5.52754175e+02 8.92512125e-01 -6.62729549e+02 5.52870361e+02 6.21365948e+00 -6.62363727e+02 -1.16186208e-01 -5.32114736e+00 -3.65822332e-01
2690             5.51840620e+02 7.37144149e-01 -6.61523172e+02 5.51956630e+02 6.05816475e+00 -6.61157076e+02 -1.16010457e-01 -5.32102060e+00 -3.66095933e-01
2700             5.51265488e+02 2.83698620e-01 -6.60703873e+02 5.51381542e+02 5.60448773e+00 -6.60337886e+02 -1.16053480e-01 -5.32078910e+00 -3.65987348e-01
2710             5.51601495e+02 5.22943812e-01 -6.61242000e+02 5.51717024e+02 5.84369458e+00 -6.60875202e+02 -1.15528561e-01 -5.32075077e+00 -3.66797788e-01
2720             5.51380185e+02 7.82279512e-01 -6.60685090e+02 5.51496207e+02 6.10271313e+00 -6.60319126e+02 -1.16022400e-01 -5.32043362e+00 -3.65963636e-01
2730             5.51276320e+02 9.32080567e-01 -6.60801161e+02 5.51392278e+02 6.25246258e+00 -6.60435097e+02 -1.15958296e-01 -5.32038202e+00 -3.66063798e-01
2740             5.53099011e+02 1.48396411e+00 -6.63187053e+02 5.53214875e+02 6.80398247e+00 -6.62820891e+02 -1.15864565e-01 -5.32001836e+00 -3.66162323e-01
2750             5.52709016e+02 1.30990346e+00 -6.62628920e+02 5.52824998e+02 6.63009421e+00 -6.62262911e+02 -1.15982176e-01 -5.32019075e+00 -3.66008387e-01
2760             5.51971234e+02 1.01531540e+00 -6.61591075e+02 5.52087428e+02 6.33531351e+00 -6.61225400e+02 -1.16194157e-01 -5.31999811e+00 -3.65674814e-01
2770             5.52691656e+02 7.14819875e-01 -6.62593025e+02 5.52807547e+02 6.03485795e+00 -6.62226844e+02 -1.15890507e-01 -5.32003808e+00 -3.66180837e-01
2780             5.51443938e+02 4.08921003e-01 -6.60826275e+02 5.51559766e+02 5.72899390e+00 -6.60459952e+02 -1.15827841e-01 -5.32007290e+00 -3.66323209e-01
2790             5.51707687e+02 3.90200536e-01 -6.61409452e+02 5.51823805e+02 5.71007023e+00 -6.61043586e+02 -1.16117839e-01 -5.31986969e+00 -3.65865846e-01
2800             5.50522952e+02 6.39200911e-01 -6.59570413e+02 5.50638716e+02 5.95924007e+00 -6.59203910e+02 -1.15764216e-01 -5.32003916e+00 -3.66502503e-01
2810             5.51651955e+02 7.94465253e-01 -6.61173396e+02 5.51767867e+02 6.11474041e+00 -6.60807056e+02 -1.15912308e-01 -5.32027516e+00 -3.66339473e-01
2820             5.52849725e+02 1.53773952e+00 -6.62982128e+02 5.52965759e+02 6.85794006e+00 -6.62615959e+02 -1.16034390e-01 -5.32020053e+00 -3.66169117e-01
2830             5.52551177e+02 1.30566349e+00 -6.62341564e+02 5.52667345e+02 6.62595571e+00 -6.61975551e+02 -1.16168236e-01 -5.32029222e+00 -3.66013635e-01
2840             5.52711052e+02 1.14815724e+00 -6.62645550e+02 5.52827385e+02 6.46874421e+00 -6.62279712e+02 -1.16332945e-01 -5.32058698e+00 -3.65838100e-01
2850             5.52016116e+02 8.13088862e-01 -6.61639418e+02 5.52132343e+02 6.13414878e+00 -6.61273300e+02 -1.16226639e-01 -5.32105991e+00 -3.66118054e-01
2860             5.52048786e+02 4.68979092e-01 -6.61970705e+02 5.52165054e+02 5.79014692e+00 -6.61604587e+02 -1.16267416e-01 -5.32116783e+00 -3.66118215e-01
2870             5.51370909e+02 4.22750048e-01 -6.60705062e+02 5.51486809e+02 5.74441425e+00 -6.60338244e+02 -1.15899895e-01 -5.32166420e+00 -3.66817764e-01
2880             5.51104514e+02 2.18200255e-01 -6.60436185e+02 5.51220501e+02 5.54043240e+00 -6.60069368e+02 -1.15987192e-01 -5.32223215e+00 -3.66816394e-01
2890             5.52412140e+02 9.18642872e-01 -6.62115211e+02 5.52528227e+02 6.24116303e+00 -6.61748470e+02 -1.16087115e-01 -5.32252016e+00 -3.66741011e-01
2900             5.51443272e+02 1.14372154e+00 -6.60970108e+02 5.51559438e+02 6.46657042e+00 -6.60603381e+02 -1.16165627e-01 -5.32284888e+00 -3.66726772e-01
2910             5.53707713e+02 1.24770391e+00 -6.63936828e+02 5.53823915e+02 6.57112800e+00 -6.63570045e+02 -1.16201436e-01 -5.32342409e+00 -3.66783244e-01
2920             5.51442532e+02 1.45050139e+00 -6.61013175e+02 5.51558672e+02 6.77445649e+00 -6.60646175e+02 -1.16140054e-01 -5.32395510e+00 -3.66999908e-01
2930             5.53351981e+02 9.00603931e-01 -6.63489368e+02 5.53468557e+02 6.22484173e+00 -6.63122984e+02 -1.16575592e-01 -5.32423780e+00 -3.66383425e-01
2940             5.51458326e+02 7.19401262e-01 -6.61016941e+02 5.51574586e+02 6.04406510e+00 -6.60649956e+02 -1.16259690e-01 -5.32466384e+00 -3.66985275e-01
2950             5.52287120e+02 4.31310671e-01 -6.62092092e+02 5.52403298e+02 5.75624160e+00 -6.61724913e+02 -1.16177349e-01 -5.32493093e+00 -3.67178819e-01
2960             5.51829512e+02 5.12846865e-01 -6.61587521e+02 5.51945446e+02 5.83810512e+00 -6.61219888e+02 -1.15934367e-01 -5.32525826e+00 -3.67633673e-01
2970             5.50049242e+02 4.50185145e-01 -6.59165161e+02 5.50165033e+02 5.77566977e+00 -6.58797249e+02 -1.15790358e-01 -5.32548463e+00 -3.67912225e-01
2980             5.52209520e+02 9.65210657e-01 -6.61912099e+02 5.52325589e+02 6.29074213e+00 -6.61544609e+02 -1.16069316e-01 -5.32553148e+00 -3.67490614e-01
2990             5.51326758e+02 1.24448916e+00 -6.60937764e+02 5.51443085e+02 6.56994763e+00 -6.60570674e+02 -1.16327508e-01 -5.32545847e+00 -3.67090278e-01
3000             5.53911820e+02 1.42462592e+00 -6.64132444e+02 5.54028331e+02 6.75049061e+00 -6.63765560e+02 -1.16510917e-01 -5.32586470e+00 -3.66883757e-01
3010             5.52978020e+02 1.12243337e+00 -6.63042778e+02 5.53094617e+02 6.44856623e+00 -6.62675957e+02 -1.16596132e-01 -5.32613285e+00 -3.66820866e-01
3020             5.52479577e+02 1.02107039e+00 -6.62169457e+02 5.52595738e+02 6.34743704e+00 -6.61801908e+02 -1.16161302e-01 -5.32636665e+00 -3.67548903e-01
3030             5.51284024e+02 5.11523466e-01 -6.60868708e+02 5.51400467e+02 5.83814800e+00 -6.60501536e+02 -1.16443257e-01 -5.32662453e+00 -3.67171966e-01
3040             5.53069153e+02 5.44015428e-01 -6.63018140e+02 5.53185355e+02 5.87062592e+00 -6.62650565e+02 -1.16201812e-01 -5.32661049e+00 -3.67574776e-01
3050             5.50772315e+02 2.69364472e-01 -6.59860042e+02 5.50888779e+02 5.59611245e+00 -6.59492848e+02 -1.16463764e-01 -5.32674798e+00 -3.67193716e-01
3060             5.51764247e+02 9.04797984e-01 -6.61335294e+02 5.51880428e+02 6.23151667e+00 -6.60967624e+02 -1.16181479e-01 -5.32671869e+00 -3.67669878e-01
3070             5.52191281e+02 1.16585803e+00 -6.61955544e+02 5.52307739e+02 6.49282583e+00 -6.61588250e+02 -1.16458257e-01 -5.32696780e+00 -3.67293766e-01
3080             5.52347607e+02 1.55590070e+00 -6.62090916e+02 5.52464441e+02 6.88284013e+00 -6.61724204e+02 -1.16833956e-01 -5.32693943e+00 -3.66711508e-01
3090             5.53830594e+02 1.25305048e+00 -6.64240345e+02 5.53947806e+02 6.57978954e+00 -6.63874240e+02 -1.17212266e-01 -5.32673906e+00 -3.66105064e-01
3100             5.51932043e+02 9.42423746e-01 -6.61462490e+02 5.52048936e+02 6.26930161e+00 -6.61095822e+02 -1.16892486e-01 -5.32687787e+00 -3.66667768e-01
3110             5.51413947e+02 6.08170802e-01 -6.60911245e+02 5.51530913e+02 5.93487855e+00 -6.60544690e+02 -1.16965750e-01 -5.32670775e+00 -3.66554930e-01
3120             5.51430475e+02 3.35924327e-01 -6.60852329e+02 5.51547247e+02 5.66284658e+00 -6.60485415e+02 -1.16772097e-01 -5.32692225e+00 -3.66914023e-01
3130             5.50851613e+02 4.20692805e-01 -6.59931147e+02 5.50968250e+02 5.74729834e+00 -6.59564051e+02 -1.16636759e-01 -5.32660553e+00 -3.67095287e-01
3140             5.52618310e+02 7.11978436e-01 -6.62474258e+02 5.52735275e+02 6.03850283e+00 -6.62107674e+02 -1.16965077e-01 -5.32652439e+00 -3.66583864e-01
3150             5.51262107e+02 1.05102778e+00 -6.60523982e+02 5.51378852e+02 6.37719004e+00 -6.60157107e+02 -1.16745587e-01 -5.32616225e+00 -3.66875165e-01
3160             5.53095929e+02 1.44017727e+00 -6.63314998e+02 5.53213251e+02 6.76608350e+00 -6.62949073e+02 -1.17321702e-01 -5.32590623e+00 -3.65925286e-01
3170             5.52983419e+02 1.46885421e+00 -6.62863907e+02 5.53100572e+02 6.79456747e+00 -6.62497767e+02 -1.17152722e-01 -5.32571326e+00 -3.66140032e-01
3180             5.53185652e+02 8.97776748e-01 -6.63216009e+02 5.53302980e+02 6.22304645e+00 -6.62850221e+02 -1.17327637e-01 -5.32526970e+00 -3.65787746e-01
3190             5.52838840e+02 7.24400605e-01 -6.62706126e+02 5.52955756e+02 6.04920406e+00 -6.62339769e+02 -1.16916067e-01 -5.32480346e+00 -3.66357690e-01
3200             5.52472994e+02 4.23244808e-01 -6.62123322e+02 5.52589777e+02 5.74798422e+00 -6.61756788e+02 -1.16783009e-01 -5.32473941e+00 -3.66534409e-01
3210             5.51869617e+02 5.10018041e-01 -6.61406674e+02 5.51986357e+02 5.83425659e+00 -6.61040167e+02 -1.16739250e-01 -5.32423855e+00 -3.66507013e-01
3220             5.50687260e+02 5.59591288e-01 -6.59684678e+02 5.50803912e+02 5.88343012e+00 -6.59318098e+02 -1.16651722e-01 -5.32383883e+00 -3.66579838e-01
3230             5.51529604e+02 9.69962956e-01 -6.60921719e+02 5.51646609e+02 6.29361098e+00 -6.60555729e+02 -1.17004482e-01 -5.32364803e+00 -3.65989645e-01
3240             5.52445023e+02 1.29936605e+00 -6.62215815e+02 5.52561840e+02 6.62272900e+00 -6.61849578e+02 -1.16817841e-01 -5.32336295e+00 -3.66237021e-01
3250             5.54177725e+02 1.42093919e+00 -6.64366112e+02 5.54294617e+02 6.74419138e+00 -6.64000044e+02 -1.16891580e-01 -5.32325219e+00 -3.66068044e-01
3260             5.53023681e+02 1.18353046e+00 -6.63262453e+02 5.53140720e+02 6.50627358e+00 -6.62896709e+02 -1.17039200e-01 -5.32274312e+00 -3.65744233e-01
3270             5.53354657e+02 6.75448228e-01 -6.63097635e+02 5.53471229e+02 5.99835702e+00 -6.62731151e+02 -1.16571502e-01 -5.32290879e+00 -3.66483601e-01
3280             5.51293697e+02 4.22811723e-01 -6.60779825e+02 5.51410323e+02 5.74551637e+00 -6.60413463e+02 -1.16626059e-01 -5.32270465e+00 -3.66361162e-01
3290             5.53421420e+02 5.44547783e-01 -6.63225077e+02 5.53537556e+02 5.86707916e+00 -6.62857980e+02 -1.16135684e-01 -5.32253138e+00 -3.67097516e-01
3300             5.51260204e+02 6.07010124e-01 -6.60751938e+02 5.51376389e+02 5.92981910e+00 -6.60384890e+02 -1.16185539e-01 -5.32280898e+00 -3.67047896e-01
3310             5.51561138e+02 1.02849678e+00 -6.60783566e+02 5.51677211e+02 6.35132615e+00 -6.60416336e+02 -1.16072999e-01 -5.32282937e+00 -3.67230538e-01
3320             5.53366990e+02 1.38280177e+00 -6.63550191e+02 5.53483464e+02 6.70560352e+00 -6.63183599e+02 -1.16473941e-01 -5.32280175e+00 -3.66592477e-01
3330             5.53586575e+02 1.45349961e+00 -6.63609959e+02 5.53702940e+02 6.77653053e+00 -6.63243172e+02 -1.16364759e-01 -5.32303091e+00 -3.66787166e-01
3340             5.53597468e+02 1.14910587e+00 -6.63614840e+02 5.53713863e+02 6.47228365e+00 -6.63248076e+02 -1.16394713e-01 -5.32317778e+00 -3.66764590e-01
3350             5.52350004e+02 7.43903487e-01 -6.62314949e+02 5.52466309e+02 6.06748315e+00 -6.61947977e+02 -1.16305427e-01 -5.32357966e+00 -3.66972032e-01
3360             5.51752196e+02 6.03912335e-01 -6.61108323e+02 5.51868255e+02 5.92782548e+00 -6.60740899e+02 -1.16058207e-01 -5.32391314e+00 -3.67423610e-01
3370             5.52208197e+02 3.75769163e-01 -6.61921466e+02 5.52324220e+02 5.70016562e+00 -6.61553902e+02 -1.16022645e-01 -5.32439645e+00 -3.67563618e-01
3380             5.50756705e+02 6.47333147e-01 -6.59962081e+02 5.50872607e+02 5.97184792e+00 -6.59594280e+02 -1.15901198e-01 -5.32451477e+00 -3.67800984e-01
3390             5.53068416e+02 9.21093920e-01 -6.62722868e+02 5.53184494e+02 6.24592715e+00 -6.62355297e+02 -1.16077426e-01 -5.32483323e+00 -3.67571029e-01
3400             5.52779332e+02 1.22674570e+00 -6.62795946e+02 5.52895379e+02 6.55171452e+00 -6.62428288e+02 -1.16046689e-01 -5.32496882e+00 -3.67657936e-01
3410             5.53946058e+02 1.55140706e+00 -6.64022719e+02 5.54062336e+02 6.87677123e+00 -6.63655351e+02 -1.16278372e-01 -5.32536416e+00 -3.67367886e-01
3420             5.52447686e+02 1.11019602e+00 -6.62279890e+02 5.52563801e+02 6.43596442e+00 -6.61912180e+02 -1.16114997e-01 -5.32576840e+00 -3.67710001e-01
3430             5.53108379e+02 9.85451869e-01 -6.62804239e+02 5.53224322e+02 6.31176506e+00 -6.62436156e+02 -1.15943245e-01 -5.32631319e+00 -3.68082805e-01
3440             5.51930090e+02 4.10138540e-01 -6.61234363e+02 5.52046345e+02 5.73692604e+00 -6.60866676e+02 -1.16254627e-01 -5.32678750e+00 -3.67686342e-01
3450             5.52836444e+02 6.18686871e-01 -6.62674458e+02 5.52952862e+02 5.94587877e+00 -6.62306938e+02 -1.16417536e-01 -5.32719190e+00 -3.67519788e-01
3460             5.52664377e+02 4.72815835e-01 -6.62179304e+02 5.52780713e+02 5.80003414e+00 -6.61811625e+02 -1.16335963e-01 -5.32721830e+00 -3.67678711e-01
3470             5.50517373e+02 6.48542452e-01 -6.59578108e+02 5.50633560e+02 5.97642728e+00 -6.59210054e+02 -1.16186875e-01 -5.32788482e+00 -3.68054689e-01
3480             5.52592736e+02 1.13970045e+00 -6.62212840e+02 5.52709406e+02 6.46777478e+00 -6.61845496e+02 -1.16670420e-01 -5.32807433e+00 -3.67344095e-01
3490             5.52412848e+02 1.28014757e+00 -6.62306305e+02 5.52529493e+02 6.60838921e+00 -6.61938863e+02 -1.16645772e-01 -5.32824164e+00 -3.67441949e-01
3500             5.54012613e+02 1.39037723e+00 -6.64026341e+02 5.54129598e+02 6.71877970e+00 -6.63659377e+02 -1.16984389e-01 -5.32840247e+00 -3.66963967e-01
3510             5.52340843e+02 8.20538364e-01 -6.62197304e+02 5.52458156e+02 6.14870025e+00 -6.61830874e+02 -1.17312680e-01 -5.32816188e+00 -3.66429847e-01
3520             5.53282721e+02 6.65209360e-01 -6.63050104e+02 5.53399678e+02 5.99363192e+00 -6.62683032e+02 -1.16956698e-01 -5.32842256e+00 -3.67071867e-01
3530             5.51840755e+02 5.44925825e-01 -6.61591218e+02 5.51957928e+02 5.87331604e+00 -6.61224457e+02 -1.17172686e-01 -5.32839021e+00 -3.66761128e-01
3540             5.52566313e+02 5.21525750e-01 -6.61852180e+02 5.52683160e+02 5.84965988e+00 -6.61484937e+02 -1.16846853e-01 -5.32813413e+00 -3.67243300e-01
3550             5.50690627e+02 6.86188928e-01 -6.60096105e+02 5.50807523e+02 6.01410108e+00 -6.59728971e+02 -1.16896248e-01 -5.32791215e+00 -3.67133490e-01
3560             5.52774827e+02 1.07250064e+00 -6.62355843e+02 5.52891620e+02 6.40024261e+00 -6.61988565e+02 -1.16792372e-01 -5.32774197e+00 -3.67277699e-01
3570             5.52011087e+02 1.14814936e+00 -6.61478462e+02 5.52128076e+02 6.47569186e+00 -6.61111531e+02 -1.16989155e-01 -5.32754250e+00 -3.66931155e-01
3580             5.53499120e+02 1.52524461e+00 -6.63599557e+02 5.53616265e+02 6.85272596e+00 -6.63232898e+02 -1.17145745e-01 -5.32748135e+00 -3.66658960e-01
3590             5.53907925e+02 1.11343483e+00 -6.64280302e+02 5.54024992e+02 6.44027994e+00 -6.63913634e+02 -1.17066499e-01 -5.32684510e+00 -3.66667212e-01
3600             5.52120463e+02 6.59500394e-01 -6.61755099e+02 5.52237059e+02 5.98630573e+00 -6.61387701e+02 -1.16596045e-01 -5.32680533e+00 -3.67398748e-01
3610             5.50755697e+02 3.55541255e-01 -6.59820421e+02 5.50872547e+02 5.68224402e+00 -6.59453461e+02 -1.16849207e-01 -5.32670276e+00 -3.66959394e-01
3620             5.52979769e+02 4.99499581e-01 -6.62773535e+02 5.53096570e+02 5.82584005e+00 -6.62406565e+02 -1.16801090e-01 -5.32634047e+00 -3.66970151e-01
3630             5.51774339e+02 6.94092899e-01 -6.61189700e+02 5.51890771e+02 6.02022473e+00 -6.60822206e+02 -1.16431708e-01 -5.32613183e+00 -3.67494161e-01
3640             5.51664016e+02 9.84692979e-01 -6.61154057e+02 5.51780526e+02 6.31050368e+00 -6.60786753e+02 -1.16510472e-01 -5.32581070e+00 -3.67303391e-01
3650             5.54092631e+02 1.46885274e+00 -6.64353977e+02 5.54209331e+02 6.79407300e+00 -6.63987110e+02 -1.16699729e-01 -5.32522026e+00 -3.66867051e-01
3660             5.52851195e+02 1.35137322e+00 -6.62807995e+02 5.52967809e+02 6.67616766e+00 -6.62441086e+02 -1.16613728e-01 -5.32479444e+00 -3.66909756e-01
3670             5.51825965e+02 1.19666803e+00 -6.61179224e+02 5.51942634e+02 6.52131309e+00 -6.60812458e+02 -1.16668629e-01 -5.32464505e+00 -3.66765604e-01
3680             5.53548335e+02 7.68028890e-01 -6.63588156e+02 5.53665115e+02 6.09242474e+00 -6.63221609e+02 -1.16779854e-01 -5.32439585e+00 -3.66546888e-01
3690             5.51646071e+02 3.86984833e-01 -6.61081335e+02 5.51762484e+02 5.71118784e+00 -6.60714261e+02 -1.16412924e-01 -5.32420301e+00 -3.67074277e-01
3700             5.51190537e+02 2.59790842e-01 -6.60462817e+02 5.51306991e+02 5.58382931e+00 -6.60095853e+02 -1.16453893e-01 -5.32403846e+00 -3.66964238e-01
3710             5.52333960e+02 7.25922851e-01 -6.61925928e+02 5.52450244e+02 6.04974387e+00 -6.61558753e+02 -1.16283514e-01 -5.32382102e+00 -3.67175115e-01
3720             5.51551087e+02 6.67815393e-01 -6.60806448e+02 5.51667386e+02 5.99159736e+00 -6.60439303e+02 -1.16299437e-01 -5.32378196e+00 -3.67145197e-01
3730             5.53388588e+02 1.31044955e+00 -6.63324140e+02 5.53504944e+02 6.63410592e+00 -6.62957123e+02 -1.16356116e-01 -5.32365636e+00 -3.67017341e-01
3740             5.53249170e+02 1.42804441e+00 -6.63158041e+02 5.53365995e+02 6.75149646e+00 -6.62791781e+02 -1.16825626e-01 -5.32345205e+00 -3.66260164e-01
3750             5.53046158e+02 1.15239885e+00 -6.62901569e+02 5.53162985e+02 6.47609087e+00 -6.62535254e+02 -1.16827465e-01 -5.32369202e+00 -3.66314841e-01
3760             5.52292972e+02 1.07482953e+00 -6.61947852e+02 5.52409976e+02 6.39850604e+00 -6.61581783e+02 -1.17004066e-01 -5.32367650e+00 -3.66069111e-01
3770             5.53190381e+02 6.25158655e-01 -6.63168731e+02 5.53307567e+02 5.94907206e+00 -6.62802884e+02 -1.17186587e-01 -5.32391340e+00 -3.65846814e-01
3780             5.53345275e+02 5.86812431e-01 -6.63310318e+02 5.53462372e+02 5.91059036e+00 -6.62944315e+02 -1.17097025e-01 -5.32377793e+00 -3.66002572e-01
3790             5.50266517e+02 1.76895756e-01 -6.59023460e+02 5.50383488e+02 5.50094243e+00 -6.58657195e+02 -1.16970728e-01 -5.32404668e+00 -3.66265541e-01
3800             5.53217441e+02 8.88935002e-01 -6.63053024e+02 5.53334425e+02 6.21291759e+00 -6.62686773e+02 -1.16983768e-01 -5.32398259e+00 -3.66251098e-01
3810             5.51943864e+02 9.30533994e-01 -6.61430627e+02 5.52060911e+02 6.25434269e+00 -6.61064489e+02 -1.17046227e-01 -5.32380869e+00 -3.66137730e-01
3820             5.52274434e+02 1.27306307e+00 -6.61778126e+02 5.52391420e+02 6.59666405e+00 -6.61411909e+02 -1.16985955e-01 -5.32360098e+00 -3.66217065e-01
3830             5.54338822e+02 1.49991786e+00 -6.64596839e+02 5.54455947e+02 6.82338575e+00 -6.64230891e+02 -1.17124175e-01 -5.32346790e+00 -3.65948105e-01
3840             5.53671765e+02 1.33527160e+00 -6.63494834e+02 5.53788768e+02 6.65880818e+00 -6.63128705e+02 -1.17003775e-01 -5.32353659e+00 -3.66129248e-01
3850             5.52649142e+02 9.10211943e-01 -6.62515011e+02 5.52766463e+02 6.23363596e+00 -6.62149418e+02 -1.17321205e-01 -5.32342402e+00 -3.65593091e-01
3860             5.52201328e+02 7.29628117e-01 -6.61494590e+02 5.52318155e+02 6.05273089e+00 -6.61128277e+02 -1.16826054e-01 -5.32310277e+00 -3.66312703e-01
3870             5.52054243e+02 4.36074103e-01 -6.61694420e+02 5.52171273e+02 5.75884022e+00 -6.61328505e+02 -1.17030736e-01 -5.32276611e+00 -3.65915466e-01
3880             5.51145993e+02 5.13949766e-01 -6.60392827e+02 5.51262661e+02 5.83650505e+00 -6.60026386e+02 -1.16668324e-01 -5.32255529e+00 -3.66441158e-01
3890             5.52170797e+02 4.98372873e-01 -6.61424975e+02 5.52287849e+02 5.82064341e+00 -6.61059191e+02 -1.17052289e-01 -5.32227053e+00 -3.65783947e-01
3900             5.52907135e+02 9.25227385e-01 -6.62566470e+02 5.53024256e+02 6.24740584e+00 -6.62200824e+02 -1.17121221e-01 -5.32217845e+00 -3.65646303e-01
3910             5.52909480e+02 1.35680109e+00 -6.62716840e+02 5.53026822e+02 6.67848853e+00 -6.62351620e+02 -1.17341380e-01 -5.32168744e+00 -3.65220661e-01
3920             5.54404589e+02 1.43172622e+00 -6.64696711e+02 5.54521534e+02 6.75348517e+00 -6.64330864e+02 -1.16945076e-01 -5.32175895e+00 -3.65847112e-01
3930             5.53404847e+02 1.15978926e+00 -6.63198406e+02 5.53521537e+02 6.48170358e+00 -6.62832142e+02 -1.16690187e-01 -5.32191433e+00 -3.66264340e-01
3940             5.52971483e+02 8.15147267e-01 -6.63046148e+02 5.53088036e+02 6.13694318e+00 -6.62679684e+02 -1.16552677e-01 -5.32179591e+00 -3.66463887e-01
3950             5.52647847e+02 5.85451100e-01 -6.62213039e+02 5.52763855e+02 5.90739034e+00 -6.61845701e+02 -1.16007571e-01 -5.32193924e+00 -3.67338153e-01
3960             5.51642172e+02 4.47704263e-01 -6.61151820e+02 5.51758249e+02 5.76979888e+00 -6.60784564e+02 -1.16076766e-01 -5.32209461e+00 -3.67255622e-01
3970             5.51717213e+02 6.71065870e-01 -6.61064160e+02 5.51833048e+02 5.99349203e+00 -6.60696476e+02 -1.15835467e-01 -5.32242616e+00 -3.67683596e-01
3980             5.51252014e+02 8.84357128e-01 -6.60647956e+02 5.51368144e+02 6.20700911e+00 -6.60280691e+02 -1.16130164e-01 -5.32265198e+00 -3.67265438e-01
3990             5.52404222e+02 1.31589297e+00 -6.62082138e+02 5.52520447e+02 6.63884673e+00 -6.61714985e+02 -1.16225450e-01 -5.32295376e+00 -3.67152621e-01
4000             5.54126295e+02 1.52528047e+00 -6.64371217e+02 5.54242568e+02 6.84840970e+00 -6.64004105e+02 -1.16273367e-01 -5.32312922e+00 -3.67112162e-01
