# Force         
# CofR          : (0.00000000e+00 0.00000000e+00 0.00000000e+00)
#
# Time          	total_x total_y total_z	pressure_x pressure_y pressure_z	viscous_x viscous_y viscous_z
10               -2.45551556e+02 -6.19992319e+02 -3.46649871e-19 -2.51414584e+02 -6.19629461e+02 -3.49585577e-19 5.86302810e+00 -3.62857174e-01 2.93570531e-21
20               -2.00280880e+01 1.95657127e+02 1.49842190e-18 -2.92711395e+01 1.96215330e+02 1.49939765e-18 9.24305144e+00 -5.58203151e-01 -9.75756156e-22
30               3.31465620e+01 3.86459784e+02 1.55905696e-18 2.17522400e+01 3.87154151e+02 1.55716791e-18 1.13943220e+01 -6.94366378e-01 1.88905012e-21
40               3.60170585e+01 4.21111345e+02 1.44664557e-18 2.39825715e+01 4.21837501e+02 1.44399206e-18 1.20344871e+01 -7.26156377e-01 2.65350659e-21
50               3.44473099e+01 4.40991583e+02 1.41257962e-18 2.25843774e+01 4.41693466e+02 1.41057066e-18 1.18629325e+01 -7.01882640e-01 2.00896318e-21
60               3.36837882e+01 4.59554831e+02 1.43028776e-18 2.22398387e+01 4.60214656e+02 1.42885636e-18 1.14439496e+01 -6.59824523e-01 1.43139819e-21
70               3.29797061e+01 4.76828863e+02 1.41568329e-18 2.20037437e+01 4.77440335e+02 1.41407145e-18 1.09759624e+01 -6.11471893e-01 1.61183621e-21
80               3.22661671e+01 4.98072223e+02 1.39318636e-18 2.17487011e+01 4.98635985e+02 1.39191295e-18 1.05174659e+01 -5.63761857e-01 1.27341158e-21
90               3.13803337e+01 5.17288544e+02 1.39958717e-18 2.12836570e+01 5.17810524e+02 1.39869679e-18 1.00966767e+01 -5.21979931e-01 8.90381312e-22
100              3.04865322e+01 5.35506025e+02 1.38981843e-18 2.07635356e+01 5.35988001e+02 1.38720144e-18 9.72299663e+00 -4.81976801e-01 2.61698856e-21
110              2.97299687e+01 5.45788173e+02 1.38692803e-18 2.03437579e+01 5.46233008e+02 1.38468094e-18 9.38621083e+00 -4.44835292e-01 2.24708366e-21
120              2.90132588e+01 5.55300208e+02 1.40256893e-18 1.99063288e+01 5.55712644e+02 1.40040532e-18 9.10692998e+00 -4.12436520e-01 2.16360998e-21
130              2.80199962e+01 5.61971242e+02 1.38667070e-18 1.91369854e+01 5.62356787e+02 1.38347074e-18 8.88301082e+00 -3.85545095e-01 3.19996839e-21
140              2.77695043e+01 5.65872277e+02 1.39827249e-18 1.90724726e+01 5.66234507e+02 1.39576977e-18 8.69703171e+00 -3.62230335e-01 2.50271636e-21
150              2.69724220e+01 5.77499065e+02 1.39648788e-18 1.84297759e+01 5.77839969e+02 1.39223856e-18 8.54264608e+00 -3.40903835e-01 4.24932125e-21
160              2.63838266e+01 5.84273155e+02 1.37617984e-18 1.79549944e+01 5.84596167e+02 1.37228065e-18 8.42883223e+00 -3.23011814e-01 3.89919150e-21
170              2.65379415e+01 5.89718832e+02 1.38722149e-18 1.81861236e+01 5.90027492e+02 1.38242405e-18 8.35181793e+00 -3.08659620e-01 4.79744081e-21
180              2.62265534e+01 5.96707444e+02 1.39852517e-18 1.79205550e+01 5.97004767e+02 1.39223520e-18 8.30599841e+00 -2.97322383e-01 6.28997250e-21
190              2.56517476e+01 6.05270834e+02 1.35115717e-18 1.73843274e+01 6.05557631e+02 1.34414960e-18 8.26742017e+00 -2.86796689e-01 7.00757034e-21
200              2.50269549e+01 6.08603068e+02 1.33345462e-18 1.67929695e+01 6.08879843e+02 1.33158885e-18 8.23398539e+00 -2.76775206e-01 1.86577295e-21
210              2.40821313e+01 6.10005203e+02 1.31060202e-18 1.58820957e+01 6.10271783e+02 1.30773664e-18 8.20003555e+00 -2.66580489e-01 2.86538453e-21
220              2.36719219e+01 6.10782542e+02 1.32231816e-18 1.55054163e+01 6.11038545e+02 1.32041088e-18 8.16650564e+00 -2.56002369e-01 1.90727516e-21
230              2.37840851e+01 6.14239931e+02 1.33375136e-18 1.56484392e+01 6.14485481e+02 1.33043367e-18 8.13564590e+00 -2.45549621e-01 3.31768560e-21
240              2.40704074e+01 6.15705189e+02 1.33856756e-18 1.59590982e+01 6.15943831e+02 1.33685402e-18 8.11130917e+00 -2.38642936e-01 1.71353367e-21
250              2.35825910e+01 6.20602158e+02 1.33099619e-18 1.54966099e+01 6.20833976e+02 1.32773939e-18 8.08598110e+00 -2.31817805e-01 3.25680181e-21
260              2.30641404e+01 6.22580947e+02 1.29592115e-18 1.50029465e+01 6.22805875e+02 1.29257823e-18 8.06119385e+00 -2.24928338e-01 3.34292369e-21
270              2.19960155e+01 6.25462142e+02 1.28286029e-18 1.39561678e+01 6.25680524e+02 1.27999235e-18 8.03984772e+00 -2.18382547e-01 2.86794861e-21
280              2.20400701e+01 6.22912284e+02 1.27527644e-18 1.40181728e+01 6.23124379e+02 1.27309383e-18 8.02189736e+00 -2.12095062e-01 2.18261018e-21
290              2.23349211e+01 6.21420292e+02 1.28256232e-18 1.43282010e+01 6.21626704e+02 1.28018740e-18 8.00672008e+00 -2.06411899e-01 2.37491278e-21
300              2.23871615e+01 6.22700372e+02 1.29757225e-18 1.43914732e+01 6.22901282e+02 1.29465508e-18 7.99568838e+00 -2.00909848e-01 2.91717258e-21
310              2.24105105e+01 6.24849400e+02 1.29540869e-18 1.44238579e+01 6.25045635e+02 1.29216530e-18 7.98665255e+00 -1.96234791e-01 3.24338622e-21
320              2.14610623e+01 6.26118472e+02 1.26898058e-18 1.34831891e+01 6.26311336e+02 1.26628462e-18 7.97787324e+00 -1.92864388e-01 2.69595906e-21
330              2.12645427e+01 6.27663481e+02 1.27112074e-18 1.32941848e+01 6.27852682e+02 1.26791871e-18 7.97035790e+00 -1.89201075e-01 3.20203264e-21
340              2.10487381e+01 6.25998387e+02 1.28063118e-18 1.30839862e+01 6.26184170e+02 1.27690099e-18 7.96475193e+00 -1.85782957e-01 3.73018475e-21
350              2.04115445e+01 6.24104172e+02 1.25831880e-18 1.24503448e+01 6.24287510e+02 1.25560383e-18 7.96119970e+00 -1.83337918e-01 2.71497094e-21
360              2.02898800e+01 6.23800084e+02 1.27751175e-18 1.23301300e+01 6.23981506e+02 1.27528123e-18 7.95975007e+00 -1.81422834e-01 2.23052080e-21
370              1.98799164e+01 6.19628472e+02 1.26435659e-18 1.19226895e+01 6.19806614e+02 1.26173053e-18 7.95722684e+00 -1.78142789e-01 2.62605942e-21
380              2.01790845e+01 6.19381428e+02 1.29233058e-18 1.22232383e+01 6.19557174e+02 1.28928052e-18 7.95584620e+00 -1.75746243e-01 3.05005810e-21
390              2.05582337e+01 6.19887361e+02 1.32143864e-18 1.26003634e+01 6.20061683e+02 1.31787992e-18 7.95787028e+00 -1.74322016e-01 3.55871985e-21
400              2.05392601e+01 6.20958517e+02 1.32422339e-18 1.25772233e+01 6.21132080e+02 1.32113344e-18 7.96203679e+00 -1.73563019e-01 3.08995750e-21
410              1.94119375e+01 6.17643288e+02 1.31110667e-18 1.14423986e+01 6.17816796e+02 1.30854858e-18 7.96953887e+00 -1.73507076e-01 2.55809364e-21
420              1.98726068e+01 6.17030615e+02 1.32972368e-18 1.18947478e+01 6.17204329e+02 1.32722410e-18 7.97785901e+00 -1.73714598e-01 2.49958444e-21
430              1.99499839e+01 6.14534413e+02 1.34553720e-18 1.19618808e+01 6.14707715e+02 1.34267438e-18 7.98810309e+00 -1.73301755e-01 2.86282756e-21
440              2.01556634e+01 6.14728164e+02 1.35315905e-18 1.21555077e+01 6.14901586e+02 1.34970688e-18 8.00015568e+00 -1.73421425e-01 3.45217247e-21
450              2.01161902e+01 6.12194029e+02 1.34660754e-18 1.21027994e+01 6.12367970e+02 1.34351533e-18 8.01339083e+00 -1.73940851e-01 3.09221190e-21
460              1.97152750e+01 6.13064589e+02 1.33740174e-18 1.16903886e+01 6.13239591e+02 1.33337419e-18 8.02488634e+00 -1.75001862e-01 4.02755053e-21
470              1.92363527e+01 6.11690192e+02 1.31055949e-18 1.11993543e+01 6.11866473e+02 1.30690425e-18 8.03699844e+00 -1.76281519e-01 3.65523710e-21
480              1.82331463e+01 6.10246485e+02 1.28307672e-18 1.01823678e+01 6.10423605e+02 1.27984896e-18 8.05077859e+00 -1.77120255e-01 3.22775661e-21
490              1.83611899e+01 6.08798936e+02 1.29623054e-18 1.02945262e+01 6.08977907e+02 1.29308000e-18 8.06666376e+00 -1.78971339e-01 3.15054107e-21
500              1.90543398e+01 6.05090260e+02 1.30839229e-18 1.09710746e+01 6.05270129e+02 1.30547464e-18 8.08326518e+00 -1.79868338e-01 2.91764845e-21
510              1.95777954e+01 6.05732138e+02 1.31351675e-18 1.14770656e+01 6.05913023e+02 1.31060866e-18 8.10072974e+00 -1.80885382e-01 2.90808527e-21
520              1.98558842e+01 6.03448360e+02 1.32289993e-18 1.17370900e+01 6.03631033e+02 1.31936106e-18 8.11879424e+00 -1.82672969e-01 3.53886627e-21
530              1.96565325e+01 6.02847882e+02 1.31180921e-18 1.15212474e+01 6.03033749e+02 1.30773835e-18 8.13528506e+00 -1.85867875e-01 4.07086292e-21
540              1.90645171e+01 6.01485975e+02 1.27788780e-18 1.09148817e+01 6.01673680e+02 1.27387231e-18 8.14963538e+00 -1.87704668e-01 4.01548545e-21
550              1.86515222e+01 6.03979465e+02 1.25741322e-18 1.04856977e+01 6.04169478e+02 1.25424215e-18 8.16582449e+00 -1.90012911e-01 3.17107963e-21
560              1.83700460e+01 6.01663851e+02 1.26636996e-18 1.01865629e+01 6.01855866e+02 1.26235613e-18 8.18348311e+00 -1.92014614e-01 4.01383370e-21
570              1.90661343e+01 5.96591030e+02 1.26755257e-18 1.08633334e+01 5.96785746e+02 1.26186697e-18 8.20280088e+00 -1.94715621e-01 5.68560030e-21
580              1.91112865e+01 5.95206377e+02 1.29170808e-18 1.08872048e+01 5.95403259e+02 1.28546354e-18 8.22408178e+00 -1.96881684e-01 6.24454116e-21
590              1.90239991e+01 5.87299885e+02 1.30448215e-18 1.07730467e+01 5.87500192e+02 1.30037011e-18 8.25095243e+00 -2.00307152e-01 4.11203716e-21
600              1.88495037e+01 5.78718138e+02 1.31930673e-18 1.05643803e+01 5.78925164e+02 1.31609016e-18 8.28512335e+00 -2.07025520e-01 3.21657039e-21
610              1.80387225e+01 5.70143189e+02 1.32553911e-18 9.71675980e+00 5.70357689e+02 1.32259536e-18 8.32196270e+00 -2.14499975e-01 2.94375794e-21
620              1.70346064e+01 5.61240188e+02 1.32515843e-18 8.67596072e+00 5.61460943e+02 1.32071252e-18 8.35864570e+00 -2.20755149e-01 4.44590099e-21
630              1.59601832e+01 5.59975831e+02 1.30036144e-18 7.57206175e+00 5.60203221e+02 1.29794501e-18 8.38812146e+00 -2.27389336e-01 2.41643015e-21
640              1.61240254e+01 5.61011853e+02 1.29186513e-18 7.71167414e+00 5.61245294e+02 1.29009161e-18 8.41235121e+00 -2.33441694e-01 1.77351966e-21
650              1.61035608e+01 5.63966494e+02 1.29092978e-18 7.67122820e+00 5.64204156e+02 1.28864925e-18 8.43233261e+00 -2.37661991e-01 2.28053541e-21
660              1.70213234e+01 5.70567175e+02 1.30470365e-18 8.57011805e+00 5.70809370e+02 1.30204576e-18 8.45120537e+00 -2.42195280e-01 2.65789393e-21
670              1.79293409e+01 5.68879061e+02 1.32458297e-18 9.46093147e+00 5.69125122e+02 1.32182886e-18 8.46840948e+00 -2.46060963e-01 2.75410683e-21
680              1.83257477e+01 5.71910014e+02 1.32184888e-18 9.84213593e+00 5.72159433e+02 1.31866826e-18 8.48361178e+00 -2.49419573e-01 3.18061886e-21
690              1.84578142e+01 5.76817062e+02 1.33222106e-18 9.95873392e+00 5.77070503e+02 1.32908153e-18 8.49908028e+00 -2.53440835e-01 3.13953762e-21
700              1.93192733e+01 5.75040020e+02 1.32764612e-18 1.08040590e+01 5.75297671e+02 1.32475821e-18 8.51521430e+00 -2.57651139e-01 2.88791121e-21
710              1.85081972e+01 5.80133437e+02 1.32559182e-18 9.97774432e+00 5.80394120e+02 1.32293483e-18 8.53045286e+00 -2.60683317e-01 2.65698857e-21
720              1.85686545e+01 5.81630484e+02 1.31149137e-18 1.00233832e+01 5.81895437e+02 1.30874010e-18 8.54527130e+00 -2.64953260e-01 2.75126992e-21
730              1.86868452e+01 5.83494610e+02 1.31231856e-18 1.01278836e+01 5.83763481e+02 1.30938297e-18 8.55896161e+00 -2.68870940e-01 2.93558652e-21
740              1.81246927e+01 5.84586306e+02 1.29917215e-18 9.55191505e+00 5.84858893e+02 1.29621867e-18 8.57277764e+00 -2.72587632e-01 2.95347827e-21
750              1.84094360e+01 5.84046443e+02 1.31065603e-18 9.82198456e+00 5.84322154e+02 1.30827127e-18 8.58745145e+00 -2.75711055e-01 2.38475360e-21
760              1.81557074e+01 5.84836287e+02 1.31670000e-18 9.55248718e+00 5.85115482e+02 1.31368841e-18 8.60322018e+00 -2.79195591e-01 3.01159384e-21
770              1.88304276e+01 5.85892789e+02 1.31942507e-18 1.02124351e+01 5.86175217e+02 1.31674125e-18 8.61799245e+00 -2.82427887e-01 2.68382722e-21
780              1.89641861e+01 5.89136837e+02 1.32276257e-18 1.03327126e+01 5.89422473e+02 1.32035619e-18 8.63147351e+00 -2.85636168e-01 2.40637939e-21
790              1.87540036e+01 5.92699865e+02 1.32627457e-18 1.01102657e+01 5.92987950e+02 1.32343470e-18 8.64373790e+00 -2.88084629e-01 2.83986814e-21
800              1.94721123e+01 5.94381862e+02 1.32296633e-18 1.08162338e+01 5.94672079e+02 1.31977084e-18 8.65587848e+00 -2.90217252e-01 3.19549505e-21
810              1.97036039e+01 5.97029485e+02 1.32824162e-18 1.10352875e+01 5.97322855e+02 1.32602490e-18 8.66831637e+00 -2.93370387e-01 2.21671611e-21
820              1.99051703e+01 6.00614976e+02 1.33618916e-18 1.12255162e+01 6.00910680e+02 1.33382511e-18 8.67965410e+00 -2.95704047e-01 2.36405045e-21
830              1.97010811e+01 6.04196694e+02 1.31787817e-18 1.10113721e+01 6.04494932e+02 1.31531518e-18 8.68970893e+00 -2.98238514e-01 2.56298984e-21
840              1.92666086e+01 6.09015482e+02 1.29962517e-18 1.05677347e+01 6.09315131e+02 1.29722496e-18 8.69887386e+00 -2.99648980e-01 2.40020843e-21
850              1.87749365e+01 6.15016388e+02 1.27907839e-18 1.00670966e+01 6.15317630e+02 1.27620810e-18 8.70783992e+00 -3.01241553e-01 2.87028701e-21
860              1.90427293e+01 6.15348742e+02 1.28244868e-18 1.03268565e+01 6.15652342e+02 1.27933554e-18 8.71587285e+00 -3.03599925e-01 3.11314028e-21
870              1.91319082e+01 6.15870662e+02 1.30304833e-18 1.04089850e+01 6.16175465e+02 1.29988188e-18 8.72292320e+00 -3.04802736e-01 3.16644808e-21
880              1.95833570e+01 6.18149503e+02 1.30312857e-18 1.08526386e+01 6.18455637e+02 1.29978976e-18 8.73071840e+00 -3.06134137e-01 3.33880521e-21
890              2.03338237e+01 6.21416943e+02 1.31420731e-18 1.15951076e+01 6.21725418e+02 1.31120785e-18 8.73871613e+00 -3.08474698e-01 2.99946100e-21
900              1.99019180e+01 6.25175099e+02 1.30450855e-18 1.11565556e+01 6.25484412e+02 1.30180290e-18 8.74536237e+00 -3.09312614e-01 2.70564671e-21
910              1.96728590e+01 6.28462157e+02 1.29022232e-18 1.09210687e+01 6.28771718e+02 1.28762702e-18 8.75179034e+00 -3.09561394e-01 2.59529599e-21
920              1.95844753e+01 6.31204287e+02 1.28659165e-18 1.08262245e+01 6.31514798e+02 1.28330928e-18 8.75825076e+00 -3.10510542e-01 3.28236201e-21
930              1.86518087e+01 6.36297856e+02 1.25536868e-18 9.88779815e+00 6.36610191e+02 1.25196982e-18 8.76401054e+00 -3.12335288e-01 3.39886171e-21
940              1.91775732e+01 6.34796652e+02 1.25660367e-18 1.04076784e+01 6.35110135e+02 1.25274499e-18 8.76989478e+00 -3.13482836e-01 3.85867505e-21
950              1.89792346e+01 6.38391233e+02 1.26348286e-18 1.02041896e+01 6.38705465e+02 1.25999682e-18 8.77504497e+00 -3.14231638e-01 3.48603909e-21
960              1.95087577e+01 6.42403717e+02 1.27738991e-18 1.07282070e+01 6.42718111e+02 1.27401177e-18 8.78055072e+00 -3.14394729e-01 3.37814141e-21
970              1.92877154e+01 6.43106517e+02 1.27197209e-18 1.05015047e+01 6.43422688e+02 1.26818690e-18 8.78621073e+00 -3.16170868e-01 3.78518605e-21
980              1.99441219e+01 6.43316041e+02 1.27815096e-18 1.11538505e+01 6.43633210e+02 1.27444685e-18 8.79027142e+00 -3.17169572e-01 3.70410629e-21
990              2.01956628e+01 6.48827304e+02 1.27888245e-18 1.14028230e+01 6.49145087e+02 1.27491408e-18 8.79283977e+00 -3.17782293e-01 3.96837179e-21
1000             2.05537435e+01 6.52242487e+02 1.29242476e-18 1.17576105e+01 6.52561469e+02 1.28886216e-18 8.79613302e+00 -3.18982001e-01 3.56260717e-21
1010             1.98168466e+01 6.51696176e+02 1.26331780e-18 1.10179639e+01 6.52015222e+02 1.25960465e-18 8.79888264e+00 -3.19046064e-01 3.71315016e-21
1020             1.98528282e+01 6.55665977e+02 1.25136782e-18 1.10527540e+01 6.55985031e+02 1.24743393e-18 8.80007421e+00 -3.19053952e-01 3.93388329e-21
1030             1.92715599e+01 6.57110235e+02 1.24585430e-18 1.04721814e+01 6.57429289e+02 1.24219304e-18 8.79937842e+00 -3.19053255e-01 3.66126517e-21
1040             1.95347260e+01 6.60755848e+02 1.24086831e-18 1.07354074e+01 6.61074979e+02 1.23719753e-18 8.79931867e+00 -3.19131944e-01 3.67077606e-21
1050             1.96412747e+01 6.61078953e+02 1.25368207e-18 1.08423966e+01 6.61398034e+02 1.25001996e-18 8.79887807e+00 -3.19080406e-01 3.66210517e-21
1060             1.96098743e+01 6.61208293e+02 1.23762397e-18 1.08112272e+01 6.61526792e+02 1.23390207e-18 8.79864712e+00 -3.18499780e-01 3.72189876e-21
1070             1.95232071e+01 6.67269207e+02 1.24052033e-18 1.07250954e+01 6.67587491e+02 1.23655019e-18 8.79811168e+00 -3.18284502e-01 3.97014238e-21
1080             1.93676733e+01 6.66940617e+02 1.23168128e-18 1.05699949e+01 6.67259006e+02 1.22798614e-18 8.79767844e+00 -3.18389334e-01 3.69514231e-21
1090             1.89087765e+01 6.66299351e+02 1.21358158e-18 1.01113194e+01 6.66617189e+02 1.21004916e-18 8.79745715e+00 -3.17838711e-01 3.53242178e-21
1100             1.85909400e+01 6.68940937e+02 1.21344583e-18 9.79413198e+00 6.69257985e+02 1.20956835e-18 8.79680798e+00 -3.17047841e-01 3.87747487e-21
1110             1.84679339e+01 6.73197344e+02 1.20041798e-18 9.67246557e+00 6.73514130e+02 1.19657835e-18 8.79546837e+00 -3.16786193e-01 3.83963796e-21
1120             1.89857402e+01 6.72186501e+02 1.22143760e-18 1.01913638e+01 6.72502898e+02 1.21785009e-18 8.79437648e+00 -3.16396586e-01 3.58751608e-21
1130             1.91574495e+01 6.72597026e+02 1.22546999e-18 1.03648761e+01 6.72912880e+02 1.22169895e-18 8.79257336e+00 -3.15853819e-01 3.77104141e-21
1140             1.90044282e+01 6.72979642e+02 1.22150005e-18 1.02134642e+01 6.73294528e+02 1.21737579e-18 8.79096400e+00 -3.14885879e-01 4.12426148e-21
1150             1.99442911e+01 6.73043784e+02 1.21969060e-18 1.11550833e+01 6.73357490e+02 1.21610000e-18 8.78920774e+00 -3.13705636e-01 3.59059802e-21
1160             1.98647638e+01 6.75331267e+02 1.24220366e-18 1.10768214e+01 6.75644343e+02 1.23883948e-18 8.78794236e+00 -3.13075328e-01 3.36418039e-21
1170             2.00210457e+01 6.75812646e+02 1.23399250e-18 1.12351052e+01 6.76124930e+02 1.23078842e-18 8.78594053e+00 -3.12284283e-01 3.20408085e-21
1180             1.98205617e+01 6.75855713e+02 1.22709652e-18 1.10373744e+01 6.76167197e+02 1.22392824e-18 8.78318733e+00 -3.11484075e-01 3.16827693e-21
1190             1.95329021e+01 6.77803037e+02 1.22610830e-18 1.07522651e+01 6.78114081e+02 1.22284483e-18 8.78063706e+00 -3.11043960e-01 3.26346735e-21
1200             1.97976221e+01 6.77850984e+02 1.21927719e-18 1.10195509e+01 6.78161674e+02 1.21589068e-18 8.77807124e+00 -3.10689737e-01 3.38650898e-21
1210             1.94770391e+01 6.80320718e+02 1.23401178e-18 1.07013911e+01 6.80630855e+02 1.23074413e-18 8.77564803e+00 -3.10137497e-01 3.26764856e-21
1220             1.93606343e+01 6.79205778e+02 1.20290485e-18 1.05875261e+01 6.79515534e+02 1.19951689e-18 8.77310818e+00 -3.09755922e-01 3.38795827e-21
1230             1.91585859e+01 6.79733990e+02 1.20113725e-18 1.03873271e+01 6.80043712e+02 1.19773063e-18 8.77125879e+00 -3.09722389e-01 3.40662067e-21
1240             1.90828327e+01 6.81505372e+02 1.20088738e-18 1.03136909e+01 6.81815506e+02 1.19776746e-18 8.76914187e+00 -3.10134828e-01 3.11991740e-21
1250             1.84358829e+01 6.82225786e+02 1.21114210e-18 9.66824014e+00 6.82535626e+02 1.20713085e-18 8.76764277e+00 -3.09839833e-01 4.01124626e-21
1260             1.85253039e+01 6.82716596e+02 1.18866113e-18 9.75887516e+00 6.83025818e+02 1.18523167e-18 8.76642878e+00 -3.09222584e-01 3.42946056e-21
1270             1.85132346e+01 6.85604619e+02 1.20456012e-18 9.74837828e+00 6.85913472e+02 1.20102278e-18 8.76485631e+00 -3.08852651e-01 3.53733805e-21
1280             1.87036458e+01 6.83262893e+02 1.20022786e-18 9.94024701e+00 6.83572022e+02 1.19658120e-18 8.76339881e+00 -3.09129039e-01 3.64665501e-21
1290             1.90139882e+01 6.84261511e+02 1.20725439e-18 1.02515805e+01 6.84570584e+02 1.20403494e-18 8.76240764e+00 -3.09072939e-01 3.21944720e-21
1300             1.84617070e+01 6.84281392e+02 1.20792197e-18 9.70076678e+00 6.84590030e+02 1.20459298e-18 8.76094024e+00 -3.08638001e-01 3.32899156e-21
1310             1.86068420e+01 6.86302443e+02 1.21770663e-18 9.84773787e+00 6.86610748e+02 1.21368225e-18 8.75910410e+00 -3.08305342e-01 4.02438077e-21
1320             1.85363295e+01 6.86512019e+02 1.20432837e-18 9.77889365e+00 6.86820998e+02 1.20017319e-18 8.75743588e+00 -3.08978791e-01 4.15518057e-21
1330             1.84147056e+01 6.87495017e+02 1.19123282e-18 9.65937556e+00 6.87804083e+02 1.18730462e-18 8.75533003e+00 -3.09065930e-01 3.92820035e-21
1340             1.86431169e+01 6.86440182e+02 1.20956468e-18 9.88972535e+00 6.86748968e+02 1.20557942e-18 8.75339152e+00 -3.08786039e-01 3.98526250e-21
1350             1.83301521e+01 6.88046901e+02 1.21346037e-18 9.57893554e+00 6.88355034e+02 1.20909075e-18 8.75121655e+00 -3.08132220e-01 4.36961346e-21
1360             1.86770082e+01 6.86934857e+02 1.19285371e-18 9.92747507e+00 6.87243153e+02 1.18838591e-18 8.74953314e+00 -3.08295790e-01 4.46779800e-21
1370             1.87744518e+01 6.86297805e+02 1.22650176e-18 1.00269756e+01 6.86605692e+02 1.22229907e-18 8.74747611e+00 -3.07886995e-01 4.20269333e-21
1380             1.87770792e+01 6.87116679e+02 1.20483438e-18 1.00322888e+01 6.87424584e+02 1.20059177e-18 8.74479034e+00 -3.07904727e-01 4.24261527e-21
1390             1.88806114e+01 6.86692898e+02 1.20657594e-18 1.01384999e+01 6.87000489e+02 1.20231934e-18 8.74211158e+00 -3.07590787e-01 4.25659310e-21
1400             1.82703214e+01 6.88126253e+02 1.20281083e-18 9.53040204e+00 6.88433928e+02 1.19836144e-18 8.73991940e+00 -3.07675381e-01 4.44939353e-21
1410             1.89659315e+01 6.87442246e+02 1.21290984e-18 1.02282706e+01 6.87749482e+02 1.20897206e-18 8.73766085e+00 -3.07236073e-01 3.93778154e-21
1420             1.88390169e+01 6.86052157e+02 1.22164443e-18 1.01036429e+01 6.86359023e+02 1.21839095e-18 8.73537407e+00 -3.06865545e-01 3.25347759e-21
1430             1.89067494e+01 6.88143684e+02 1.23019902e-18 1.01729857e+01 6.88450210e+02 1.22609924e-18 8.73376372e+00 -3.06525526e-01 4.09978331e-21
1440             1.90464113e+01 6.86277650e+02 1.21854791e-18 1.03138552e+01 6.86584132e+02 1.21431971e-18 8.73255610e+00 -3.06482473e-01 4.22820112e-21
1450             1.91916667e+01 6.88247753e+02 1.23241872e-18 1.04610075e+01 6.88553905e+02 1.22823460e-18 8.73065912e+00 -3.06152711e-01 4.18411517e-21
1460             1.90541132e+01 6.87670477e+02 1.22307769e-18 1.03245517e+01 6.87975978e+02 1.21891293e-18 8.72956151e+00 -3.05500434e-01 4.16476283e-21
1470             1.90597045e+01 6.88535832e+02 1.21719160e-18 1.03311986e+01 6.88841512e+02 1.21291191e-18 8.72850587e+00 -3.05680327e-01 4.27969361e-21
1480             1.89149384e+01 6.89096952e+02 1.21214579e-18 1.01871321e+01 6.89403018e+02 1.20793380e-18 8.72780632e+00 -3.06066772e-01 4.21198591e-21
1490             1.81188192e+01 6.87678036e+02 1.19254682e-18 9.39180173e+00 6.87984165e+02 1.18863694e-18 8.72701749e+00 -3.06128514e-01 3.90987529e-21
1500             1.81238546e+01 6.90404500e+02 1.19466079e-18 9.39753905e+00 6.90710745e+02 1.19041181e-18 8.72631555e+00 -3.06244882e-01 4.24897775e-21
1510             1.83442450e+01 6.90762661e+02 1.19698820e-18 9.61804472e+00 6.91069588e+02 1.19241810e-18 8.72620031e+00 -3.06926640e-01 4.57009816e-21
1520             1.82188814e+01 6.89459600e+02 1.19507342e-18 9.49313424e+00 6.89766924e+02 1.19081088e-18 8.72574715e+00 -3.07324545e-01 4.26254183e-21
1530             1.83514479e+01 6.89890362e+02 1.21133117e-18 9.62591485e+00 6.90197758e+02 1.20718507e-18 8.72553306e+00 -3.07396173e-01 4.14610412e-21
1540             1.87983744e+01 6.88611773e+02 1.20914072e-18 1.00728143e+01 6.88918457e+02 1.20483164e-18 8.72556016e+00 -3.06683752e-01 4.30907431e-21
1550             1.87355199e+01 6.89797961e+02 1.21499214e-18 1.00094965e+01 6.90105118e+02 1.21059040e-18 8.72602338e+00 -3.07157027e-01 4.40174735e-21
1560             1.89913253e+01 6.89911926e+02 1.22551503e-18 1.02646248e+01 6.90219253e+02 1.22133674e-18 8.72670054e+00 -3.07327187e-01 4.17829290e-21
1570             1.90450295e+01 6.89506291e+02 1.22174103e-18 1.03175423e+01 6.89813766e+02 1.21808680e-18 8.72748721e+00 -3.07474900e-01 3.65423307e-21
1580             1.82733119e+01 6.87934516e+02 1.20128374e-18 9.54543765e+00 6.88242305e+02 1.19685789e-18 8.72787421e+00 -3.07788447e-01 4.42585027e-21
1590             1.87084046e+01 6.91059396e+02 1.20284095e-18 9.97931905e+00 6.91367802e+02 1.19885357e-18 8.72908552e+00 -3.08405504e-01 3.98737669e-21
1600             1.88189597e+01 6.88819078e+02 1.21006344e-18 1.00882798e+01 6.89127809e+02 1.20582128e-18 8.73067992e+00 -3.08731438e-01 4.24216027e-21
1610             1.89499896e+01 6.87506777e+02 1.19994860e-18 1.02179758e+01 6.87815181e+02 1.19639689e-18 8.73201377e+00 -3.08404294e-01 3.55170345e-21
1620             1.92764188e+01 6.91795532e+02 1.23098259e-18 1.05433489e+01 6.92104033e+02 1.22747978e-18 8.73306990e+00 -3.08501385e-01 3.50281088e-21
1630             1.93246991e+01 6.90472007e+02 1.22567027e-18 1.05905210e+01 6.90781043e+02 1.22172314e-18 8.73417811e+00 -3.09035464e-01 3.94713309e-21
1640             1.90197188e+01 6.91159536e+02 1.20878705e-18 1.02848080e+01 6.91468988e+02 1.20441236e-18 8.73491078e+00 -3.09452675e-01 4.37468508e-21
1650             1.86814653e+01 6.89706977e+02 1.20134184e-18 9.94617989e+00 6.90016249e+02 1.19780881e-18 8.73528545e+00 -3.09271985e-01 3.53302889e-21
1660             1.88454010e+01 6.88819499e+02 1.20294216e-18 1.01096463e+01 6.89128355e+02 1.19920457e-18 8.73575472e+00 -3.08856392e-01 3.73758413e-21
1670             1.86964376e+01 6.90200266e+02 1.20087842e-18 9.95983593e+00 6.90509674e+02 1.19692011e-18 8.73660164e+00 -3.09408566e-01 3.95831186e-21
1680             1.88505098e+01 6.89945509e+02 1.21901883e-18 1.01135955e+01 6.90255398e+02 1.21474678e-18 8.73691425e+00 -3.09888861e-01 4.27204918e-21
1690             1.85966361e+01 6.91095623e+02 1.20122206e-18 9.85964408e+00 6.91405657e+02 1.19749535e-18 8.73699205e+00 -3.10034642e-01 3.72671126e-21
1700             1.87936235e+01 6.92477874e+02 1.21329377e-18 1.00569265e+01 6.92787752e+02 1.20870350e-18 8.73669699e+00 -3.09877964e-01 4.59026834e-21
1710             1.86751674e+01 6.93451133e+02 1.20571328e-18 9.93838995e+00 6.93761538e+02 1.20220890e-18 8.73677742e+00 -3.10405469e-01 3.50437073e-21
1720             1.85354750e+01 6.90353620e+02 1.20432489e-18 9.79874647e+00 6.90664321e+02 1.20027496e-18 8.73672856e+00 -3.10700780e-01 4.04992484e-21
1730             1.85221933e+01 6.92207219e+02 1.21094000e-18 9.78580512e+00 6.92518692e+02 1.20666828e-18 8.73638818e+00 -3.11473335e-01 4.27171987e-21
1740             1.86986803e+01 6.92836759e+02 1.20923775e-18 9.96272559e+00 6.93147806e+02 1.20494059e-18 8.73595471e+00 -3.11046885e-01 4.29716313e-21
1750             1.80931216e+01 6.92056919e+02 1.19219030e-18 9.35723332e+00 6.92367887e+02 1.18781072e-18 8.73588828e+00 -3.10968392e-01 4.37957736e-21
1760             1.79522763e+01 6.92779550e+02 1.18811515e-18 9.21648231e+00 6.93091249e+02 1.18378574e-18 8.73579402e+00 -3.11698935e-01 4.32941082e-21
1770             1.85606420e+01 6.93119839e+02 1.21140300e-18 9.82448420e+00 6.93431777e+02 1.20765617e-18 8.73615777e+00 -3.11937858e-01 3.74683354e-21
1780             1.86635330e+01 6.90603682e+02 1.19701062e-18 9.92751987e+00 6.90915676e+02 1.19280275e-18 8.73601315e+00 -3.11994576e-01 4.20786747e-21
1790             1.82482710e+01 6.92655287e+02 1.20750949e-18 9.51199686e+00 6.92967441e+02 1.20296933e-18 8.73627410e+00 -3.12153661e-01 4.54016377e-21
1800             1.87212279e+01 6.92707694e+02 1.20756845e-18 9.98426504e+00 6.93019767e+02 1.20316803e-18 8.73696282e+00 -3.12073239e-01 4.40042047e-21
1810             1.84603559e+01 6.92726973e+02 1.21217467e-18 9.72331592e+00 6.93039935e+02 1.20785931e-18 8.73704001e+00 -3.12962019e-01 4.31535746e-21
1820             1.86833586e+01 6.90705798e+02 1.19999524e-18 9.94611025e+00 6.91018325e+02 1.19575419e-18 8.73724836e+00 -3.12526139e-01 4.24105077e-21
1830             1.93233339e+01 6.94053475e+02 1.22280950e-18 1.05861929e+01 6.94365834e+02 1.21823013e-18 8.73714100e+00 -3.12359066e-01 4.57936441e-21
1840             1.89101494e+01 6.92528294e+02 1.22013269e-18 1.01728427e+01 6.92840777e+02 1.21583797e-18 8.73730671e+00 -3.12482234e-01 4.29471876e-21
1850             1.91426530e+01 6.91277992e+02 1.21699401e-18 1.04052275e+01 6.91591066e+02 1.21290445e-18 8.73742556e+00 -3.13074661e-01 4.08956097e-21
1860             1.93897880e+01 6.93399531e+02 1.24291528e-18 1.06529426e+01 6.93712171e+02 1.23885186e-18 8.73684543e+00 -3.12639673e-01 4.06341784e-21
1870             1.89573162e+01 6.93310205e+02 1.21820032e-18 1.02207907e+01 6.93622569e+02 1.21399695e-18 8.73652543e+00 -3.12364368e-01 4.20337276e-21
1880             1.91581022e+01 6.93819943e+02 1.22700276e-18 1.04220683e+01 6.94132048e+02 1.22252724e-18 8.73603390e+00 -3.12104957e-01 4.47552589e-21
1890             1.93114388e+01 6.92946612e+02 1.23106689e-18 1.05757682e+01 6.93259330e+02 1.22682652e-18 8.73567065e+00 -3.12718020e-01 4.24037359e-21
1900             1.88168867e+01 6.94671186e+02 1.22678126e-18 1.00820730e+01 6.94983536e+02 1.22263871e-18 8.73481376e+00 -3.12350227e-01 4.14254474e-21
1910             1.92884699e+01 6.94486268e+02 1.21344131e-18 1.05546266e+01 6.94798498e+02 1.20914323e-18 8.73384338e+00 -3.12229353e-01 4.29807398e-21
1920             1.87433359e+01 6.93344327e+02 1.21275552e-18 1.00103217e+01 6.93656838e+02 1.20825351e-18 8.73301422e+00 -3.12511782e-01 4.50201139e-21
1930             1.84770867e+01 6.93559751e+02 1.19729793e-18 9.74446234e+00 6.93871780e+02 1.19313825e-18 8.73262437e+00 -3.12029363e-01 4.15967822e-21
1940             1.85486640e+01 6.95873733e+02 1.20437557e-18 9.81652422e+00 6.96185807e+02 1.20033563e-18 8.73213974e+00 -3.12074167e-01 4.03994561e-21
1950             1.88410027e+01 6.92340281e+02 1.21298428e-18 1.01088384e+01 6.92652054e+02 1.20875564e-18 8.73216433e+00 -3.11773813e-01 4.22864237e-21
1960             1.86040797e+01 6.95915988e+02 1.19540193e-18 9.87221622e+00 6.96227671e+02 1.19100328e-18 8.73186351e+00 -3.11683584e-01 4.39864728e-21
1970             1.86540604e+01 6.93360354e+02 1.19789560e-18 9.92185002e+00 6.93672350e+02 1.19389691e-18 8.73221036e+00 -3.11995841e-01 3.99869406e-21
1980             1.85747882e+01 6.96646605e+02 1.21624053e-18 9.84223020e+00 6.96959162e+02 1.21213196e-18 8.73255796e+00 -3.12556441e-01 4.10857003e-21
1990             1.84317760e+01 6.95516052e+02 1.19980302e-18 9.69906693e+00 6.95827857e+02 1.19568064e-18 8.73270911e+00 -3.11805245e-01 4.12238071e-21
2000             1.85318452e+01 6.94208030e+02 1.18509236e-18 9.79879806e+00 6.94519472e+02 1.18063058e-18 8.73304718e+00 -3.11442764e-01 4.46178099e-21
2010             1.84700973e+01 6.95356269e+02 1.20767428e-18 9.73605683e+00 6.95668050e+02 1.20340826e-18 8.73404050e+00 -3.11780914e-01 4.26601552e-21
2020             1.87244729e+01 6.94589332e+02 1.20863982e-18 9.98965096e+00 6.94901409e+02 1.20513838e-18 8.73482194e+00 -3.12077388e-01 3.50144421e-21
2030             1.87112257e+01 6.94373843e+02 1.21087890e-18 9.97516872e+00 6.94686615e+02 1.20718644e-18 8.73605702e+00 -3.12771517e-01 3.69245600e-21
2040             1.90239813e+01 6.94433036e+02 1.21213200e-18 1.02873093e+01 6.94745631e+02 1.20836742e-18 8.73667205e+00 -3.12595467e-01 3.76458234e-21
2050             1.90045161e+01 6.96161872e+02 1.22010730e-18 1.02669075e+01 6.96474401e+02 1.21594669e-18 8.73760859e+00 -3.12529190e-01 4.16061188e-21
2060             1.86784318e+01 6.94785759e+02 1.19875040e-18 9.94024871e+00 6.95098626e+02 1.19492112e-18 8.73818305e+00 -3.12867274e-01 3.82927963e-21
2070             1.87908788e+01 6.93794502e+02 1.19029853e-18 1.00519268e+01 6.94106886e+02 1.18644209e-18 8.73895195e+00 -3.12384092e-01 3.85643716e-21
2080             1.86584232e+01 6.96170801e+02 1.20969300e-18 9.91870758e+00 6.96483521e+02 1.20576256e-18 8.73971565e+00 -3.12720117e-01 3.93043477e-21
2090             1.87842086e+01 6.93072537e+02 1.19233770e-18 1.00428508e+01 6.93384747e+02 1.18831269e-18 8.74135780e+00 -3.12209926e-01 4.02500608e-21
2100             1.92635491e+01 6.96472418e+02 1.20473479e-18 1.05213727e+01 6.96784923e+02 1.20094028e-18 8.74217641e+00 -3.12504564e-01 3.79450685e-21
2110             1.85163933e+01 6.94394385e+02 1.21142810e-18 9.77297429e+00 6.94706458e+02 1.20779543e-18 8.74341902e+00 -3.12072835e-01 3.63267549e-21
2120             1.95438231e+01 6.94978129e+02 1.21370765e-18 1.07990571e+01 6.95289459e+02 1.20996569e-18 8.74476598e+00 -3.11330345e-01 3.74196000e-21
2130             1.87434521e+01 6.95598573e+02 1.22136791e-18 9.99750424e+00 6.95909907e+02 1.21765919e-18 8.74594781e+00 -3.11334255e-01 3.70871987e-21
2140             1.91187490e+01 6.96916803e+02 1.21801443e-18 1.03709263e+01 6.97227899e+02 1.21443347e-18 8.74782275e+00 -3.11095567e-01 3.58095472e-21
2150             1.96142203e+01 6.96226721e+02 1.22234340e-18 1.08652466e+01 6.96537819e+02 1.21860779e-18 8.74897365e+00 -3.11097433e-01 3.73560632e-21
2160             1.87465605e+01 6.96529655e+02 1.20832815e-18 9.99610906e+00 6.96841383e+02 1.20458762e-18 8.75045145e+00 -3.11728202e-01 3.74053103e-21
2170             1.94258390e+01 6.98067490e+02 1.20383560e-18 1.06744559e+01 6.98378753e+02 1.19997055e-18 8.75138309e+00 -3.11263183e-01 3.86504436e-21
2180             1.86605521e+01 6.95770237e+02 1.20242173e-18 9.90779053e+00 6.96081425e+02 1.19866039e-18 8.75276159e+00 -3.11188003e-01 3.76134253e-21
2190             1.88987815e+01 6.97275415e+02 1.19412029e-18 1.01444278e+01 6.97586769e+02 1.19046249e-18 8.75435374e+00 -3.11353652e-01 3.65780205e-21
2200             1.85505140e+01 6.95843730e+02 1.20018591e-18 9.79465514e+00 6.96155046e+02 1.19631318e-18 8.75585886e+00 -3.11316212e-01 3.87272283e-21
2210             1.89234197e+01 6.96212640e+02 1.19465321e-18 1.01663481e+01 6.96523966e+02 1.19075289e-18 8.75707155e+00 -3.11325275e-01 3.90031987e-21
2220             1.86265434e+01 6.97624165e+02 1.19324168e-18 9.86781110e+00 6.97935922e+02 1.18938713e-18 8.75873228e+00 -3.11757262e-01 3.85455276e-21
2230             1.87661879e+01 6.95738552e+02 1.19237064e-18 1.00059965e+01 6.96050096e+02 1.18857558e-18 8.76019144e+00 -3.11543109e-01 3.79506237e-21
2240             1.87699100e+01 6.99622912e+02 1.19479420e-18 1.00087909e+01 6.99933991e+02 1.19084870e-18 8.76111907e+00 -3.11078698e-01 3.94549956e-21
2250             1.84493342e+01 6.96251697e+02 1.18568546e-18 9.68698324e+00 6.96562854e+02 1.18184207e-18 8.76235101e+00 -3.11157267e-01 3.84339253e-21
2260             1.86126699e+01 6.97540643e+02 1.19199772e-18 9.84869702e+00 6.97852371e+02 1.18823324e-18 8.76397286e+00 -3.11727845e-01 3.76447989e-21
2270             1.82707011e+01 6.96221076e+02 1.19412546e-18 9.50536308e+00 6.96533285e+02 1.19055906e-18 8.76533799e+00 -3.12209602e-01 3.56639587e-21
2280             1.81846568e+01 7.00112001e+02 1.19370919e-18 9.41810285e+00 7.00423848e+02 1.19000122e-18 8.76655394e+00 -3.11846821e-01 3.70797381e-21
2290             1.85733163e+01 6.99963944e+02 1.18709082e-18 9.80497426e+00 7.00275828e+02 1.18314857e-18 8.76834199e+00 -3.11883314e-01 3.94225191e-21
2300             1.82991602e+01 6.98819021e+02 1.18938649e-18 9.52968232e+00 6.99130788e+02 1.18552250e-18 8.76947788e+00 -3.11766800e-01 3.86398381e-21
2310             1.87904980e+01 7.00308922e+02 1.19466326e-18 1.00204203e+01 7.00621512e+02 1.19089795e-18 8.77007772e+00 -3.12589559e-01 3.76531154e-21
2320             1.87936533e+01 6.96864083e+02 1.20043805e-18 1.00231643e+01 6.97177616e+02 1.19660803e-18 8.77048905e+00 -3.13533148e-01 3.83001819e-21
2330             1.88624128e+01 6.97153957e+02 1.20744912e-18 1.00913876e+01 6.97466860e+02 1.20355507e-18 8.77102525e+00 -3.12903106e-01 3.89405158e-21
2340             1.86468677e+01 6.97616481e+02 1.19628798e-18 9.87545602e+00 6.97929407e+02 1.19212718e-18 8.77141172e+00 -3.12926587e-01 4.16080689e-21
2350             1.90672609e+01 6.96718759e+02 1.20104125e-18 1.02962133e+01 6.97032448e+02 1.19730416e-18 8.77104757e+00 -3.13689777e-01 3.73708868e-21
2360             1.90679244e+01 6.97570227e+02 1.21923420e-18 1.02971352e+01 6.97883827e+02 1.21564032e-18 8.77078928e+00 -3.13600106e-01 3.59388345e-21
2370             1.95545160e+01 6.96937985e+02 1.21938332e-18 1.07848450e+01 6.97251440e+02 1.21576239e-18 8.76967106e+00 -3.13455069e-01 3.62092646e-21
2380             1.92180232e+01 6.98123654e+02 1.22410818e-18 1.04496253e+01 6.98436788e+02 1.22035523e-18 8.76839787e+00 -3.13133868e-01 3.75295013e-21
2390             1.91075825e+01 6.97776538e+02 1.20430513e-18 1.03401851e+01 6.98089551e+02 1.20059870e-18 8.76739738e+00 -3.13013298e-01 3.70642647e-21
2400             1.90270914e+01 6.96989146e+02 1.20512682e-18 1.02601413e+01 6.97302144e+02 1.20167246e-18 8.76695006e+00 -3.12997544e-01 3.45436417e-21
2410             1.89856485e+01 6.98182212e+02 1.20208503e-18 1.02187959e+01 6.98495022e+02 1.19850858e-18 8.76685258e+00 -3.12810256e-01 3.57644668e-21
2420             1.90364028e+01 6.96217385e+02 1.21181363e-18 1.02703304e+01 6.96530041e+02 1.20796209e-18 8.76607242e+00 -3.12656110e-01 3.85153500e-21
2430             1.90053242e+01 6.98371273e+02 1.20579541e-18 1.02400398e+01 6.98684215e+02 1.20184500e-18 8.76528446e+00 -3.12942283e-01 3.95041222e-21
2440             1.89817173e+01 6.96702935e+02 1.20368463e-18 1.02170291e+01 6.97015683e+02 1.20022358e-18 8.76468818e+00 -3.12747944e-01 3.46104429e-21
2450             1.89002281e+01 6.98713561e+02 1.20453915e-18 1.01364741e+01 6.99026336e+02 1.20118313e-18 8.76375403e+00 -3.12775329e-01 3.35601916e-21
2460             1.92040281e+01 6.97782793e+02 1.22406727e-18 1.04408172e+01 6.98095405e+02 1.22052408e-18 8.76321098e+00 -3.12612375e-01 3.54319482e-21
2470             1.92096868e+01 6.97204683e+02 1.21738582e-18 1.04471758e+01 6.97516618e+02 1.21340658e-18 8.76251093e+00 -3.11934387e-01 3.97924028e-21
2480             1.91248952e+01 6.97611640e+02 1.21377486e-18 1.03629591e+01 6.97924027e+02 1.21016691e-18 8.76193611e+00 -3.12387059e-01 3.60795170e-21
2490             1.97851179e+01 6.96981496e+02 1.23123373e-18 1.10239064e+01 6.97293578e+02 1.22752674e-18 8.76121156e+00 -3.12081561e-01 3.70699650e-21
2500             1.91372178e+01 6.98070149e+02 1.21725348e-18 1.03766520e+01 6.98382269e+02 1.21366824e-18 8.76056582e+00 -3.12119931e-01 3.58524460e-21
2510             1.89316792e+01 6.97520478e+02 1.20854008e-18 1.01718364e+01 6.97832223e+02 1.20471295e-18 8.75984279e+00 -3.11744995e-01 3.82712679e-21
2520             1.90026476e+01 6.96998044e+02 1.21185318e-18 1.02437479e+01 6.97310696e+02 1.20814567e-18 8.75889970e+00 -3.12652200e-01 3.70750875e-21
2530             1.92670808e+01 6.97070866e+02 1.22077132e-18 1.05084676e+01 6.97382914e+02 1.21695417e-18 8.75861326e+00 -3.12047597e-01 3.81714976e-21
2540             1.90980839e+01 6.97846785e+02 1.21033546e-18 1.03402645e+01 6.98159335e+02 1.20657316e-18 8.75781943e+00 -3.12550334e-01 3.76229567e-21
2550             1.90734284e+01 6.98723800e+02 1.21622428e-18 1.03168022e+01 6.99035883e+02 1.21249769e-18 8.75662618e+00 -3.12083005e-01 3.72659466e-21
2560             1.90430061e+01 6.97295922e+02 1.19634879e-18 1.02871423e+01 6.97608405e+02 1.19270652e-18 8.75586377e+00 -3.12483367e-01 3.64227942e-21
2570             1.89545670e+01 6.99208218e+02 1.21506480e-18 1.01993530e+01 6.99520010e+02 1.21137841e-18 8.75521396e+00 -3.11792393e-01 3.68638895e-21
2580             1.86523242e+01 6.97049149e+02 1.18420781e-18 9.89726445e+00 6.97361023e+02 1.18073494e-18 8.75505972e+00 -3.11874115e-01 3.47287532e-21
2590             1.90416620e+01 6.98030904e+02 1.20235506e-18 1.02868139e+01 6.98343042e+02 1.19835752e-18 8.75484807e+00 -3.12137888e-01 3.99754367e-21
2600             1.85067637e+01 6.98562555e+02 1.20157601e-18 9.75204945e+00 6.98874275e+02 1.19753264e-18 8.75471426e+00 -3.11719802e-01 4.04336943e-21
2610             1.86611596e+01 6.99015127e+02 1.19173871e-18 9.90613348e+00 6.99326925e+02 1.18806456e-18 8.75502613e+00 -3.11797327e-01 3.67414780e-21
2620             1.89948516e+01 6.98532544e+02 1.20141834e-18 1.02396391e+01 6.98844707e+02 1.19784950e-18 8.75521250e+00 -3.12163085e-01 3.56883731e-21
2630             1.83693574e+01 6.99731641e+02 1.20401014e-18 9.61451580e+00 7.00044073e+02 1.20010778e-18 8.75484158e+00 -3.12431830e-01 3.90235917e-21
2640             1.87242321e+01 6.99905078e+02 1.18509593e-18 9.96949151e+00 7.00217191e+02 1.18128288e-18 8.75474060e+00 -3.12112119e-01 3.81305195e-21
2650             1.87527087e+01 6.98290547e+02 1.19676454e-18 9.99749301e+00 6.98602190e+02 1.19268467e-18 8.75521565e+00 -3.11642415e-01 4.07987057e-21
2660             1.84769237e+01 6.98745154e+02 1.19302535e-18 9.72102869e+00 6.99057686e+02 1.18960658e-18 8.75589503e+00 -3.12532312e-01 3.41877038e-21
2670             1.91128760e+01 6.99561964e+02 1.20558532e-18 1.03568778e+01 6.99874015e+02 1.20202974e-18 8.75599820e+00 -3.12050784e-01 3.55557943e-21
2680             1.85447626e+01 6.98900589e+02 1.20627173e-18 9.78877700e+00 6.99212505e+02 1.20206882e-18 8.75598562e+00 -3.11916219e-01 4.20291462e-21
2690             1.89827547e+01 6.99477184e+02 1.20951529e-18 1.02268559e+01 6.99788711e+02 1.20490122e-18 8.75589883e+00 -3.11526874e-01 4.61407032e-21
2700             1.89293622e+01 6.99301130e+02 1.20154420e-18 1.01742099e+01 6.99613531e+02 1.19792252e-18 8.75515235e+00 -3.12400682e-01 3.62168111e-21
2710             1.89108544e+01 6.94480955e+02 1.20917046e-18 1.01554017e+01 6.94793889e+02 1.20552057e-18 8.75545273e+00 -3.12934029e-01 3.64988631e-21
2720             1.92107145e+01 7.00264124e+02 1.22786313e-18 1.04564271e+01 7.00577474e+02 1.22407695e-18 8.75428746e+00 -3.13349755e-01 3.78618053e-21
2730             1.88879014e+01 6.99185547e+02 1.20388946e-18 1.01350711e+01 6.99498330e+02 1.19995312e-18 8.75283034e+00 -3.12783365e-01 3.93633718e-21
2740             1.92406394e+01 6.98401212e+02 1.22077715e-18 1.04884064e+01 6.98714093e+02 1.21701038e-18 8.75223299e+00 -3.12880858e-01 3.76677175e-21
2750             1.85975777e+01 6.98071919e+02 1.20692508e-18 9.84630699e+00 6.98385526e+02 1.20335445e-18 8.75127067e+00 -3.13606146e-01 3.57062874e-21
2760             1.86287313e+01 6.98357949e+02 1.19513449e-18 9.87818342e+00 6.98670898e+02 1.19123437e-18 8.75054788e+00 -3.12949313e-01 3.90011687e-21
2770             1.86977156e+01 7.00035736e+02 1.19186506e-18 9.94760391e+00 7.00347864e+02 1.18805869e-18 8.75011165e+00 -3.12127911e-01 3.80636970e-21
2780             1.86133308e+01 6.97765201e+02 1.20338660e-18 9.86278934e+00 6.98077493e+02 1.19300766e-18 8.75054142e+00 -3.12291494e-01 1.03789332e-20
2790             1.81151033e+01 6.98084233e+02 1.19521084e-18 9.36360843e+00 6.98396169e+02 1.18573824e-18 8.75149489e+00 -3.11936233e-01 9.47259864e-21
2800             1.81183602e+01 6.98964598e+02 1.17536465e-18 9.36564441e+00 6.99274499e+02 1.17189046e-18 8.75271583e+00 -3.09901900e-01 3.47419472e-21
2810             1.83617021e+01 6.99580731e+02 1.18839737e-18 9.60879401e+00 6.99889861e+02 1.17822350e-18 8.75290808e+00 -3.09130832e-01 1.01738723e-20
2820             1.81395067e+01 6.97489502e+02 1.19032458e-18 9.38570687e+00 6.97798157e+02 1.18054381e-18 8.75379981e+00 -3.08655749e-01 9.78077094e-21
2830             1.86318576e+01 6.99272561e+02 1.19293833e-18 9.87603274e+00 6.99581412e+02 1.18302004e-18 8.75582486e+00 -3.08850957e-01 9.91829715e-21
2840             1.84607788e+01 6.98015734e+02 1.19043794e-18 9.70362316e+00 6.98324168e+02 1.18710733e-18 8.75715566e+00 -3.08433929e-01 3.33061049e-21
2850             1.88680938e+01 7.00597083e+02 1.20493638e-18 1.01095076e+01 7.00904557e+02 1.20141549e-18 8.75858623e+00 -3.07474780e-01 3.52088839e-21
2860             1.84489239e+01 6.95687051e+02 1.20296123e-18 9.68866004e+00 6.95994287e+02 1.19316699e-18 8.76026388e+00 -3.07236073e-01 9.79423928e-21
2870             1.88178827e+01 6.99779725e+02 1.21516289e-18 1.00547363e+01 7.00087200e+02 1.20524767e-18 8.76314635e+00 -3.07474608e-01 9.91521941e-21
2880             1.86608923e+01 6.99122523e+02 1.19964117e-18 9.89548891e+00 6.99429749e+02 1.19628606e-18 8.76540339e+00 -3.07225846e-01 3.35511321e-21
2890             1.90231361e+01 6.96655539e+02 1.19991009e-18 1.02562478e+01 6.96963340e+02 1.19684555e-18 8.76688830e+00 -3.07801525e-01 3.06454107e-21
2900             1.91567102e+01 6.97737444e+02 1.22392840e-18 1.03883649e+01 6.98044651e+02 1.21407550e-18 8.76834524e+00 -3.07206826e-01 9.85289792e-21
2910             1.87447316e+01 6.97197959e+02 1.20330552e-18 9.97402353e+00 6.97504085e+02 1.19982324e-18 8.77070805e+00 -3.06125358e-01 3.48228583e-21
2920             1.89241862e+01 7.00010938e+02 1.20743479e-18 1.01516168e+01 7.00317458e+02 1.20415135e-18 8.77256939e+00 -3.06519783e-01 3.28343822e-21
2930             1.91986490e+01 6.96327692e+02 1.21469334e-18 1.04241789e+01 6.96634786e+02 1.20518012e-18 8.77447016e+00 -3.07094109e-01 9.51321823e-21
2940             1.90853029e+01 6.99163094e+02 1.21518654e-18 1.03088954e+01 6.99470633e+02 1.20562767e-18 8.77640744e+00 -3.07539495e-01 9.55886981e-21
2950             1.88935210e+01 6.97675504e+02 1.22477846e-18 1.01154646e+01 6.97984234e+02 1.21547701e-18 8.77805641e+00 -3.08729936e-01 9.30145587e-21
2960             1.89335369e+01 6.98617724e+02 1.22600114e-18 1.01531778e+01 6.98927311e+02 1.21717133e-18 8.78035904e+00 -3.09587102e-01 8.82981713e-21
2970             1.87027143e+01 6.97625661e+02 1.21490790e-18 9.92052152e+00 6.97936469e+02 1.20617218e-18 8.78219283e+00 -3.10807995e-01 8.73571826e-21
2980             1.90041606e+01 6.98419719e+02 1.20437645e-18 1.02189135e+01 6.98731456e+02 1.19613078e-18 8.78524710e+00 -3.11737068e-01 8.24566703e-21
2990             1.85634543e+01 6.98489798e+02 1.20267966e-18 9.77607422e+00 6.98801952e+02 1.19334568e-18 8.78738012e+00 -3.12154359e-01 9.33398021e-21
3000             1.88933338e+01 6.96587992e+02 1.22026549e-18 1.01037498e+01 6.96900461e+02 1.21104767e-18 8.78958398e+00 -3.12469460e-01 9.21782367e-21
3010             1.88183419e+01 6.99986812e+02 1.21141765e-18 1.00280658e+01 7.00300402e+02 1.20223704e-18 8.79027607e+00 -3.13590100e-01 9.18061752e-21
3020             1.87190486e+01 6.97006274e+02 1.21502715e-18 9.92776736e+00 6.97320128e+02 1.20552767e-18 8.79128125e+00 -3.13853522e-01 9.49948049e-21
3030             1.97758594e+01 7.00272813e+02 1.24403465e-18 1.09844042e+01 7.00587182e+02 1.23407401e-18 8.79145522e+00 -3.14369025e-01 9.96064716e-21
3040             1.90114543e+01 6.97968602e+02 1.22995835e-18 1.02198627e+01 6.98283508e+02 1.22135868e-18 8.79159151e+00 -3.14906176e-01 8.59967308e-21
3050             1.93181082e+01 6.96086239e+02 1.20556453e-18 1.05261039e+01 6.96401236e+02 1.19748143e-18 8.79200429e+00 -3.14996763e-01 8.08309824e-21
3060             1.96243474e+01 6.98968122e+02 1.22811542e-18 1.08324999e+01 6.99283006e+02 1.21859226e-18 8.79184742e+00 -3.14884483e-01 9.52315913e-21
3070             1.92312578e+01 6.97882189e+02 1.21539233e-18 1.04411157e+01 6.98197447e+02 1.21239202e-18 8.79014209e+00 -3.15258343e-01 3.00030392e-21
3080             1.90991555e+01 6.99916941e+02 1.21952916e-18 1.03120751e+01 7.00232367e+02 1.21572913e-18 8.78708047e+00 -3.15425856e-01 3.80002695e-21
3090             1.91859888e+01 6.99366932e+02 1.21270431e-18 1.04026904e+01 6.99682427e+02 1.20930291e-18 8.78329838e+00 -3.15495060e-01 3.40139510e-21
3100             1.94670538e+01 6.96088844e+02 1.20801914e-18 1.06866774e+01 6.96404052e+02 1.20453163e-18 8.78037644e+00 -3.15208886e-01 3.48751181e-21
3110             1.94442110e+01 6.98505049e+02 1.23052173e-18 1.06662176e+01 6.98819480e+02 1.22682195e-18 8.77799341e+00 -3.14430379e-01 3.69978073e-21
3120             1.95868979e+01 6.97143167e+02 1.22616770e-18 1.08110800e+01 6.97456902e+02 1.22232110e-18 8.77581788e+00 -3.13734970e-01 3.84659549e-21
3130             1.95912306e+01 6.97019600e+02 1.22722329e-18 1.08178930e+01 6.97333273e+02 1.22358249e-18 8.77333766e+00 -3.13672710e-01 3.64080017e-21
3140             1.93426789e+01 7.00355746e+02 1.21730499e-18 1.05723805e+01 7.00669358e+02 1.21358239e-18 8.77029847e+00 -3.13612221e-01 3.72260053e-21
3150             1.88272585e+01 6.99008866e+02 1.19866986e-18 1.00598903e+01 6.99322019e+02 1.19503524e-18 8.76736824e+00 -3.13152817e-01 3.63461792e-21
3160             1.83573834e+01 6.97293935e+02 1.18963342e-18 9.59246070e+00 6.97606530e+02 1.18604444e-18 8.76492268e+00 -3.12595703e-01 3.58898822e-21
3170             1.87918148e+01 6.98772428e+02 1.19430372e-18 1.00293288e+01 6.99084888e+02 1.19049473e-18 8.76248598e+00 -3.12459609e-01 3.80899327e-21
3180             1.86671076e+01 7.00046412e+02 1.19988981e-18 9.90679800e+00 7.00358752e+02 1.19605526e-18 8.76030956e+00 -3.12339301e-01 3.83455210e-21
3190             1.84993302e+01 6.99711074e+02 1.19280301e-18 9.74050383e+00 7.00023215e+02 1.18926301e-18 8.75882640e+00 -3.12141005e-01 3.54000013e-21
3200             1.88465989e+01 6.99860945e+02 1.18634713e-18 1.00886223e+01 7.00172580e+02 1.18252564e-18 8.75797658e+00 -3.11634742e-01 3.82148861e-21
3210             1.86227373e+01 6.98407818e+02 1.19933820e-18 9.86568825e+00 6.98719636e+02 1.19548674e-18 8.75704908e+00 -3.11817618e-01 3.85146502e-21
3220             1.87606716e+01 6.99681908e+02 1.19971046e-18 1.00042416e+01 6.99993441e+02 1.19578077e-18 8.75643002e+00 -3.11533273e-01 3.92969130e-21
3230             1.86595128e+01 6.99565424e+02 1.20207408e-18 9.90437316e+00 6.99876441e+02 1.19851954e-18 8.75513962e+00 -3.11017240e-01 3.55454344e-21
3240             1.89701843e+01 6.98152352e+02 1.18997144e-18 1.02148401e+01 6.98463215e+02 1.18620662e-18 8.75534426e+00 -3.10863223e-01 3.76482036e-21
3250             1.84072850e+01 6.99687517e+02 1.19394320e-18 9.65189506e+00 6.99998902e+02 1.19026964e-18 8.75538993e+00 -3.11384355e-01 3.67355797e-21
3260             1.85946627e+01 6.99908896e+02 1.18955056e-18 9.83900919e+00 7.00220134e+02 1.18562687e-18 8.75565351e+00 -3.11237926e-01 3.92369046e-21
3270             1.85447866e+01 6.99358060e+02 1.19523888e-18 9.78896490e+00 6.99668718e+02 1.19160194e-18 8.75582174e+00 -3.10657964e-01 3.63694073e-21
3280             1.85069271e+01 6.98253518e+02 1.18008612e-18 9.75036017e+00 6.98564137e+02 1.17610740e-18 8.75656691e+00 -3.10618678e-01 3.97872250e-21
3290             1.84379681e+01 6.99629112e+02 1.19019771e-18 9.68070516e+00 6.99940081e+02 1.18660151e-18 8.75726289e+00 -3.10969095e-01 3.59619736e-21
3300             1.91980524e+01 6.99418172e+02 1.21560205e-18 1.04406105e+01 6.99728884e+02 1.21196657e-18 8.75744192e+00 -3.10712100e-01 3.63547845e-21
3310             1.81985010e+01 6.97150070e+02 1.18003947e-18 9.44073516e+00 6.97461397e+02 1.17639221e-18 8.75776584e+00 -3.11326922e-01 3.64726178e-21
3320             1.88483540e+01 7.00584988e+02 1.20738607e-18 1.00901367e+01 7.00896580e+02 1.20329573e-18 8.75821723e+00 -3.11591794e-01 4.09034025e-21
3330             1.86936629e+01 6.98700898e+02 1.19223653e-18 9.93578919e+00 6.99012750e+02 1.18844146e-18 8.75787375e+00 -3.11851759e-01 3.79507057e-21
3340             1.85240197e+01 6.98977671e+02 1.19599178e-18 9.76636776e+00 6.99289689e+02 1.19249739e-18 8.75765190e+00 -3.12017336e-01 3.49438661e-21
3350             1.86303461e+01 7.02244896e+02 1.20023835e-18 9.87244775e+00 7.02556691e+02 1.19565978e-18 8.75789834e+00 -3.11795543e-01 4.57857118e-21
3360             1.87411453e+01 6.97215263e+02 1.19333089e-18 9.98328519e+00 6.97526714e+02 1.18894375e-18 8.75786011e+00 -3.11450574e-01 4.38714532e-21
3370             1.83588167e+01 6.99111804e+02 1.19903474e-18 9.60092471e+00 6.99424142e+02 1.19542679e-18 8.75789201e+00 -3.12338232e-01 3.60794528e-21
3380             1.90075417e+01 6.98543429e+02 1.21503716e-18 1.02495519e+01 6.98856427e+02 1.21141042e-18 8.75798984e+00 -3.12998305e-01 3.62674712e-21
3390             1.83051986e+01 6.96930460e+02 1.18930228e-18 9.54743581e+00 6.97243453e+02 1.18502246e-18 8.75776274e+00 -3.12992437e-01 4.27982673e-21
3400             1.96028193e+01 6.99108238e+02 1.23144560e-18 1.08455813e+01 6.99421517e+02 1.22706062e-18 8.75723801e+00 -3.13278840e-01 4.38497633e-21
3410             1.90794636e+01 6.97528082e+02 1.22174608e-18 1.03227085e+01 6.97841465e+02 1.21810551e-18 8.75675509e+00 -3.13382841e-01 3.64056922e-21
3420             1.89988231e+01 7.00306629e+02 1.20813704e-18 1.02423896e+01 7.00621066e+02 1.20461249e-18 8.75643348e+00 -3.14437190e-01 3.52454731e-21
3430             1.89728076e+01 6.97749891e+02 1.21312978e-18 1.02166027e+01 6.98063989e+02 1.20857198e-18 8.75620494e+00 -3.14097651e-01 4.55780456e-21
3440             1.87713337e+01 6.97084008e+02 1.21371448e-18 1.00160672e+01 6.97398266e+02 1.20925784e-18 8.75526647e+00 -3.14257501e-01 4.45663956e-21
3450             1.87799777e+01 6.98557845e+02 1.22490300e-18 1.00254743e+01 6.98872765e+02 1.21518531e-18 8.75450339e+00 -3.14919563e-01 9.71769472e-21
3460             1.90102250e+01 6.98074368e+02 1.21200846e-18 1.02568834e+01 6.98390572e+02 1.20308307e-18 8.75334160e+00 -3.16204352e-01 8.92538249e-21
3470             1.93531385e+01 6.97357100e+02 1.22519680e-18 1.05999717e+01 6.97672505e+02 1.21629416e-18 8.75316677e+00 -3.15404575e-01 8.90263189e-21
3480             1.93821949e+01 6.98799286e+02 1.22128171e-18 1.06290868e+01 6.99114344e+02 1.21283644e-18 8.75310807e+00 -3.15057510e-01 8.44526436e-21
3490             1.89190667e+01 6.96558041e+02 1.21635206e-18 1.01658997e+01 6.96872738e+02 1.20777323e-18 8.75316697e+00 -3.14697587e-01 8.57883019e-21
3500             1.88098654e+01 6.99530066e+02 1.19810299e-18 1.00571966e+01 6.99844619e+02 1.19000871e-18 8.75266880e+00 -3.14552861e-01 8.09427635e-21
3510             1.89578602e+01 6.98700528e+02 1.21215957e-18 1.02055367e+01 6.99015240e+02 1.20382755e-18 8.75232343e+00 -3.14711673e-01 8.33202259e-21
3520             1.86989601e+01 6.98710940e+02 1.19997597e-18 9.94767663e+00 6.99025207e+02 1.19179747e-18 8.75128348e+00 -3.14266474e-01 8.17850661e-21
3530             1.86485107e+01 6.97478733e+02 1.20256907e-18 9.89747304e+00 6.97792688e+02 1.19396973e-18 8.75103767e+00 -3.13954878e-01 8.59934038e-21
3540             1.87208259e+01 6.99432902e+02 1.20357855e-18 9.97129058e+00 6.99747523e+02 1.19567969e-18 8.74953532e+00 -3.14621062e-01 7.89885633e-21
3550             1.90113287e+01 6.99628047e+02 1.23064938e-18 1.02636527e+01 6.99942001e+02 1.22194306e-18 8.74767602e+00 -3.13953285e-01 8.70632317e-21
3560             1.85285744e+01 6.98515225e+02 1.19599497e-18 9.78169221e+00 6.98828460e+02 1.19289016e-18 8.74688215e+00 -3.13235147e-01 3.10481717e-21
3570             1.89454902e+01 6.97023774e+02 1.19863091e-18 1.01994319e+01 6.97336502e+02 1.19499651e-18 8.74605830e+00 -3.12727878e-01 3.63439312e-21
3580             1.87760614e+01 6.98747907e+02 1.21465703e-18 1.00309137e+01 6.99060445e+02 1.21091513e-18 8.74514775e+00 -3.12538117e-01 3.74190135e-21
3590             1.95266392e+01 6.98057706e+02 1.22269208e-18 1.07811412e+01 6.98369908e+02 1.21895172e-18 8.74549806e+00 -3.12201572e-01 3.74035630e-21
3600             1.89276778e+01 6.97794119e+02 1.20366157e-18 1.01824956e+01 6.98105908e+02 1.19989091e-18 8.74518212e+00 -3.11789090e-01 3.77065623e-21
3610             1.90246513e+01 6.99090120e+02 1.20354745e-18 1.02791554e+01 6.99402133e+02 1.19984054e-18 8.74549585e+00 -3.12013570e-01 3.70691045e-21
3620             1.88089540e+01 6.98704868e+02 1.20895824e-18 1.00629056e+01 6.99016722e+02 1.20533347e-18 8.74604842e+00 -3.11854035e-01 3.62477480e-21
3630             1.87455962e+01 6.99567494e+02 1.20489044e-18 9.99847078e+00 6.99879561e+02 1.20133489e-18 8.74712545e+00 -3.12066804e-01 3.55555497e-21
3640             1.85933975e+01 6.99183396e+02 1.19586176e-18 9.84493516e+00 6.99494914e+02 1.19206142e-18 8.74846235e+00 -3.11518252e-01 3.80033391e-21
3650             1.91818911e+01 6.97858190e+02 1.19731230e-18 1.04315984e+01 6.98169650e+02 1.19332960e-18 8.75029268e+00 -3.11459978e-01 3.98270024e-21
3660             1.88324734e+01 6.98964357e+02 1.20494943e-18 1.00807532e+01 6.99276541e+02 1.20092965e-18 8.75172020e+00 -3.12183907e-01 4.01977751e-21
3670             1.90441658e+01 6.98904016e+02 1.20884524e-18 1.02906264e+01 6.99216324e+02 1.20508295e-18 8.75353942e+00 -3.12308138e-01 3.76228492e-21
3680             1.87952431e+01 6.98389041e+02 1.19821037e-18 1.00393575e+01 6.98700973e+02 1.19457549e-18 8.75588566e+00 -3.11931468e-01 3.63488635e-21
3690             1.89153370e+01 7.00611225e+02 1.20654132e-18 1.01572782e+01 7.00923347e+02 1.20288868e-18 8.75805886e+00 -3.12121847e-01 3.65263915e-21
3700             1.86829410e+01 6.97761968e+02 1.20540059e-18 9.92253488e+00 6.98074562e+02 1.20164546e-18 8.76040609e+00 -3.12593884e-01 3.75512268e-21
3710             1.90333712e+01 6.97387057e+02 1.19734457e-18 1.02707881e+01 6.97699908e+02 1.19350198e-18 8.76258311e+00 -3.12850874e-01 3.84258806e-21
3720             1.91551522e+01 6.99130728e+02 1.22003047e-18 1.03904479e+01 6.99444178e+02 1.21600663e-18 8.76470429e+00 -3.13449874e-01 4.02383931e-21
3730             1.91931734e+01 6.98507529e+02 1.22723581e-18 1.04274524e+01 6.98820462e+02 1.21671231e-18 8.76572104e+00 -3.12933089e-01 1.05234971e-20
3740             1.91038445e+01 6.98030909e+02 1.20130300e-18 1.03368980e+01 6.98343376e+02 1.19780392e-18 8.76694648e+00 -3.12467743e-01 3.49907771e-21
3750             1.89709076e+01 6.99095420e+02 1.20925395e-18 1.02023745e+01 6.99407387e+02 1.20549197e-18 8.76853305e+00 -3.11966199e-01 3.76197666e-21
3760             1.93652399e+01 6.98159334e+02 1.23177804e-18 1.05956316e+01 6.98470875e+02 1.22170714e-18 8.76960829e+00 -3.11541339e-01 1.00708966e-20
3770             1.88165815e+01 6.98636169e+02 1.22265998e-18 1.00461867e+01 6.98946952e+02 1.21295834e-18 8.77039475e+00 -3.10783596e-01 9.70163979e-21
3780             1.93728481e+01 6.97768959e+02 1.22780857e-18 1.06020407e+01 6.98080599e+02 1.21845443e-18 8.77080742e+00 -3.11640134e-01 9.35414346e-21
3790             1.93467082e+01 6.98915254e+02 1.23120764e-18 1.05752580e+01 6.99227117e+02 1.22199081e-18 8.77145017e+00 -3.11863499e-01 9.21683255e-21
3800             1.92851464e+01 6.98755934e+02 1.21150868e-18 1.05128876e+01 6.99068357e+02 1.20266939e-18 8.77225879e+00 -3.12422390e-01 8.83928988e-21
3810             1.88681596e+01 6.99687751e+02 1.20855414e-18 1.00948343e+01 7.00000259e+02 1.19979800e-18 8.77332531e+00 -3.12507673e-01 8.75614271e-21
3820             1.84626301e+01 6.99548983e+02 1.19732067e-18 9.68893510e+00 6.99861896e+02 1.18819131e-18 8.77369496e+00 -3.12912687e-01 9.12936172e-21
3830             1.84863977e+01 7.00953134e+02 1.20437360e-18 9.71254505e+00 7.01266823e+02 1.19500428e-18 8.77385263e+00 -3.13688327e-01 9.36932653e-21
3840             1.87355842e+01 7.00162401e+02 1.20196612e-18 9.96162817e+00 7.00475643e+02 1.19273360e-18 8.77395607e+00 -3.13241781e-01 9.23252071e-21
3850             1.88161269e+01 6.99730291e+02 1.21435764e-18 1.00426485e+01 7.00043023e+02 1.20529174e-18 8.77347837e+00 -3.12731609e-01 9.06589493e-21
3860             1.87038856e+01 6.99337073e+02 1.21094399e-18 9.93070459e+00 6.99650231e+02 1.20183028e-18 8.77318101e+00 -3.13157898e-01 9.11370595e-21
3870             1.85905693e+01 7.00007163e+02 1.21639444e-18 9.81826546e+00 7.00321199e+02 1.20714135e-18 8.77230386e+00 -3.14035544e-01 9.25309737e-21
3880             1.87005439e+01 6.98202772e+02 1.21210023e-18 9.92853620e+00 6.98515923e+02 1.20285417e-18 8.77200774e+00 -3.13151201e-01 9.24606496e-21
3890             1.88382855e+01 7.00391860e+02 1.20416178e-18 1.00666218e+01 7.00705472e+02 1.19512481e-18 8.77166368e+00 -3.13612576e-01 9.03697318e-21
3900             1.86254479e+01 6.95202761e+02 1.20568031e-18 9.85399062e+00 6.95516782e+02 1.19651320e-18 8.77145733e+00 -3.14021418e-01 9.16711017e-21
3910             1.95038849e+01 6.98422147e+02 1.21880470e-18 1.07332682e+01 6.98736745e+02 1.20978051e-18 8.77061671e+00 -3.14597855e-01 9.02418777e-21
3920             1.87569260e+01 6.97798120e+02 1.23867585e-18 9.98570625e+00 6.98111522e+02 1.22981608e-18 8.77121975e+00 -3.13401997e-01 8.85976207e-21
3930             1.93511322e+01 6.96994173e+02 1.21050230e-18 1.05804744e+01 6.97307673e+02 1.20128997e-18 8.77065773e+00 -3.13500507e-01 9.21232979e-21
3940             1.90970504e+01 6.97684937e+02 1.23675130e-18 1.03259054e+01 6.97998613e+02 1.22711556e-18 8.77114504e+00 -3.13675757e-01 9.63573812e-21
3950             1.97001539e+01 6.99331630e+02 1.23284853e-18 1.09292033e+01 6.99645388e+02 1.22337883e-18 8.77095058e+00 -3.13758237e-01 9.46970740e-21
3960             1.88990613e+01 6.97110204e+02 1.23450465e-18 1.01281345e+01 6.97423331e+02 1.22534807e-18 8.77092677e+00 -3.13127059e-01 9.15657757e-21
3970             1.91123303e+01 6.99903519e+02 1.22162439e-18 1.03419757e+01 7.00217099e+02 1.21249905e-18 8.77035459e+00 -3.13580092e-01 9.12534403e-21
3980             1.94675288e+01 6.97686455e+02 1.23749959e-18 1.06977370e+01 6.98000286e+02 1.22809960e-18 8.76979184e+00 -3.13831129e-01 9.39998877e-21
3990             1.90899596e+01 6.97504349e+02 1.20670916e-18 1.03203261e+01 6.97818159e+02 1.19763613e-18 8.76963343e+00 -3.13810939e-01 9.07303789e-21
4000             1.88819085e+01 6.99249136e+02 1.22727364e-18 1.01125639e+01 6.99562703e+02 1.21765648e-18 8.76934470e+00 -3.13567556e-01 9.61715725e-21
