# Moment        
# CofR          : (0.00000000e+00 0.00000000e+00 0.00000000e+00)
#
# Time          	total_x total_y total_z	pressure_x pressure_y pressure_z	viscous_x viscous_y viscous_z
10               -3.87495199e+02 1.53469723e+02 2.23665754e+02 -3.87268413e+02 1.57134115e+02 2.23709444e+02 -2.26785734e-01 -3.66439256e+00 -4.36903398e-02
20               1.22285705e+02 1.25175550e+01 -2.02825126e+02 1.22634581e+02 1.82944622e+01 -2.02752596e+02 -3.48876970e-01 -5.77690715e+00 -7.25300191e-02
30               2.41537365e+02 -2.07166012e+01 -2.90217778e+02 2.41971344e+02 -1.35951500e+01 -2.90136732e+02 -4.33978987e-01 -7.12145125e+00 -8.10460151e-02
40               2.63194591e+02 -2.25106616e+01 -3.08658930e+02 2.63648438e+02 -1.49891072e+01 -3.08573189e+02 -4.53847735e-01 -7.52155441e+00 -8.57402948e-02
50               2.75619740e+02 -2.15295687e+01 -3.22987924e+02 2.76058416e+02 -1.41152358e+01 -3.22897385e+02 -4.38676650e-01 -7.41433281e+00 -9.05395199e-02
60               2.87221769e+02 -2.10523676e+01 -3.37032876e+02 2.87634160e+02 -1.38998992e+01 -3.36936774e+02 -4.12390327e-01 -7.15246849e+00 -9.61016641e-02
70               2.98018040e+02 -2.06123163e+01 -3.49866003e+02 2.98400210e+02 -1.37523398e+01 -3.49762539e+02 -3.82169933e-01 -6.85997650e+00 -1.03464305e-01
80               3.11295139e+02 -2.01663544e+01 -3.66057993e+02 3.11647491e+02 -1.35929382e+01 -3.65947553e+02 -3.52351161e-01 -6.57341620e+00 -1.10440253e-01
90               3.23305340e+02 -1.96127085e+01 -3.80141780e+02 3.23631577e+02 -1.33022856e+01 -3.80023928e+02 -3.26237457e-01 -6.31042295e+00 -1.17851680e-01
100              3.34691265e+02 -1.90540826e+01 -3.93577315e+02 3.34992501e+02 -1.29772097e+01 -3.93450827e+02 -3.01235500e-01 -6.07687289e+00 -1.26487816e-01
110              3.41117608e+02 -1.85812304e+01 -4.00826080e+02 3.41395630e+02 -1.27148487e+01 -4.00691122e+02 -2.78022058e-01 -5.86638177e+00 -1.34957846e-01
120              3.47062630e+02 -1.81332868e+01 -4.07316852e+02 3.47320403e+02 -1.24414555e+01 -4.07173875e+02 -2.57772825e-01 -5.69183124e+00 -1.42977246e-01
130              3.51232026e+02 -1.75124976e+01 -4.11917222e+02 3.51472992e+02 -1.19606159e+01 -4.11767186e+02 -2.40965685e-01 -5.55188176e+00 -1.50036030e-01
140              3.53670173e+02 -1.73559402e+01 -4.15020374e+02 3.53896567e+02 -1.19202954e+01 -4.14864633e+02 -2.26393959e-01 -5.43564482e+00 -1.55741351e-01
150              3.60936916e+02 -1.68577638e+01 -4.23580440e+02 3.61149980e+02 -1.15186100e+01 -4.23418683e+02 -2.13064897e-01 -5.33915380e+00 -1.61756915e-01
160              3.65170722e+02 -1.64898916e+01 -4.28103310e+02 3.65372604e+02 -1.12218715e+01 -4.27934996e+02 -2.01882384e-01 -5.26802014e+00 -1.68314534e-01
170              3.68574270e+02 -1.65862135e+01 -4.31478090e+02 3.68767182e+02 -1.13663272e+01 -4.31303589e+02 -1.92912262e-01 -5.21988620e+00 -1.74500647e-01
180              3.72942153e+02 -1.63915959e+01 -4.37070125e+02 3.73127979e+02 -1.12003469e+01 -4.36889854e+02 -1.85826489e-01 -5.19124900e+00 -1.80270363e-01
190              3.78294271e+02 -1.60323422e+01 -4.43318550e+02 3.78473519e+02 -1.08652046e+01 -4.43133554e+02 -1.79247930e-01 -5.16713761e+00 -1.84996468e-01
200              3.80376918e+02 -1.56418468e+01 -4.46635469e+02 3.80549902e+02 -1.04956059e+01 -4.46446287e+02 -1.72984504e-01 -5.14624087e+00 -1.89181602e-01
210              3.81253252e+02 -1.50513320e+01 -4.48556641e+02 3.81419865e+02 -9.92630983e+00 -4.48363267e+02 -1.66612805e-01 -5.12502222e+00 -1.93374206e-01
220              3.81739089e+02 -1.47949512e+01 -4.50131486e+02 3.81899090e+02 -9.69088516e+00 -4.49933643e+02 -1.60001481e-01 -5.10406603e+00 -1.97842566e-01
230              3.83899957e+02 -1.48650532e+01 -4.53144340e+02 3.84053425e+02 -9.78027450e+00 -4.52941788e+02 -1.53468513e-01 -5.08477869e+00 -2.02552009e-01
240              3.84815743e+02 -1.50440046e+01 -4.54399251e+02 3.84964895e+02 -9.97443637e+00 -4.54193974e+02 -1.49151835e-01 -5.06956823e+00 -2.05276933e-01
250              3.87876349e+02 -1.47391194e+01 -4.58517606e+02 3.88021235e+02 -9.68538120e+00 -4.58309906e+02 -1.44886128e-01 -5.05373819e+00 -2.07699693e-01
260              3.89113092e+02 -1.44150877e+01 -4.60165913e+02 3.89253672e+02 -9.37684157e+00 -4.59955671e+02 -1.40580211e-01 -5.03824615e+00 -2.10241446e-01
270              3.90913839e+02 -1.37475097e+01 -4.62997104e+02 3.91050328e+02 -8.72260488e+00 -4.62784134e+02 -1.36489092e-01 -5.02490482e+00 -2.12969419e-01
280              3.89320178e+02 -1.37750438e+01 -4.61474717e+02 3.89452737e+02 -8.76135799e+00 -4.61259116e+02 -1.32559414e-01 -5.01368585e+00 -2.15600579e-01
290              3.88387683e+02 -1.39593257e+01 -4.60551771e+02 3.88516690e+02 -8.95512563e+00 -4.60333446e+02 -1.29007437e-01 -5.00420005e+00 -2.18325228e-01
300              3.89187733e+02 -1.39919760e+01 -4.62321989e+02 3.89313301e+02 -8.99467073e+00 -4.62100675e+02 -1.25568655e-01 -4.99730524e+00 -2.21314089e-01
310              3.90530875e+02 -1.40065690e+01 -4.64089648e+02 3.90653522e+02 -9.01491119e+00 -4.63866025e+02 -1.22646744e-01 -4.99165784e+00 -2.23623332e-01
320              3.91324045e+02 -1.34131639e+01 -4.65538758e+02 3.91444585e+02 -8.42699316e+00 -4.65313954e+02 -1.20540243e-01 -4.98617077e+00 -2.24803131e-01
330              3.92289676e+02 -1.32903392e+01 -4.67542239e+02 3.92407926e+02 -8.30886550e+00 -4.67315911e+02 -1.18250672e-01 -4.98147369e+00 -2.26327352e-01
340              3.91248992e+02 -1.31554613e+01 -4.67368806e+02 3.91365106e+02 -8.17749137e+00 -4.67140984e+02 -1.16114348e-01 -4.97796996e+00 -2.27822038e-01
350              3.90065108e+02 -1.27572153e+01 -4.66217559e+02 3.90179694e+02 -7.78146552e+00 -4.65988914e+02 -1.14586198e-01 -4.97574981e+00 -2.28645020e-01
360              3.89875052e+02 -1.26811750e+01 -4.66928242e+02 3.89988442e+02 -7.70633122e+00 -4.66698851e+02 -1.13389271e-01 -4.97484380e+00 -2.29390760e-01
370              3.87267795e+02 -1.24249477e+01 -4.64190229e+02 3.87379134e+02 -7.45168095e+00 -4.63958945e+02 -1.11339243e-01 -4.97326678e+00 -2.31284438e-01
380              3.87113392e+02 -1.26119278e+01 -4.64131828e+02 3.87223234e+02 -7.63952393e+00 -4.63899302e+02 -1.09841402e-01 -4.97240387e+00 -2.32526354e-01
390              3.87429601e+02 -1.28488960e+01 -4.65059684e+02 3.87538552e+02 -7.87522712e+00 -4.64826323e+02 -1.08951260e-01 -4.97366892e+00 -2.33360852e-01
400              3.88099073e+02 -1.28370376e+01 -4.66224414e+02 3.88207550e+02 -7.86076457e+00 -4.65990426e+02 -1.08476887e-01 -4.97627299e+00 -2.33987986e-01
410              3.86027055e+02 -1.21324609e+01 -4.64147847e+02 3.86135497e+02 -7.15149914e+00 -4.63913433e+02 -1.08441922e-01 -4.98096180e+00 -2.34413579e-01
420              3.85644134e+02 -1.24203793e+01 -4.64104325e+02 3.85752706e+02 -7.43421739e+00 -4.63869691e+02 -1.08571624e-01 -4.98616188e+00 -2.34633269e-01
430              3.84084008e+02 -1.24687399e+01 -4.62712275e+02 3.84192322e+02 -7.47617551e+00 -4.62476448e+02 -1.08313597e-01 -4.99256443e+00 -2.35827462e-01
440              3.84205103e+02 -1.25972896e+01 -4.63475053e+02 3.84313491e+02 -7.59719233e+00 -4.63238153e+02 -1.08388391e-01 -5.00009730e+00 -2.36899300e-01
450              3.82621268e+02 -1.25726189e+01 -4.62106066e+02 3.82729981e+02 -7.56424963e+00 -4.61868347e+02 -1.08713032e-01 -5.00836927e+00 -2.37718489e-01
460              3.83165368e+02 -1.23220469e+01 -4.62967863e+02 3.83274745e+02 -7.30649289e+00 -4.62730164e+02 -1.09376164e-01 -5.01555396e+00 -2.37699292e-01
470              3.82306370e+02 -1.20227204e+01 -4.62897926e+02 3.82416546e+02 -6.99959642e+00 -4.62660182e+02 -1.10175950e-01 -5.02312403e+00 -2.37743484e-01
480              3.81404053e+02 -1.13957165e+01 -4.61869933e+02 3.81514753e+02 -6.36397985e+00 -4.61631529e+02 -1.10700159e-01 -5.03173662e+00 -2.38403758e-01
490              3.80499335e+02 -1.14757437e+01 -4.61551533e+02 3.80611192e+02 -6.43407886e+00 -4.61313173e+02 -1.11857087e-01 -5.04166485e+00 -2.38360285e-01
500              3.78181413e+02 -1.19089623e+01 -4.59060045e+02 3.78293830e+02 -6.85692161e+00 -4.58820524e+02 -1.12417711e-01 -5.05204074e+00 -2.39521361e-01
510              3.78582586e+02 -1.22361221e+01 -4.60111405e+02 3.78695639e+02 -7.17316602e+00 -4.59870594e+02 -1.13053364e-01 -5.06295609e+00 -2.40811656e-01
520              3.77155225e+02 -1.24099276e+01 -4.58702666e+02 3.77269396e+02 -7.33568122e+00 -4.58461180e+02 -1.14170605e-01 -5.07424640e+00 -2.41485778e-01
530              3.76779926e+02 -1.22853328e+01 -4.58508378e+02 3.76896093e+02 -7.20077965e+00 -4.58267767e+02 -1.16167422e-01 -5.08455316e+00 -2.40610339e-01
540              3.75928734e+02 -1.19153232e+01 -4.57779315e+02 3.76046050e+02 -6.82180104e+00 -4.57538494e+02 -1.17315418e-01 -5.09352211e+00 -2.40821862e-01
550              3.77487166e+02 -1.16572014e+01 -4.59653786e+02 3.77605924e+02 -6.55356107e+00 -4.59413015e+02 -1.18758069e-01 -5.10364031e+00 -2.40771605e-01
560              3.76039907e+02 -1.14812787e+01 -4.58053689e+02 3.76159916e+02 -6.36660178e+00 -4.57812759e+02 -1.20009134e-01 -5.11467694e+00 -2.40929514e-01
570              3.72869394e+02 -1.19163339e+01 -4.54940902e+02 3.72991091e+02 -6.78958339e+00 -4.54700254e+02 -1.21697263e-01 -5.12675055e+00 -2.40647710e-01
580              3.72003986e+02 -1.19445541e+01 -4.55270861e+02 3.72127037e+02 -6.80450297e+00 -4.55029298e+02 -1.23051052e-01 -5.14005111e+00 -2.41562891e-01
590              3.67062428e+02 -1.18899995e+01 -4.51704220e+02 3.67187620e+02 -6.73315418e+00 -4.51461565e+02 -1.25191970e-01 -5.15684527e+00 -2.42655707e-01
600              3.61698836e+02 -1.17809398e+01 -4.47980294e+02 3.61828227e+02 -6.60273772e+00 -4.47738279e+02 -1.29390950e-01 -5.17820209e+00 -2.42014341e-01
610              3.56339493e+02 -1.12742016e+01 -4.45970583e+02 3.56473555e+02 -6.07297488e+00 -4.45729327e+02 -1.34062485e-01 -5.20122669e+00 -2.41255768e-01
620              3.50775117e+02 -1.06466290e+01 -4.43929981e+02 3.50913089e+02 -5.42247545e+00 -4.43688644e+02 -1.37971968e-01 -5.22415356e+00 -2.41336502e-01
630              3.49984895e+02 -9.97511451e+00 -4.44055654e+02 3.50127013e+02 -4.73253860e+00 -4.43814713e+02 -1.42118335e-01 -5.24257591e+00 -2.40940864e-01
640              3.50632408e+02 -1.00775158e+01 -4.42962245e+02 3.50778309e+02 -4.81979634e+00 -4.42722089e+02 -1.45901059e-01 -5.25771951e+00 -2.40156318e-01
650              3.52479059e+02 -1.00647255e+01 -4.43258862e+02 3.52627597e+02 -4.79451763e+00 -4.43018551e+02 -1.48538745e-01 -5.27020788e+00 -2.40311091e-01
660              3.56604484e+02 -1.06383271e+01 -4.45772804e+02 3.56755856e+02 -5.35632378e+00 -4.45532875e+02 -1.51372050e-01 -5.28200335e+00 -2.39928969e-01
670              3.55549413e+02 -1.12058381e+01 -4.43276930e+02 3.55703201e+02 -5.91308217e+00 -4.43036874e+02 -1.53788102e-01 -5.29275592e+00 -2.40056685e-01
680              3.57443759e+02 -1.14535923e+01 -4.44046174e+02 3.57599646e+02 -6.15133496e+00 -4.43805629e+02 -1.55887233e-01 -5.30225736e+00 -2.40544965e-01
690              3.60510664e+02 -1.15361339e+01 -4.47029135e+02 3.60669064e+02 -6.22420870e+00 -4.46788804e+02 -1.58400522e-01 -5.31192518e+00 -2.40331397e-01
700              3.59400012e+02 -1.20745458e+01 -4.44759799e+02 3.59561044e+02 -6.75253685e+00 -4.44519888e+02 -1.61031962e-01 -5.32200893e+00 -2.39910623e-01
710              3.62583398e+02 -1.15676232e+01 -4.47747962e+02 3.62746325e+02 -6.23609020e+00 -4.47507456e+02 -1.62927073e-01 -5.33153304e+00 -2.40506638e-01
720              3.63519053e+02 -1.16054090e+01 -4.48111715e+02 3.63684648e+02 -6.26461448e+00 -4.47871914e+02 -1.65595788e-01 -5.34079456e+00 -2.39800606e-01
730              3.64684131e+02 -1.16792782e+01 -4.49563830e+02 3.64852176e+02 -6.32992723e+00 -4.49324492e+02 -1.68044338e-01 -5.34935100e+00 -2.39338134e-01
740              3.65366441e+02 -1.13279329e+01 -4.50438447e+02 3.65536808e+02 -5.96994691e+00 -4.50199315e+02 -1.70367270e-01 -5.35798603e+00 -2.39131668e-01
750              3.65029027e+02 -1.15058975e+01 -4.49916230e+02 3.65201346e+02 -6.13874035e+00 -4.49676616e+02 -1.72319409e-01 -5.36715716e+00 -2.39613533e-01
760              3.65522679e+02 -1.13473171e+01 -4.50652774e+02 3.65697176e+02 -5.97030449e+00 -4.50412935e+02 -1.74497244e-01 -5.37701262e+00 -2.39838453e-01
770              3.66182993e+02 -1.17690172e+01 -4.50652856e+02 3.66359511e+02 -6.38277195e+00 -4.50412737e+02 -1.76517429e-01 -5.38624528e+00 -2.40118650e-01
780              3.68210523e+02 -1.18526163e+01 -4.52306421e+02 3.68389046e+02 -6.45794536e+00 -4.52066230e+02 -1.78522605e-01 -5.39467095e+00 -2.40191096e-01
790              3.70437416e+02 -1.17212522e+01 -4.54399504e+02 3.70617469e+02 -6.31891603e+00 -4.54158687e+02 -1.80052893e-01 -5.40233619e+00 -2.40816628e-01
800              3.71488664e+02 -1.21700702e+01 -4.54604294e+02 3.71670049e+02 -6.76014611e+00 -4.54362673e+02 -1.81385782e-01 -5.40992405e+00 -2.41621283e-01
810              3.73143428e+02 -1.23147524e+01 -4.56006892e+02 3.73326785e+02 -6.89705471e+00 -4.55765488e+02 -1.83356492e-01 -5.41769773e+00 -2.41403952e-01
820              3.75384360e+02 -1.24407314e+01 -4.57923051e+02 3.75569175e+02 -7.01594761e+00 -4.57681207e+02 -1.84815029e-01 -5.42478381e+00 -2.41844730e-01
830              3.77622933e+02 -1.23131757e+01 -4.59763542e+02 3.77809333e+02 -6.88210758e+00 -4.59521620e+02 -1.86399071e-01 -5.43106808e+00 -2.41921607e-01
840              3.80634676e+02 -1.20416304e+01 -4.62684095e+02 3.80821957e+02 -6.60483420e+00 -4.62441146e+02 -1.87280613e-01 -5.43679616e+00 -2.42948997e-01
850              3.84385243e+02 -1.17343353e+01 -4.66650032e+02 3.84573519e+02 -6.29193535e+00 -4.66406363e+02 -1.88275971e-01 -5.44239995e+00 -2.43669424e-01
860              3.84592964e+02 -1.19017058e+01 -4.66410589e+02 3.84782714e+02 -6.45428528e+00 -4.66167106e+02 -1.89749953e-01 -5.44742053e+00 -2.43483710e-01
870              3.84919164e+02 -1.19574426e+01 -4.66582808e+02 3.85109666e+02 -6.50561563e+00 -4.66338522e+02 -1.90501710e-01 -5.45182700e+00 -2.44286818e-01
880              3.86343439e+02 -1.22395981e+01 -4.67166931e+02 3.86534773e+02 -6.78289914e+00 -4.66922011e+02 -1.91333835e-01 -5.45669900e+00 -2.44919711e-01
890              3.88385590e+02 -1.27086398e+01 -4.68943100e+02 3.88578386e+02 -7.24694224e+00 -4.68698567e+02 -1.92796686e-01 -5.46169758e+00 -2.44532970e-01
900              3.90734437e+02 -1.24386988e+01 -4.71476540e+02 3.90927757e+02 -6.97284727e+00 -4.71231046e+02 -1.93320384e-01 -5.46585148e+00 -2.45494520e-01
910              3.92788848e+02 -1.22955369e+01 -4.73574727e+02 3.92982324e+02 -6.82566791e+00 -4.73327797e+02 -1.93475871e-01 -5.46986896e+00 -2.46929971e-01
920              3.94502679e+02 -1.22402971e+01 -4.75000818e+02 3.94696749e+02 -6.76639034e+00 -4.74753207e+02 -1.94069089e-01 -5.47390672e+00 -2.47611034e-01
930              3.97686160e+02 -1.16573804e+01 -4.78215659e+02 3.97881370e+02 -6.17987385e+00 -4.77968352e+02 -1.95209555e-01 -5.47750659e+00 -2.47307201e-01
940              3.96747908e+02 -1.19859832e+01 -4.76635436e+02 3.96943834e+02 -6.50479899e+00 -4.76387814e+02 -1.95926772e-01 -5.48118423e+00 -2.47621680e-01
950              3.98994521e+02 -1.18620216e+01 -4.78870510e+02 3.99190916e+02 -6.37761851e+00 -4.78622259e+02 -1.96394774e-01 -5.48440311e+00 -2.48251080e-01
960              4.01502323e+02 -1.21929735e+01 -4.81268935e+02 4.01698820e+02 -6.70512935e+00 -4.81019550e+02 -1.96496706e-01 -5.48784420e+00 -2.49385230e-01
970              4.01941573e+02 -1.20548222e+01 -4.81422112e+02 4.02139180e+02 -6.56344045e+00 -4.81173199e+02 -1.97606793e-01 -5.49138171e+00 -2.48912399e-01
980              4.02072525e+02 -1.24650762e+01 -4.80883741e+02 4.02270756e+02 -6.97115657e+00 -4.80634707e+02 -1.98230983e-01 -5.49391964e+00 -2.49033759e-01
990              4.05517065e+02 -1.26222893e+01 -4.84673770e+02 4.05715679e+02 -7.12676440e+00 -4.84424449e+02 -1.98613933e-01 -5.49552486e+00 -2.49321689e-01
1000             4.07651555e+02 -1.28460897e+01 -4.86907562e+02 4.07850918e+02 -7.34850653e+00 -4.86658520e+02 -1.99363751e-01 -5.49758314e+00 -2.49041844e-01
1010             4.07310110e+02 -1.23855291e+01 -4.86283219e+02 4.07509514e+02 -6.88622746e+00 -4.86033430e+02 -1.99403790e-01 -5.49930165e+00 -2.49788760e-01
1020             4.09791236e+02 -1.24080176e+01 -4.88617513e+02 4.09990644e+02 -6.90797126e+00 -4.88367046e+02 -1.99408720e-01 -5.50004638e+00 -2.50467032e-01
1030             4.10693897e+02 -1.20447249e+01 -4.89930905e+02 4.10893305e+02 -6.54511339e+00 -4.89679915e+02 -1.99408285e-01 -5.49961151e+00 -2.50989855e-01
1040             4.12972405e+02 -1.22092038e+01 -4.92112073e+02 4.13171862e+02 -6.70962960e+00 -4.91860631e+02 -1.99457465e-01 -5.49957417e+00 -2.51442404e-01
1050             4.13174346e+02 -1.22757967e+01 -4.92076895e+02 4.13373771e+02 -6.77649789e+00 -4.91824970e+02 -1.99425254e-01 -5.49929879e+00 -2.51925131e-01
1060             4.13255183e+02 -1.22561714e+01 -4.91870744e+02 4.13454245e+02 -6.75701698e+00 -4.91617853e+02 -1.99062362e-01 -5.49915445e+00 -2.52890852e-01
1070             4.17043254e+02 -1.22020044e+01 -4.96156546e+02 4.17242182e+02 -6.70318461e+00 -4.95903105e+02 -1.98927814e-01 -5.49881980e+00 -2.53441956e-01
1080             4.16837885e+02 -1.21047958e+01 -4.95899686e+02 4.17036879e+02 -6.60624680e+00 -4.95646015e+02 -1.98993333e-01 -5.49854902e+00 -2.53671122e-01
1090             4.16437094e+02 -1.18179853e+01 -4.95074669e+02 4.16635743e+02 -6.31957462e+00 -4.94820137e+02 -1.98649194e-01 -5.49841072e+00 -2.54532397e-01
1100             4.18088086e+02 -1.16193375e+01 -4.96814160e+02 4.18286241e+02 -6.12133249e+00 -4.96558594e+02 -1.98154901e-01 -5.49800499e+00 -2.55566115e-01
1110             4.20748340e+02 -1.15424587e+01 -5.00157254e+02 4.20946332e+02 -6.04529098e+00 -4.99901280e+02 -1.97991370e-01 -5.49716773e+00 -2.55973363e-01
1120             4.20116563e+02 -1.18660876e+01 -4.98992423e+02 4.20314311e+02 -6.36960235e+00 -4.98735912e+02 -1.97747866e-01 -5.49648530e+00 -2.56511568e-01
1130             4.20373141e+02 -1.19734059e+01 -4.99190672e+02 4.20570550e+02 -6.47804756e+00 -4.98933519e+02 -1.97408637e-01 -5.49535835e+00 -2.57152867e-01
1140             4.20612276e+02 -1.18777676e+01 -4.99375395e+02 4.20809080e+02 -6.38341515e+00 -4.99117164e+02 -1.96803674e-01 -5.49435250e+00 -2.58231123e-01
1150             4.20652365e+02 -1.24651819e+01 -4.98875246e+02 4.20848431e+02 -6.97192707e+00 -4.98615800e+02 -1.96066022e-01 -5.49325484e+00 -2.59445887e-01
1160             4.22082042e+02 -1.24154773e+01 -5.00745117e+02 4.22277714e+02 -6.92301337e+00 -5.00484931e+02 -1.95672080e-01 -5.49246398e+00 -2.60185986e-01
1170             4.22382904e+02 -1.25131536e+01 -5.01068691e+02 4.22578082e+02 -7.02194073e+00 -5.00807695e+02 -1.95177677e-01 -5.49121283e+00 -2.60996230e-01
1180             4.22409821e+02 -1.23878511e+01 -5.00895098e+02 4.22604498e+02 -6.89835900e+00 -5.00633372e+02 -1.94677547e-01 -5.48949208e+00 -2.61726176e-01
1190             4.23626898e+02 -1.22080638e+01 -5.02446906e+02 4.23821300e+02 -6.72016567e+00 -5.02184831e+02 -1.94402475e-01 -5.48789816e+00 -2.62074887e-01
1200             4.23656865e+02 -1.23735138e+01 -5.02100018e+02 4.23851046e+02 -6.88721930e+00 -5.01837686e+02 -1.94181085e-01 -5.48629453e+00 -2.62332635e-01
1210             4.25200449e+02 -1.21731494e+01 -5.04359744e+02 4.25394285e+02 -6.68836942e+00 -5.04096971e+02 -1.93835936e-01 -5.48478002e+00 -2.62772461e-01
1220             4.24503611e+02 -1.21003964e+01 -5.03016732e+02 4.24697209e+02 -6.61720384e+00 -5.02753689e+02 -1.93597451e-01 -5.48319261e+00 -2.63042117e-01
1230             4.24833744e+02 -1.19741162e+01 -5.03333846e+02 4.25027320e+02 -6.49207942e+00 -5.03070828e+02 -1.93576493e-01 -5.48203674e+00 -2.63018392e-01
1240             4.25940857e+02 -1.19267705e+01 -5.04878765e+02 4.26134692e+02 -6.44605679e+00 -5.04616243e+02 -1.93834267e-01 -5.48071367e+00 -2.62522305e-01
1250             4.26391116e+02 -1.15224268e+01 -5.05586655e+02 4.26584766e+02 -6.04265009e+00 -5.05323869e+02 -1.93649896e-01 -5.47977673e+00 -2.62785943e-01
1260             4.26697872e+02 -1.15783150e+01 -5.05528368e+02 4.26891136e+02 -6.09929697e+00 -5.05264981e+02 -1.93264115e-01 -5.47901799e+00 -2.63386675e-01
1270             4.28502887e+02 -1.15707716e+01 -5.07987237e+02 4.28695920e+02 -6.09273643e+00 -5.07723545e+02 -1.93032907e-01 -5.47803519e+00 -2.63691372e-01
1280             4.27039308e+02 -1.16897786e+01 -5.06055628e+02 4.27232514e+02 -6.21265438e+00 -5.05792255e+02 -1.93205649e-01 -5.47712426e+00 -2.63373570e-01
1290             4.27663445e+02 -1.18837426e+01 -5.06740342e+02 4.27856615e+02 -6.40723782e+00 -5.06476893e+02 -1.93170587e-01 -5.47650478e+00 -2.63448339e-01
1300             4.27675870e+02 -1.15385669e+01 -5.06709567e+02 4.27868769e+02 -6.06297924e+00 -5.06445702e+02 -1.92898750e-01 -5.47558765e+00 -2.63864245e-01
1310             4.28939027e+02 -1.16292762e+01 -5.08062218e+02 4.29131717e+02 -6.15483617e+00 -5.07798107e+02 -1.92690839e-01 -5.47444006e+00 -2.64110385e-01
1320             4.29070012e+02 -1.15852060e+01 -5.08464049e+02 4.29263124e+02 -6.11180853e+00 -5.08200644e+02 -1.93111745e-01 -5.47339743e+00 -2.63405016e-01
1330             4.29684386e+02 -1.15091910e+01 -5.09030908e+02 4.29877552e+02 -6.03710972e+00 -5.08767681e+02 -1.93166206e-01 -5.47208127e+00 -2.63226569e-01
1340             4.29025114e+02 -1.16519480e+01 -5.08283455e+02 4.29218105e+02 -6.18107834e+00 -5.08020028e+02 -1.92991274e-01 -5.47086970e+00 -2.63426823e-01
1350             4.30029313e+02 -1.14563451e+01 -5.09574606e+02 4.30221896e+02 -5.98683472e+00 -5.09310639e+02 -1.92582637e-01 -5.46951034e+00 -2.63967148e-01
1360             4.29334285e+02 -1.16731301e+01 -5.08515912e+02 4.29526970e+02 -6.20467192e+00 -5.08252159e+02 -1.92684869e-01 -5.46845821e+00 -2.63752698e-01
1370             4.28936128e+02 -1.17340323e+01 -5.08360399e+02 4.29128558e+02 -6.26685977e+00 -5.08096345e+02 -1.92429372e-01 -5.46717257e+00 -2.64054645e-01
1380             4.29447924e+02 -1.17356745e+01 -5.08623518e+02 4.29640365e+02 -6.27018051e+00 -5.08359617e+02 -1.92440454e-01 -5.46549396e+00 -2.63901360e-01
1390             4.29183061e+02 -1.18003821e+01 -5.08369561e+02 4.29375306e+02 -6.33656241e+00 -5.08105493e+02 -1.92244242e-01 -5.46381974e+00 -2.64068219e-01
1400             4.30078908e+02 -1.14189509e+01 -5.09688771e+02 4.30271205e+02 -5.95650128e+00 -5.09424894e+02 -1.92297113e-01 -5.46244963e+00 -2.63877603e-01
1410             4.29651404e+02 -1.18537072e+01 -5.08927781e+02 4.29843426e+02 -6.39266915e+00 -5.08663581e+02 -1.92022545e-01 -5.46103803e+00 -2.64200213e-01
1420             4.28782598e+02 -1.17743856e+01 -5.08140407e+02 4.28974389e+02 -6.31477679e+00 -5.07875923e+02 -1.91790966e-01 -5.45960879e+00 -2.64483536e-01
1430             4.30089803e+02 -1.18167184e+01 -5.09570050e+02 4.30281381e+02 -6.35811605e+00 -5.09305270e+02 -1.91578454e-01 -5.45860233e+00 -2.64780877e-01
1440             4.28923531e+02 -1.19040070e+01 -5.08055203e+02 4.29115083e+02 -6.44615948e+00 -5.07790392e+02 -1.91551546e-01 -5.45784756e+00 -2.64811201e-01
1450             4.30154845e+02 -1.19947917e+01 -5.09602546e+02 4.30346191e+02 -6.53812972e+00 -5.09337452e+02 -1.91345444e-01 -5.45666195e+00 -2.65093846e-01
1460             4.29794048e+02 -1.19088208e+01 -5.09065351e+02 4.29984986e+02 -6.45284482e+00 -5.08799601e+02 -1.90937771e-01 -5.45597595e+00 -2.65749677e-01
1470             4.30334895e+02 -1.19123153e+01 -5.09812787e+02 4.30525945e+02 -6.45699913e+00 -5.09547159e+02 -1.91050204e-01 -5.45531617e+00 -2.65628248e-01
1480             4.30685595e+02 -1.18218365e+01 -5.10316156e+02 4.30876887e+02 -6.36695756e+00 -5.10050802e+02 -1.91291732e-01 -5.45487895e+00 -2.65354333e-01
1490             4.29798773e+02 -1.13242620e+01 -5.09341458e+02 4.29990103e+02 -5.86987608e+00 -5.09076058e+02 -1.91330321e-01 -5.45438593e+00 -2.65399449e-01
1500             4.31502812e+02 -1.13274091e+01 -5.11259006e+02 4.31694215e+02 -5.87346191e+00 -5.10993595e+02 -1.91403051e-01 -5.45394722e+00 -2.65410827e-01
1510             4.31726663e+02 -1.14651531e+01 -5.11857609e+02 4.31918492e+02 -6.01127795e+00 -5.11592675e+02 -1.91829150e-01 -5.45387519e+00 -2.64934180e-01
1520             4.30912250e+02 -1.13868009e+01 -5.10492906e+02 4.31104328e+02 -5.93320890e+00 -5.10228177e+02 -1.92077841e-01 -5.45359197e+00 -2.64729095e-01
1530             4.31181476e+02 -1.14696549e+01 -5.11121499e+02 4.31373599e+02 -6.01619678e+00 -5.10856610e+02 -1.92122608e-01 -5.45345816e+00 -2.64888610e-01
1540             4.30382358e+02 -1.17489840e+01 -5.10040687e+02 4.30574036e+02 -6.29550893e+00 -5.09774870e+02 -1.91677345e-01 -5.45347510e+00 -2.65817467e-01
1550             4.31123726e+02 -1.17096999e+01 -5.10916400e+02 4.31315699e+02 -6.25593532e+00 -5.10650769e+02 -1.91973142e-01 -5.45376461e+00 -2.65630495e-01
1560             4.31194953e+02 -1.18695783e+01 -5.10959790e+02 4.31387033e+02 -6.41539050e+00 -5.10694032e+02 -1.92079492e-01 -5.45418784e+00 -2.65757248e-01
1570             4.30941432e+02 -1.19031434e+01 -5.10802192e+02 4.31133604e+02 -6.44846394e+00 -5.10536234e+02 -1.92171813e-01 -5.45467950e+00 -2.65957807e-01
1580             4.29959073e+02 -1.14208199e+01 -5.09581253e+02 4.30151441e+02 -5.96589853e+00 -5.09315308e+02 -1.92367780e-01 -5.45492138e+00 -2.65945081e-01
1590             4.31912123e+02 -1.16927529e+01 -5.11707176e+02 4.32104876e+02 -6.23707441e+00 -5.11441471e+02 -1.92753440e-01 -5.45567845e+00 -2.65704620e-01
1600             4.30511924e+02 -1.17618498e+01 -5.10143792e+02 4.30704881e+02 -6.30517489e+00 -5.09877973e+02 -1.92957149e-01 -5.45667495e+00 -2.65819880e-01
1610             4.29691736e+02 -1.18437435e+01 -5.09108353e+02 4.29884488e+02 -6.38623487e+00 -5.08841794e+02 -1.92752684e-01 -5.45750860e+00 -2.66559139e-01
1620             4.32372207e+02 -1.20477617e+01 -5.12338337e+02 4.32565021e+02 -6.58959306e+00 -5.12071486e+02 -1.92813366e-01 -5.45816868e+00 -2.66850786e-01
1630             4.31545005e+02 -1.20779369e+01 -5.11419897e+02 4.31738152e+02 -6.61907562e+00 -5.11153186e+02 -1.93147165e-01 -5.45886132e+00 -2.66711217e-01
1640             4.31974710e+02 -1.18873243e+01 -5.11830970e+02 4.32168118e+02 -6.42800502e+00 -5.11564293e+02 -1.93407922e-01 -5.45931924e+00 -2.66676463e-01
1650             4.31066860e+02 -1.16759158e+01 -5.10759027e+02 4.31260155e+02 -6.21636243e+00 -5.10491854e+02 -1.93294991e-01 -5.45955341e+00 -2.67172537e-01
1660             4.30512187e+02 -1.17783756e+01 -5.09927577e+02 4.30705222e+02 -6.31852893e+00 -5.09659705e+02 -1.93035245e-01 -5.45984670e+00 -2.67872245e-01
1670             4.31375166e+02 -1.16852735e+01 -5.11093185e+02 4.31568546e+02 -6.22489746e+00 -5.10825543e+02 -1.93380354e-01 -5.46037602e+00 -2.67642870e-01
1680             4.31215943e+02 -1.17815686e+01 -5.10911302e+02 4.31409624e+02 -6.32099719e+00 -5.10643876e+02 -1.93680538e-01 -5.46057141e+00 -2.67426578e-01
1690             4.31934764e+02 -1.16228976e+01 -5.11790726e+02 4.32128536e+02 -6.16227755e+00 -5.11523195e+02 -1.93771651e-01 -5.46062003e+00 -2.67530927e-01
1700             4.32798671e+02 -1.17460147e+01 -5.12742024e+02 4.32992345e+02 -6.28557908e+00 -5.12474162e+02 -1.93673728e-01 -5.46043562e+00 -2.67862335e-01
1710             4.33406958e+02 -1.16719796e+01 -5.13557116e+02 4.33600961e+02 -6.21149372e+00 -5.13289581e+02 -1.94003418e-01 -5.46048589e+00 -2.67535407e-01
1720             4.31471012e+02 -1.15846719e+01 -5.11167700e+02 4.31665200e+02 -6.12421655e+00 -5.10900288e+02 -1.94187988e-01 -5.46045535e+00 -2.67411558e-01
1730             4.32629512e+02 -1.15763708e+01 -5.12325410e+02 4.32824183e+02 -6.11612820e+00 -5.12058627e+02 -1.94670834e-01 -5.46024261e+00 -2.66782674e-01
1740             4.33022974e+02 -1.16866752e+01 -5.13080144e+02 4.33217379e+02 -6.22670350e+00 -5.12812828e+02 -1.94404303e-01 -5.45997170e+00 -2.67315934e-01
1750             4.32535574e+02 -1.13082010e+01 -5.12458369e+02 4.32729929e+02 -5.84827082e+00 -5.12190821e+02 -1.94355245e-01 -5.45993017e+00 -2.67547320e-01
1760             4.32987219e+02 -1.12201727e+01 -5.12656995e+02 4.33182031e+02 -5.76030144e+00 -5.12390015e+02 -1.94811834e-01 -5.45987126e+00 -2.66979332e-01
1770             4.33199899e+02 -1.16004012e+01 -5.13146757e+02 4.33394860e+02 -6.14030262e+00 -5.12879831e+02 -1.94961161e-01 -5.46009861e+00 -2.66926240e-01
1780             4.31627301e+02 -1.16647081e+01 -5.10899403e+02 4.31822298e+02 -6.20469992e+00 -5.10632384e+02 -1.94996610e-01 -5.46000822e+00 -2.67019127e-01
1790             4.32909554e+02 -1.14051694e+01 -5.12670614e+02 4.33104650e+02 -5.94499804e+00 -5.12403599e+02 -1.95096038e-01 -5.46017132e+00 -2.67015227e-01
1800             4.32942309e+02 -1.17007674e+01 -5.12550356e+02 4.33137354e+02 -6.24016565e+00 -5.12283093e+02 -1.95045775e-01 -5.46060176e+00 -2.67263007e-01
1810             4.32954358e+02 -1.15377225e+01 -5.12633565e+02 4.33149959e+02 -6.07707245e+00 -5.12367044e+02 -1.95601262e-01 -5.46065001e+00 -2.66520444e-01
1820             4.31691124e+02 -1.16770991e+01 -5.10802839e+02 4.31886453e+02 -6.21631891e+00 -5.10535753e+02 -1.95328837e-01 -5.46078023e+00 -2.67085446e-01
1830             4.33783422e+02 -1.20770837e+01 -5.13419348e+02 4.33978646e+02 -6.61637056e+00 -5.13152009e+02 -1.95224416e-01 -5.46071313e+00 -2.67338905e-01
1840             4.32830184e+02 -1.18188434e+01 -5.12482011e+02 4.33025485e+02 -6.35802670e+00 -5.12214696e+02 -1.95301396e-01 -5.46081669e+00 -2.67315295e-01
1850             4.32048745e+02 -1.19641581e+01 -5.11186458e+02 4.32244416e+02 -6.50326716e+00 -5.10919629e+02 -1.95671663e-01 -5.46089098e+00 -2.66829524e-01
1860             4.33374707e+02 -1.21186175e+01 -5.12781614e+02 4.33570107e+02 -6.65808911e+00 -5.12514345e+02 -1.95399795e-01 -5.46052839e+00 -2.67269597e-01
1870             4.33318878e+02 -1.18483226e+01 -5.12890966e+02 4.33514106e+02 -6.38799422e+00 -5.12623405e+02 -1.95227730e-01 -5.46032839e+00 -2.67560284e-01
1880             4.33637465e+02 -1.19738139e+01 -5.13113396e+02 4.33832530e+02 -6.51379267e+00 -5.12845573e+02 -1.95065598e-01 -5.46002119e+00 -2.67822884e-01
1890             4.33091633e+02 -1.20696493e+01 -5.12318883e+02 4.33287081e+02 -6.60985510e+00 -5.12051634e+02 -1.95448763e-01 -5.45979416e+00 -2.67249708e-01
1900             4.34169491e+02 -1.17605542e+01 -5.13670179e+02 4.34364710e+02 -6.30129560e+00 -5.13402611e+02 -1.95218892e-01 -5.45925860e+00 -2.67568194e-01
1910             4.34053918e+02 -1.20552937e+01 -5.13458091e+02 4.34249061e+02 -6.59664160e+00 -5.13190463e+02 -1.95143346e-01 -5.45865211e+00 -2.67627197e-01
1920             4.33340204e+02 -1.17145849e+01 -5.12763759e+02 4.33535524e+02 -6.25645106e+00 -5.12496464e+02 -1.95319864e-01 -5.45813389e+00 -2.67294606e-01
1930             4.33474844e+02 -1.15481792e+01 -5.12873811e+02 4.33669863e+02 -6.09028897e+00 -5.12606068e+02 -1.95018352e-01 -5.45789023e+00 -2.67743255e-01
1940             4.34921083e+02 -1.15929150e+01 -5.14523897e+02 4.35116130e+02 -6.13532764e+00 -5.14256216e+02 -1.95046354e-01 -5.45758734e+00 -2.67681427e-01
1950             4.32712675e+02 -1.17756267e+01 -5.11803418e+02 4.32907534e+02 -6.31802399e+00 -5.11535401e+02 -1.94858633e-01 -5.45760271e+00 -2.68017154e-01
1960             4.34947492e+02 -1.16275498e+01 -5.14663737e+02 4.35142295e+02 -6.17013514e+00 -5.14395617e+02 -1.94802240e-01 -5.45741469e+00 -2.68119826e-01
1970             4.33350221e+02 -1.16587877e+01 -5.12494306e+02 4.33545219e+02 -6.20115626e+00 -5.12226427e+02 -1.94997401e-01 -5.45763147e+00 -2.67879301e-01
1980             4.35404128e+02 -1.16092426e+01 -5.15137908e+02 4.35599476e+02 -6.15139387e+00 -5.14870481e+02 -1.95347776e-01 -5.45784873e+00 -2.67426384e-01
1990             4.34697532e+02 -1.15198600e+01 -5.14485236e+02 4.34892411e+02 -6.06191683e+00 -5.14216964e+02 -1.94878278e-01 -5.45794319e+00 -2.68271664e-01
2000             4.33880018e+02 -1.15824033e+01 -5.12999517e+02 4.34074670e+02 -6.12424879e+00 -5.12730800e+02 -1.94651727e-01 -5.45815449e+00 -2.68716639e-01
2010             4.34597668e+02 -1.15438108e+01 -5.14065677e+02 4.34792531e+02 -6.08503552e+00 -5.13797122e+02 -1.94863071e-01 -5.45877531e+00 -2.68554791e-01
2020             4.34118332e+02 -1.17027956e+01 -5.13463625e+02 4.34313381e+02 -6.24353185e+00 -5.13195182e+02 -1.95048367e-01 -5.45926371e+00 -2.68442648e-01
2030             4.33983652e+02 -1.16945161e+01 -5.13396444e+02 4.34179134e+02 -6.23448045e+00 -5.13128491e+02 -1.95482198e-01 -5.46003564e+00 -2.67952938e-01
2040             4.34020647e+02 -1.18899883e+01 -5.13256759e+02 4.34216020e+02 -6.42956830e+00 -5.12988506e+02 -1.95372167e-01 -5.46042003e+00 -2.68253489e-01
2050             4.35101170e+02 -1.18778226e+01 -5.14714106e+02 4.35296501e+02 -6.41681721e+00 -5.14445611e+02 -1.95330744e-01 -5.46100537e+00 -2.68494931e-01
2060             4.34241099e+02 -1.16740198e+01 -5.13592811e+02 4.34436641e+02 -6.21265544e+00 -5.13324525e+02 -1.95542046e-01 -5.46136440e+00 -2.68286117e-01
2070             4.33621564e+02 -1.17442992e+01 -5.12482118e+02 4.33816804e+02 -6.28245426e+00 -5.12213238e+02 -1.95240057e-01 -5.46184497e+00 -2.68879766e-01
2080             4.35106751e+02 -1.16615145e+01 -5.14789171e+02 4.35302201e+02 -6.19919224e+00 -5.14520497e+02 -1.95450073e-01 -5.46232228e+00 -2.68674151e-01
2090             4.33170336e+02 -1.17401304e+01 -5.12166222e+02 4.33365467e+02 -6.27678178e+00 -5.11896857e+02 -1.95131204e-01 -5.46334862e+00 -2.69365143e-01
2100             4.35295262e+02 -1.20397182e+01 -5.14554810e+02 4.35490577e+02 -6.57585795e+00 -5.14285604e+02 -1.95315353e-01 -5.46386026e+00 -2.69206396e-01
2110             4.33996491e+02 -1.15727458e+01 -5.13500034e+02 4.34191536e+02 -6.10810893e+00 -5.13230234e+02 -1.95045522e-01 -5.46463689e+00 -2.69799975e-01
2120             4.34361330e+02 -1.22148894e+01 -5.13433481e+02 4.34555912e+02 -6.74941067e+00 -5.13162783e+02 -1.94581466e-01 -5.46547874e+00 -2.70698388e-01
2130             4.34749108e+02 -1.17146575e+01 -5.14286551e+02 4.34943692e+02 -6.24844015e+00 -5.14015691e+02 -1.94583909e-01 -5.46621738e+00 -2.70859364e-01
2140             4.35573002e+02 -1.19492181e+01 -5.14963992e+02 4.35767437e+02 -6.48182893e+00 -5.14692701e+02 -1.94434730e-01 -5.46738922e+00 -2.71290919e-01
2150             4.35141701e+02 -1.22588877e+01 -5.14519791e+02 4.35336137e+02 -6.79077914e+00 -5.14248341e+02 -1.94435896e-01 -5.46810853e+00 -2.71449801e-01
2160             4.35331034e+02 -1.17166003e+01 -5.14768448e+02 4.35525864e+02 -6.24756816e+00 -5.14497426e+02 -1.94830126e-01 -5.46903216e+00 -2.71022289e-01
2170             4.36292181e+02 -1.21411494e+01 -5.15486296e+02 4.36486720e+02 -6.67153493e+00 -5.15214694e+02 -1.94539489e-01 -5.46961443e+00 -2.71602432e-01
2180             4.34856398e+02 -1.16628451e+01 -5.14442475e+02 4.35050891e+02 -6.19236908e+00 -5.14170624e+02 -1.94492502e-01 -5.47047600e+00 -2.71850883e-01
2190             4.35797134e+02 -1.18117385e+01 -5.15099222e+02 4.35991730e+02 -6.34026738e+00 -5.14827348e+02 -1.94596033e-01 -5.47147109e+00 -2.71874630e-01
2200             4.34902331e+02 -1.15940713e+01 -5.14412614e+02 4.35096904e+02 -6.12165946e+00 -5.14140493e+02 -1.94572632e-01 -5.47241179e+00 -2.72121359e-01
2210             4.35132900e+02 -1.18271373e+01 -5.14234914e+02 4.35327478e+02 -6.35396758e+00 -5.13962637e+02 -1.94578297e-01 -5.47316972e+00 -2.72277240e-01
2220             4.36015103e+02 -1.16415896e+01 -5.15563153e+02 4.36209951e+02 -6.16738194e+00 -5.15291064e+02 -1.94848289e-01 -5.47420767e+00 -2.72088973e-01
2230             4.34836595e+02 -1.17288675e+01 -5.13929957e+02 4.35031310e+02 -6.25374780e+00 -5.13657445e+02 -1.94714443e-01 -5.47511965e+00 -2.72511688e-01
2240             4.37264320e+02 -1.17311937e+01 -5.16694270e+02 4.37458744e+02 -6.25549431e+00 -5.16421127e+02 -1.94424186e-01 -5.47569942e+00 -2.73142592e-01
2250             4.35157310e+02 -1.15308339e+01 -5.14554348e+02 4.35351784e+02 -6.05436452e+00 -5.14281078e+02 -1.94473292e-01 -5.47646938e+00 -2.73269631e-01
2260             4.35962902e+02 -1.16329187e+01 -5.15275132e+02 4.36157732e+02 -6.15543564e+00 -5.15002188e+02 -1.94829903e-01 -5.47748304e+00 -2.72944532e-01
2270             4.35138172e+02 -1.14191882e+01 -5.14384862e+02 4.35333303e+02 -5.94085192e+00 -5.14112158e+02 -1.95131001e-01 -5.47833624e+00 -2.72703430e-01
2280             4.37570001e+02 -1.13654105e+01 -5.17368566e+02 4.37764905e+02 -5.88631428e+00 -5.17095308e+02 -1.94904263e-01 -5.47909621e+00 -2.73257613e-01
2290             4.37477465e+02 -1.16083227e+01 -5.17249204e+02 4.37672392e+02 -6.12810891e+00 -5.16975750e+02 -1.94927071e-01 -5.48021374e+00 -2.73454238e-01
2300             4.36761888e+02 -1.14369751e+01 -5.16342007e+02 4.36956742e+02 -5.95605145e+00 -5.16068251e+02 -1.94854250e-01 -5.48092368e+00 -2.73756221e-01
2310             4.37693076e+02 -1.17440612e+01 -5.17542095e+02 4.37888445e+02 -6.26276266e+00 -5.17268994e+02 -1.95368475e-01 -5.48129858e+00 -2.73100590e-01
2320             4.35540052e+02 -1.17460333e+01 -5.14695235e+02 4.35736010e+02 -6.26447768e+00 -5.14422930e+02 -1.95958217e-01 -5.48155565e+00 -2.72305400e-01
2330             4.35721223e+02 -1.17890080e+01 -5.15039967e+02 4.35916788e+02 -6.30711722e+00 -5.14766950e+02 -1.95564441e-01 -5.48189078e+00 -2.73016801e-01
2340             4.36010301e+02 -1.16542923e+01 -5.15275722e+02 4.36205880e+02 -6.17216001e+00 -5.15002672e+02 -1.95579117e-01 -5.48213233e+00 -2.73050209e-01
2350             4.35449224e+02 -1.19170381e+01 -5.14428607e+02 4.35645280e+02 -6.43513334e+00 -5.14156303e+02 -1.96056110e-01 -5.48190473e+00 -2.72304548e-01
2360             4.35981392e+02 -1.19174528e+01 -5.15409969e+02 4.36177392e+02 -6.43570948e+00 -5.15137566e+02 -1.96000066e-01 -5.48174330e+00 -2.72402780e-01
2370             4.35586241e+02 -1.22215725e+01 -5.14667401e+02 4.35782150e+02 -6.74052811e+00 -5.14394945e+02 -1.95909418e-01 -5.48104442e+00 -2.72456079e-01
2380             4.36327284e+02 -1.20112645e+01 -5.15657405e+02 4.36522992e+02 -6.53101580e+00 -5.15384766e+02 -1.95708668e-01 -5.48024867e+00 -2.72639451e-01
2390             4.36110336e+02 -1.19422391e+01 -5.15232171e+02 4.36305969e+02 -6.46261571e+00 -5.14959548e+02 -1.95633311e-01 -5.47962336e+00 -2.72623319e-01
2400             4.35618216e+02 -1.18919321e+01 -5.14851533e+02 4.35813840e+02 -6.41258833e+00 -5.14578985e+02 -1.95623465e-01 -5.47934379e+00 -2.72548745e-01
2410             4.36363882e+02 -1.18660303e+01 -5.15677316e+02 4.36559389e+02 -6.38674744e+00 -5.15404640e+02 -1.95506410e-01 -5.47928286e+00 -2.72676519e-01
2420             4.35135866e+02 -1.18977518e+01 -5.14101759e+02 4.35331276e+02 -6.41895651e+00 -5.13829059e+02 -1.95410069e-01 -5.47879526e+00 -2.72699946e-01
2430             4.36482046e+02 -1.18783277e+01 -5.15718072e+02 4.36677635e+02 -6.40002487e+00 -5.15445751e+02 -1.95588927e-01 -5.47830279e+00 -2.72320122e-01
2440             4.35439335e+02 -1.18635733e+01 -5.14661866e+02 4.35634802e+02 -6.38564317e+00 -5.14389441e+02 -1.95467465e-01 -5.47793011e+00 -2.72424717e-01
2450             4.36695976e+02 -1.18126426e+01 -5.16063539e+02 4.36891460e+02 -6.33529631e+00 -5.15791253e+02 -1.95484580e-01 -5.47734627e+00 -2.72285365e-01
2460             4.36114246e+02 -1.20025176e+01 -5.15578200e+02 4.36309628e+02 -6.52551072e+00 -5.15305834e+02 -1.95382734e-01 -5.47700686e+00 -2.72366497e-01
2470             4.35752927e+02 -1.20060542e+01 -5.14918271e+02 4.35947886e+02 -6.52948490e+00 -5.14645328e+02 -1.94958992e-01 -5.47656933e+00 -2.72943382e-01
2480             4.36007275e+02 -1.19530595e+01 -5.15157651e+02 4.36202517e+02 -6.47684944e+00 -5.14885228e+02 -1.95241912e-01 -5.47621007e+00 -2.72422983e-01
2490             4.35613435e+02 -1.23656987e+01 -5.14749307e+02 4.35808486e+02 -6.88994149e+00 -5.14476660e+02 -1.95050976e-01 -5.47575723e+00 -2.72647728e-01
2500             4.36293843e+02 -1.19607611e+01 -5.15620249e+02 4.36488918e+02 -6.48540751e+00 -5.15347696e+02 -1.95074957e-01 -5.47535364e+00 -2.72552793e-01
2510             4.35950299e+02 -1.18322995e+01 -5.15089784e+02 4.36145139e+02 -6.35739773e+00 -5.14816991e+02 -1.94840622e-01 -5.47490175e+00 -2.72792753e-01
2520             4.35623777e+02 -1.18766548e+01 -5.14874813e+02 4.35819185e+02 -6.40234245e+00 -5.14603031e+02 -1.95407625e-01 -5.47431232e+00 -2.71782019e-01
2530             4.35669291e+02 -1.20419255e+01 -5.14904761e+02 4.35864321e+02 -6.56779223e+00 -5.14632460e+02 -1.95029748e-01 -5.47413329e+00 -2.72300427e-01
2540             4.36154240e+02 -1.19363025e+01 -5.15146866e+02 4.36349584e+02 -6.46266532e+00 -5.14875137e+02 -1.95343959e-01 -5.47363714e+00 -2.71729029e-01
2550             4.36702375e+02 -1.19208927e+01 -5.15982156e+02 4.36897427e+02 -6.44800138e+00 -5.15710109e+02 -1.95051878e-01 -5.47289136e+00 -2.72047142e-01
2560             4.35809951e+02 -1.19018788e+01 -5.14893448e+02 4.36005253e+02 -6.42946393e+00 -5.14621895e+02 -1.95302104e-01 -5.47241486e+00 -2.71552097e-01
2570             4.37005136e+02 -1.18466043e+01 -5.16460195e+02 4.37200006e+02 -6.37459562e+00 -5.16188043e+02 -1.94870246e-01 -5.47200873e+00 -2.72152156e-01
2580             4.35655718e+02 -1.16577026e+01 -5.14683444e+02 4.35850640e+02 -6.18579028e+00 -5.14411385e+02 -1.94921322e-01 -5.47191233e+00 -2.72058518e-01
2590             4.36269315e+02 -1.19010387e+01 -5.15487644e+02 4.36464401e+02 -6.42925870e+00 -5.15215851e+02 -1.95086180e-01 -5.47178004e+00 -2.71792768e-01
2600             4.36601597e+02 -1.15667273e+01 -5.16127896e+02 4.36796422e+02 -6.09503091e+00 -5.15855687e+02 -1.94824876e-01 -5.47169641e+00 -2.72208927e-01
2610             4.36884455e+02 -1.16632248e+01 -5.16280457e+02 4.37079328e+02 -6.19133342e+00 -5.16008294e+02 -1.94873329e-01 -5.47189133e+00 -2.72162635e-01
2620             4.36582840e+02 -1.18717822e+01 -5.15793797e+02 4.36777942e+02 -6.39977441e+00 -5.15521958e+02 -1.95101928e-01 -5.47200781e+00 -2.71839099e-01
2630             4.37332276e+02 -1.14808484e+01 -5.17065943e+02 4.37527546e+02 -6.00907237e+00 -5.16794379e+02 -1.95269894e-01 -5.47177599e+00 -2.71564523e-01
2640             4.37440674e+02 -1.17026451e+01 -5.16733963e+02 4.37635744e+02 -6.23093220e+00 -5.16462075e+02 -1.95070075e-01 -5.47171287e+00 -2.71887536e-01
2650             4.36431592e+02 -1.17204429e+01 -5.15841642e+02 4.36626369e+02 -6.24843313e+00 -5.15569251e+02 -1.94776510e-01 -5.47200978e+00 -2.72391536e-01
2660             4.36715721e+02 -1.15480773e+01 -5.16190522e+02 4.36911054e+02 -6.07564293e+00 -5.15918917e+02 -1.95332695e-01 -5.47243439e+00 -2.71604518e-01
2670             4.37226228e+02 -1.19455475e+01 -5.16578747e+02 4.37421259e+02 -6.47304862e+00 -5.16306634e+02 -1.95031740e-01 -5.47249888e+00 -2.72112951e-01
2680             4.36812868e+02 -1.15904766e+01 -5.16473121e+02 4.37007816e+02 -6.11798563e+00 -5.16200865e+02 -1.94947637e-01 -5.47249101e+00 -2.72255933e-01
2690             4.37173240e+02 -1.18642217e+01 -5.16622498e+02 4.37367944e+02 -6.39178493e+00 -5.16349868e+02 -1.94704296e-01 -5.47243677e+00 -2.72630329e-01
2700             4.37063206e+02 -1.18308514e+01 -5.16455095e+02 4.37258457e+02 -6.35888118e+00 -5.16183355e+02 -1.95250426e-01 -5.47197022e+00 -2.71739137e-01
2710             4.34050597e+02 -1.18192840e+01 -5.12697621e+02 4.34246181e+02 -6.34712603e+00 -5.12426382e+02 -1.95583768e-01 -5.47215795e+00 -2.71239414e-01
2720             4.37665078e+02 -1.20066966e+01 -5.17238551e+02 4.37860921e+02 -6.53526693e+00 -5.16967815e+02 -1.95843597e-01 -5.47142966e+00 -2.70735409e-01
2730             4.36990967e+02 -1.18049384e+01 -5.16494926e+02 4.37186456e+02 -6.33441944e+00 -5.16223786e+02 -1.95489603e-01 -5.47051896e+00 -2.71139404e-01
2740             4.36500758e+02 -1.20253996e+01 -5.15692231e+02 4.36696308e+02 -6.55525398e+00 -5.15421265e+02 -1.95550537e-01 -5.47014562e+00 -2.70965575e-01
2750             4.36294950e+02 -1.16234860e+01 -5.15707334e+02 4.36490954e+02 -6.15394187e+00 -5.15437158e+02 -1.96003841e-01 -5.46954417e+00 -2.70175916e-01
2760             4.36473718e+02 -1.16429571e+01 -5.15745000e+02 4.36669312e+02 -6.17386463e+00 -5.15474242e+02 -1.95593321e-01 -5.46909242e+00 -2.70758216e-01
2770             4.37522335e+02 -1.16860722e+01 -5.17008114e+02 4.37717415e+02 -6.21725245e+00 -5.16736633e+02 -1.95079945e-01 -5.46881978e+00 -2.71481683e-01
2780             4.36103251e+02 -1.16333317e+01 -5.15442508e+02 4.36298433e+02 -6.16424334e+00 -5.15171168e+02 -1.95182184e-01 -5.46908839e+00 -2.71340565e-01
2790             4.36302646e+02 -1.13219396e+01 -5.15634007e+02 4.36497606e+02 -5.85225527e+00 -5.15362215e+02 -1.94960145e-01 -5.46968430e+00 -2.71792283e-01
2800             4.36852873e+02 -1.13239751e+01 -5.16236489e+02 4.37046562e+02 -5.85352775e+00 -5.15962598e+02 -1.93688687e-01 -5.47044739e+00 -2.73891111e-01
2810             4.37237957e+02 -1.14760638e+01 -5.16660659e+02 4.37431163e+02 -6.00549625e+00 -5.16386013e+02 -1.93206770e-01 -5.47056755e+00 -2.74645361e-01
2820             4.35930939e+02 -1.13371917e+01 -5.15083482e+02 4.36123848e+02 -5.86606680e+00 -5.14808282e+02 -1.92909843e-01 -5.47112488e+00 -2.75200004e-01
2830             4.37045351e+02 -1.16449110e+01 -5.16543837e+02 4.37238383e+02 -6.17252046e+00 -5.16268651e+02 -1.93031848e-01 -5.47239054e+00 -2.75186163e-01
2840             4.36259834e+02 -1.15379868e+01 -5.15646187e+02 4.36452605e+02 -6.06476447e+00 -5.15370458e+02 -1.92771205e-01 -5.47322229e+00 -2.75728932e-01
2850             4.37873177e+02 -1.17925586e+01 -5.17450986e+02 4.38065348e+02 -6.31844223e+00 -5.17174203e+02 -1.92171737e-01 -5.47411639e+00 -2.76783432e-01
2860             4.34804407e+02 -1.15305775e+01 -5.14011181e+02 4.34996430e+02 -6.05541253e+00 -5.13734011e+02 -1.92022546e-01 -5.47516492e+00 -2.77170830e-01
2870             4.37362328e+02 -1.17611767e+01 -5.16814461e+02 4.37554500e+02 -6.28421021e+00 -5.16537249e+02 -1.92171630e-01 -5.47696647e+00 -2.77211772e-01
2880             4.36951577e+02 -1.16630577e+01 -5.16574947e+02 4.37143593e+02 -6.18468057e+00 -5.16297257e+02 -1.92016154e-01 -5.47837712e+00 -2.77689706e-01
2890             4.35409712e+02 -1.18894601e+01 -5.14390000e+02 4.35602088e+02 -6.41015488e+00 -5.14112712e+02 -1.92375953e-01 -5.47930519e+00 -2.77287896e-01
2900             4.36085903e+02 -1.19729439e+01 -5.15218529e+02 4.36277907e+02 -6.49272808e+00 -5.14940464e+02 -1.92004266e-01 -5.48021578e+00 -2.78065275e-01
2910             4.35748725e+02 -1.17154572e+01 -5.15123747e+02 4.35940053e+02 -6.23376471e+00 -5.14844392e+02 -1.91328348e-01 -5.48169253e+00 -2.79355357e-01
2920             4.37506836e+02 -1.18276164e+01 -5.16879385e+02 4.37698411e+02 -6.34476051e+00 -5.16600224e+02 -1.91574864e-01 -5.48285587e+00 -2.79161123e-01
2930             4.35204807e+02 -1.19991556e+01 -5.14092666e+02 4.35396741e+02 -6.51511179e+00 -5.13813846e+02 -1.91933818e-01 -5.48404385e+00 -2.78819921e-01
2940             4.36976934e+02 -1.19283143e+01 -5.16509699e+02 4.37169146e+02 -6.44305966e+00 -5.16231070e+02 -1.92212184e-01 -5.48525465e+00 -2.78628406e-01
2950             4.36047190e+02 -1.18084506e+01 -5.15225796e+02 4.36240146e+02 -6.32216538e+00 -5.14948117e+02 -1.92956210e-01 -5.48628526e+00 -2.77679339e-01
2960             4.36636077e+02 -1.18334606e+01 -5.15881708e+02 4.36829569e+02 -6.34573615e+00 -5.15604587e+02 -1.93491939e-01 -5.48772440e+00 -2.77120181e-01
2970             4.36016038e+02 -1.16891965e+01 -5.15323250e+02 4.36210293e+02 -6.20032595e+00 -5.15047060e+02 -1.94254997e-01 -5.48887052e+00 -2.76189981e-01
2980             4.36512324e+02 -1.18776004e+01 -5.15492372e+02 4.36707160e+02 -6.38682095e+00 -5.15216736e+02 -1.94835667e-01 -5.49077944e+00 -2.75636236e-01
2990             4.36556124e+02 -1.16021590e+01 -5.15885783e+02 4.36751220e+02 -6.11004639e+00 -5.15610240e+02 -1.95096474e-01 -5.49211258e+00 -2.75542377e-01
3000             4.35367495e+02 -1.18083336e+01 -5.14467953e+02 4.35562788e+02 -6.31484362e+00 -5.14192406e+02 -1.95293413e-01 -5.49348999e+00 -2.75547171e-01
3010             4.37491757e+02 -1.17614637e+01 -5.16879454e+02 4.37687751e+02 -6.26754115e+00 -5.16604809e+02 -1.95993813e-01 -5.49392254e+00 -2.74645136e-01
3020             4.35628921e+02 -1.16994054e+01 -5.14836945e+02 4.35825080e+02 -6.20485460e+00 -5.14562330e+02 -1.96158451e-01 -5.49455078e+00 -2.74614944e-01
3030             4.37670508e+02 -1.23599121e+01 -5.17102905e+02 4.37866989e+02 -6.86525262e+00 -5.16828666e+02 -1.96480640e-01 -5.49465952e+00 -2.74239183e-01
3040             4.36230376e+02 -1.18821589e+01 -5.15739302e+02 4.36427193e+02 -6.38741422e+00 -5.15465489e+02 -1.96816360e-01 -5.49474469e+00 -2.73812547e-01
3050             4.35053899e+02 -1.20738176e+01 -5.13807083e+02 4.35250772e+02 -6.57881493e+00 -5.13533268e+02 -1.96872977e-01 -5.49500268e+00 -2.73815008e-01
3060             4.36855076e+02 -1.22652171e+01 -5.16223282e+02 4.37051879e+02 -6.77031247e+00 -5.15949376e+02 -1.96802802e-01 -5.49490464e+00 -2.73906060e-01
3070             4.36176368e+02 -1.20195361e+01 -5.15298487e+02 4.36373404e+02 -6.52569733e+00 -5.15025121e+02 -1.97036464e-01 -5.49383881e+00 -2.73365102e-01
3080             4.37448088e+02 -1.19369722e+01 -5.16965163e+02 4.37645229e+02 -6.44504692e+00 -5.16692276e+02 -1.97141160e-01 -5.49192529e+00 -2.72887049e-01
3090             4.37104333e+02 -1.19912430e+01 -5.16501683e+02 4.37301517e+02 -6.50168150e+00 -5.16229247e+02 -1.97184413e-01 -5.48956149e+00 -2.72436203e-01
3100             4.35055527e+02 -1.21669086e+01 -5.13756539e+02 4.35252533e+02 -6.67917337e+00 -5.13484179e+02 -1.97005554e-01 -5.48773528e+00 -2.72359663e-01
3110             4.36565656e+02 -1.21526319e+01 -5.15973883e+02 4.36762175e+02 -6.66638600e+00 -5.15701081e+02 -1.96518987e-01 -5.48624588e+00 -2.72801936e-01
3120             4.35714479e+02 -1.22418112e+01 -5.14636854e+02 4.35910564e+02 -6.75692502e+00 -5.14363680e+02 -1.96084356e-01 -5.48488617e+00 -2.73173857e-01
3130             4.35637250e+02 -1.22445191e+01 -5.14542395e+02 4.35833296e+02 -6.76118310e+00 -5.14269504e+02 -1.96045444e-01 -5.48333604e+00 -2.72890338e-01
3140             4.37722341e+02 -1.20891743e+01 -5.17154556e+02 4.37918349e+02 -6.60773779e+00 -5.16882019e+02 -1.96007638e-01 -5.48143654e+00 -2.72536866e-01
3150             4.36880541e+02 -1.17670366e+01 -5.16389618e+02 4.37076262e+02 -6.28743141e+00 -5.16117024e+02 -1.95720511e-01 -5.47960515e+00 -2.72594103e-01
3160             4.35808709e+02 -1.14733646e+01 -5.14919053e+02 4.36004081e+02 -5.99528794e+00 -5.14646247e+02 -1.95372315e-01 -5.47807668e+00 -2.72806407e-01
3170             4.36732768e+02 -1.17448842e+01 -5.15757463e+02 4.36928055e+02 -6.26833048e+00 -5.15484831e+02 -1.95287256e-01 -5.47655374e+00 -2.72632258e-01
3180             4.37529008e+02 -1.16669422e+01 -5.17216814e+02 4.37724220e+02 -6.19174875e+00 -5.16944353e+02 -1.95212063e-01 -5.47519348e+00 -2.72461142e-01
3190             4.37319421e+02 -1.15620814e+01 -5.16833134e+02 4.37514509e+02 -6.08781489e+00 -5.16560698e+02 -1.95088128e-01 -5.47426650e+00 -2.72436441e-01
3200             4.37413091e+02 -1.17791243e+01 -5.16601836e+02 4.37607862e+02 -6.30538893e+00 -5.16329053e+02 -1.94771714e-01 -5.47373536e+00 -2.72783279e-01
3210             4.36504886e+02 -1.16392108e+01 -5.16134714e+02 4.36699772e+02 -6.16605515e+00 -5.15862223e+02 -1.94886011e-01 -5.47315567e+00 -2.72490444e-01
3220             4.37301193e+02 -1.17254198e+01 -5.16694475e+02 4.37495901e+02 -6.25265100e+00 -5.16421775e+02 -1.94708296e-01 -5.47276876e+00 -2.72700210e-01
3230             4.37228390e+02 -1.16621955e+01 -5.16853114e+02 4.37422776e+02 -6.19023322e+00 -5.16579999e+02 -1.94385775e-01 -5.47196226e+00 -2.73115537e-01
3240             4.36345220e+02 -1.18563652e+01 -5.15557223e+02 4.36539509e+02 -6.38427505e+00 -5.15283939e+02 -1.94289514e-01 -5.47209016e+00 -2.73283259e-01
3250             4.37304698e+02 -1.15045531e+01 -5.17004114e+02 4.37499313e+02 -6.03243441e+00 -5.16731317e+02 -1.94615222e-01 -5.47211871e+00 -2.72796535e-01
3260             4.37443060e+02 -1.16216642e+01 -5.16764074e+02 4.37637584e+02 -6.14938074e+00 -5.16491092e+02 -1.94523704e-01 -5.47228345e+00 -2.72981112e-01
3270             4.37098788e+02 -1.15904916e+01 -5.16595801e+02 4.37292949e+02 -6.11810306e+00 -5.16322218e+02 -1.94161227e-01 -5.47238859e+00 -2.73582610e-01
3280             4.36408449e+02 -1.15668294e+01 -5.15658444e+02 4.36602586e+02 -6.09397510e+00 -5.15384735e+02 -1.94136674e-01 -5.47285432e+00 -2.73708384e-01
3290             4.37268195e+02 -1.15237300e+01 -5.16600770e+02 4.37462550e+02 -6.05044073e+00 -5.16327313e+02 -1.94355684e-01 -5.47328931e+00 -2.73457228e-01
3300             4.37136358e+02 -1.19987827e+01 -5.16620469e+02 4.37330553e+02 -6.52538154e+00 -5.16346698e+02 -1.94195063e-01 -5.47340120e+00 -2.73771350e-01
3310             4.35718794e+02 -1.13740631e+01 -5.14900027e+02 4.35913373e+02 -5.90045948e+00 -5.14626822e+02 -1.94579326e-01 -5.47360365e+00 -2.73205374e-01
3320             4.37865617e+02 -1.17802212e+01 -5.17339928e+02 4.38060362e+02 -6.30633545e+00 -5.17066945e+02 -1.94744871e-01 -5.47388577e+00 -2.72982719e-01
3330             4.36688062e+02 -1.16835393e+01 -5.16080191e+02 4.36882969e+02 -6.20986824e+00 -5.15807469e+02 -1.94907349e-01 -5.47367109e+00 -2.72721759e-01
3340             4.36861045e+02 -1.15775123e+01 -5.16202434e+02 4.37056055e+02 -6.10397985e+00 -5.15929843e+02 -1.95010835e-01 -5.47353244e+00 -2.72590484e-01
3350             4.38903060e+02 -1.16439663e+01 -5.18816074e+02 4.39097932e+02 -6.17027984e+00 -5.18543198e+02 -1.94872214e-01 -5.47368647e+00 -2.72876602e-01
3360             4.35759540e+02 -1.17132158e+01 -5.14898993e+02 4.35954196e+02 -6.23955325e+00 -5.14625762e+02 -1.94656609e-01 -5.47366257e+00 -2.73231261e-01
3370             4.36944878e+02 -1.14742605e+01 -5.16433832e+02 4.37140089e+02 -6.00057794e+00 -5.16161440e+02 -1.95211395e-01 -5.47368251e+00 -2.72392058e-01
3380             4.36589643e+02 -1.18797136e+01 -5.15734549e+02 4.36785267e+02 -6.40596994e+00 -5.15462759e+02 -1.95623941e-01 -5.47374365e+00 -2.71790526e-01
3390             4.35581538e+02 -1.14407491e+01 -5.14834750e+02 4.35777158e+02 -5.96714738e+00 -5.14562934e+02 -1.95620273e-01 -5.47360171e+00 -2.71816652e-01
3400             4.36942649e+02 -1.22517621e+01 -5.16094997e+02 4.37138448e+02 -6.77848831e+00 -5.15823467e+02 -1.95799275e-01 -5.47327375e+00 -2.71529658e-01
3410             4.35955051e+02 -1.19246647e+01 -5.15140365e+02 4.36150916e+02 -6.45169281e+00 -5.14868944e+02 -1.95864276e-01 -5.47297193e+00 -2.71421449e-01
3420             4.37691643e+02 -1.18742644e+01 -5.17144381e+02 4.37888166e+02 -6.40149350e+00 -5.16873980e+02 -1.96523244e-01 -5.47277093e+00 -2.70400888e-01
3430             4.36093682e+02 -1.18580048e+01 -5.15421741e+02 4.36289993e+02 -6.38537669e+00 -5.15150993e+02 -1.96311032e-01 -5.47262809e+00 -2.70748651e-01
3440             4.35677505e+02 -1.17320835e+01 -5.14972129e+02 4.35873916e+02 -6.26004201e+00 -5.14701595e+02 -1.96410938e-01 -5.47204154e+00 -2.70534171e-01
3450             4.36598653e+02 -1.17374861e+01 -5.15859477e+02 4.36795478e+02 -6.26592143e+00 -5.15589661e+02 -1.96824727e-01 -5.47156462e+00 -2.69815672e-01
3460             4.36296480e+02 -1.18813906e+01 -5.15408345e+02 4.36494107e+02 -6.41055210e+00 -5.15139894e+02 -1.97627720e-01 -5.47083850e+00 -2.68450984e-01
3470             4.35848188e+02 -1.20957116e+01 -5.14894104e+02 4.36045316e+02 -6.62498233e+00 -5.14624909e+02 -1.97127859e-01 -5.47072923e+00 -2.69195220e-01
3480             4.36749554e+02 -1.21138718e+01 -5.16315404e+02 4.36946465e+02 -6.64317928e+00 -5.16045912e+02 -1.96910944e-01 -5.47069254e+00 -2.69491639e-01
3490             4.35348776e+02 -1.18244167e+01 -5.14323271e+02 4.35545461e+02 -6.35368733e+00 -5.14053493e+02 -1.96685992e-01 -5.47072936e+00 -2.69777619e-01
3500             4.37206291e+02 -1.17561659e+01 -5.16599984e+02 4.37402887e+02 -6.28574788e+00 -5.16330199e+02 -1.96595538e-01 -5.47041800e+00 -2.69784752e-01
3510             4.36687830e+02 -1.18486626e+01 -5.15989542e+02 4.36884525e+02 -6.37846045e+00 -5.15720019e+02 -1.96694796e-01 -5.47020214e+00 -2.69522482e-01
3520             4.36694338e+02 -1.16868501e+01 -5.16176912e+02 4.36890754e+02 -6.21729789e+00 -5.15907115e+02 -1.96416546e-01 -5.46955218e+00 -2.69797371e-01
3530             4.35924208e+02 -1.16553192e+01 -5.15081752e+02 4.36120430e+02 -6.18592065e+00 -5.14811755e+02 -1.96221799e-01 -5.46939854e+00 -2.69996813e-01
3540             4.37145563e+02 -1.17005162e+01 -5.16679102e+02 4.37342202e+02 -6.23205661e+00 -5.16409966e+02 -1.96638164e-01 -5.46845957e+00 -2.69136261e-01
3550             4.37267530e+02 -1.18820805e+01 -5.16690794e+02 4.37463750e+02 -6.41478296e+00 -5.16421253e+02 -1.96220803e-01 -5.46729751e+00 -2.69540531e-01
3560             4.36572016e+02 -1.15803590e+01 -5.15966247e+02 4.36767788e+02 -6.11355763e+00 -5.15696159e+02 -1.95771967e-01 -5.46680134e+00 -2.70088305e-01
3570             4.35639859e+02 -1.18409314e+01 -5.14654751e+02 4.35835314e+02 -6.37464494e+00 -5.14384308e+02 -1.95454924e-01 -5.46628644e+00 -2.70442269e-01
3580             4.36717442e+02 -1.17350384e+01 -5.16112403e+02 4.36912778e+02 -6.26932104e+00 -5.15841922e+02 -1.95336323e-01 -5.46571734e+00 -2.70480923e-01
3590             4.36286066e+02 -1.22041495e+01 -5.15331097e+02 4.36481192e+02 -6.73821324e+00 -5.15060296e+02 -1.95125982e-01 -5.46593629e+00 -2.70801073e-01
3600             4.36121324e+02 -1.18297986e+01 -5.15180649e+02 4.36316192e+02 -6.36405978e+00 -5.14909459e+02 -1.94868181e-01 -5.46573883e+00 -2.71190066e-01
3610             4.36931325e+02 -1.18904070e+01 -5.16341716e+02 4.37126333e+02 -6.42447213e+00 -5.16070718e+02 -1.95008481e-01 -5.46593491e+00 -2.70998809e-01
3620             4.36690543e+02 -1.17555962e+01 -5.16015738e+02 4.36885451e+02 -6.28931598e+00 -5.15744524e+02 -1.94908772e-01 -5.46628026e+00 -2.71213570e-01
3630             4.37229684e+02 -1.17159976e+01 -5.16660034e+02 4.37424725e+02 -6.24904424e+00 -5.16388915e+02 -1.95041753e-01 -5.46695341e+00 -2.71118705e-01
3640             4.36989622e+02 -1.16208734e+01 -5.16506217e+02 4.37184321e+02 -6.15308447e+00 -5.16234416e+02 -1.94698908e-01 -5.46778897e+00 -2.71801139e-01
3650             4.36161369e+02 -1.19886819e+01 -5.15048162e+02 4.36356031e+02 -6.51974900e+00 -5.14776091e+02 -1.94662486e-01 -5.46893293e+00 -2.72070790e-01
3660             4.36852723e+02 -1.17702959e+01 -5.16495612e+02 4.37047838e+02 -6.30047074e+00 -5.16224023e+02 -1.95114942e-01 -5.46982512e+00 -2.71589309e-01
3670             4.36815010e+02 -1.19026036e+01 -5.16012801e+02 4.37010203e+02 -6.43164150e+00 -5.15741064e+02 -1.95192586e-01 -5.47096214e+00 -2.71736661e-01
3680             4.36493151e+02 -1.17470269e+01 -5.15991462e+02 4.36688108e+02 -6.27459841e+00 -5.15719038e+02 -1.94957168e-01 -5.47242854e+00 -2.72423770e-01
3690             4.37882015e+02 -1.18220857e+01 -5.17338468e+02 4.38077092e+02 -6.34829887e+00 -5.17065927e+02 -1.95076154e-01 -5.47378678e+00 -2.72540512e-01
3700             4.36101230e+02 -1.16768381e+01 -5.15326015e+02 4.36296601e+02 -6.20158430e+00 -5.15053598e+02 -1.95371177e-01 -5.47525380e+00 -2.72416504e-01
3710             4.35866910e+02 -1.18958570e+01 -5.14975857e+02 4.36062442e+02 -6.41924254e+00 -5.14703375e+02 -1.95531796e-01 -5.47661444e+00 -2.72481724e-01
3720             4.36956705e+02 -1.19719701e+01 -5.16392489e+02 4.37152611e+02 -6.49402997e+00 -5.16120257e+02 -1.95906171e-01 -5.47794018e+00 -2.72232302e-01
3730             4.36567205e+02 -1.19957334e+01 -5.15777912e+02 4.36762789e+02 -6.51715776e+00 -5.15504967e+02 -1.95583181e-01 -5.47857565e+00 -2.72944549e-01
3740             4.36269318e+02 -1.19399028e+01 -5.15187990e+02 4.36464610e+02 -6.46056124e+00 -5.14914406e+02 -1.95292340e-01 -5.47934155e+00 -2.73583959e-01
3750             4.36934638e+02 -1.18568172e+01 -5.16375388e+02 4.37129617e+02 -6.37648407e+00 -5.16101085e+02 -1.94978874e-01 -5.48033316e+00 -2.74302198e-01
3760             4.36349584e+02 -1.21032749e+01 -5.15378123e+02 4.36544297e+02 -6.62226973e+00 -5.15103263e+02 -1.94713337e-01 -5.48100518e+00 -2.74860062e-01
3770             4.36647606e+02 -1.17603634e+01 -5.16013530e+02 4.36841845e+02 -6.27886672e+00 -5.15737825e+02 -1.94239747e-01 -5.48149672e+00 -2.75705339e-01
3780             4.36105600e+02 -1.21080301e+01 -5.14850624e+02 4.36300375e+02 -6.62627543e+00 -5.14575746e+02 -1.94775084e-01 -5.48175464e+00 -2.74878473e-01
3790             4.36822033e+02 -1.20916926e+01 -5.15932824e+02 4.37016948e+02 -6.60953626e+00 -5.15658141e+02 -1.94914687e-01 -5.48215635e+00 -2.74682637e-01
3800             4.36722459e+02 -1.20532165e+01 -5.15840003e+02 4.36917723e+02 -6.57055476e+00 -5.15565822e+02 -1.95263993e-01 -5.48266174e+00 -2.74180590e-01
3810             4.37304844e+02 -1.17925998e+01 -5.16450492e+02 4.37500162e+02 -6.30927146e+00 -5.16176345e+02 -1.95317296e-01 -5.48332832e+00 -2.74147291e-01
3820             4.37218114e+02 -1.15391438e+01 -5.16709112e+02 4.37413685e+02 -6.05558444e+00 -5.16435373e+02 -1.95570429e-01 -5.48355935e+00 -2.73738401e-01
3830             4.38095709e+02 -1.15539986e+01 -5.17724073e+02 4.38291764e+02 -6.07034066e+00 -5.17451110e+02 -1.96055205e-01 -5.48365790e+00 -2.72962973e-01
3840             4.37601501e+02 -1.17097401e+01 -5.16983054e+02 4.37797277e+02 -6.22601760e+00 -5.16709659e+02 -1.95776113e-01 -5.48372254e+00 -2.73394781e-01
3850             4.37331432e+02 -1.17600793e+01 -5.16908292e+02 4.37526889e+02 -6.27665533e+00 -5.16634457e+02 -1.95457256e-01 -5.48342398e+00 -2.73835004e-01
3860             4.37085671e+02 -1.16899285e+01 -5.16662397e+02 4.37281394e+02 -6.20669037e+00 -5.16389036e+02 -1.95723686e-01 -5.48323813e+00 -2.73361629e-01
3870             4.37504477e+02 -1.16191058e+01 -5.16939131e+02 4.37700749e+02 -6.13641591e+00 -5.16666726e+02 -1.96272215e-01 -5.48268991e+00 -2.72404748e-01
3880             4.36376733e+02 -1.16878400e+01 -5.15720342e+02 4.36572452e+02 -6.20533513e+00 -5.15447143e+02 -1.95719500e-01 -5.48250484e+00 -2.73198776e-01
3890             4.37744912e+02 -1.17739284e+01 -5.17180501e+02 4.37940920e+02 -6.29163863e+00 -5.16907814e+02 -1.96007860e-01 -5.48228980e+00 -2.72686511e-01
3900             4.34501725e+02 -1.16409050e+01 -5.13531055e+02 4.34697989e+02 -6.15874414e+00 -5.13258811e+02 -1.96263386e-01 -5.48216083e+00 -2.72243835e-01
3910             4.36513842e+02 -1.21899281e+01 -5.15413619e+02 4.36710465e+02 -6.70829264e+00 -5.15142019e+02 -1.96623659e-01 -5.48163544e+00 -2.71600399e-01
3920             4.36123825e+02 -1.17230787e+01 -5.15644756e+02 4.36319701e+02 -6.24106641e+00 -5.15371965e+02 -1.95876248e-01 -5.48201234e+00 -2.72790745e-01
3930             4.35621358e+02 -1.20944576e+01 -5.14503389e+02 4.35817296e+02 -6.61279652e+00 -5.14230772e+02 -1.95937817e-01 -5.48166108e+00 -2.72616988e-01
3940             4.36053086e+02 -1.19356565e+01 -5.15484508e+02 4.36249133e+02 -6.45369088e+00 -5.15212042e+02 -1.96047348e-01 -5.48196565e+00 -2.72465178e-01
3950             4.37082269e+02 -1.23125962e+01 -5.16206429e+02 4.37278368e+02 -6.83075209e+00 -5.15934089e+02 -1.96098898e-01 -5.48184411e+00 -2.72340217e-01
3960             4.35693878e+02 -1.18119133e+01 -5.14954223e+02 4.35889582e+02 -6.33008408e+00 -5.14681282e+02 -1.95704412e-01 -5.48182923e+00 -2.72940438e-01
3970             4.37439699e+02 -1.19452065e+01 -5.16807780e+02 4.37635687e+02 -6.46373484e+00 -5.16535351e+02 -1.95987558e-01 -5.48147162e+00 -2.72429145e-01
3980             4.36054034e+02 -1.21672055e+01 -5.15134676e+02 4.36250179e+02 -6.68608561e+00 -5.14862531e+02 -1.96144456e-01 -5.48111990e+00 -2.72144959e-01
3990             4.35940218e+02 -1.19312247e+01 -5.15003881e+02 4.36136350e+02 -6.45020383e+00 -5.14731739e+02 -1.96131837e-01 -5.48102089e+00 -2.72142388e-01
4000             4.37030710e+02 -1.18011928e+01 -5.16398711e+02 4.37226690e+02 -6.32035241e+00 -5.16126376e+02 -1.95979723e-01 -5.48084044e+00 -2.72335125e-01
