# Force and moment coefficients
# dragDir       : (1.00000000e+00 0.00000000e+00 0.00000000e+00)
# sideDir       : (0.00000000e+00 0.00000000e+00 -1.00000000e+00)
# liftDir       : (0.00000000e+00 1.00000000e+00 0.00000000e+00)
# rollAxis      : (1.00000000e+00 0.00000000e+00 0.00000000e+00)
# pitchAxis     : (0.00000000e+00 0.00000000e+00 -1.00000000e+00)
# yawAxis       : (0.00000000e+00 1.00000000e+00 0.00000000e+00)
# magUInf       : 1.00000000e+02
# lRef          : 1.00000000e+00
# Aref          : 2.50000000e-01
# CofR          : (0.00000000e+00 0.00000000e+00 0.00000000e+00)
#
# Time          	Cd              	Cd(f)           	Cd(r)           	Cl              	Cl(f)           	Cl(r)           	CmPitch         	CmRoll          	CmYaw           	Cs              	Cs(f)           	Cs(r)           
10              	-2.53633285e-01	-1.04584131e+00	7.92208023e-01	-1.47043946e+00	-1.39944333e+00	-7.09961384e-02	-6.64223594e-01	-9.19024665e-01	1.58520803e-01	3.33225139e-22	1.58520803e-01	-1.58520803e-01
20              	-3.28347489e-02	-5.20074698e-02	1.91727209e-02	-5.69441526e-02	3.01667148e-02	-8.71108674e-02	5.86387911e-02	-3.55900954e-02	2.05217180e-02	-8.89558093e-22	2.05217180e-02	-2.05217180e-02
30              	1.43806280e-02	1.02381729e-01	-8.80011013e-02	1.52306264e-01	2.15528387e-01	-6.32221223e-02	1.39375254e-01	9.51914153e-02	-8.98789249e-03	-9.34702412e-22	-8.98789249e-03	8.98789249e-03
40              	1.54104693e-02	1.01359814e-01	-8.59493451e-02	1.49847328e-01	2.05482337e-01	-5.56350098e-02	1.30558674e-01	9.36545797e-02	-9.63154329e-03	-9.13645860e-22	-9.63154329e-03	9.63154329e-03
50              	1.51827521e-02	9.91026547e-02	-8.39199026e-02	1.46418046e-01	1.98703190e-01	-5.22851439e-02	1.25494167e-01	9.15112787e-02	-9.48922004e-03	-9.07494714e-22	-9.48922004e-03	9.48922004e-03
60              	1.50974964e-02	9.39516204e-02	-7.88541240e-02	1.38244596e-01	1.84876744e-01	-4.66321483e-02	1.15754446e-01	8.64028722e-02	-9.43593528e-03	-9.13163888e-22	-9.43593528e-03	9.43593528e-03
70              	1.41278025e-02	7.99791572e-02	-6.58513547e-02	1.16664409e-01	1.53327921e-01	-3.66635112e-02	9.49957160e-02	7.29152559e-02	-8.82987656e-03	-9.02409718e-22	-8.82987656e-03	8.82987656e-03
80              	1.39937295e-02	7.71055908e-02	-6.31118612e-02	1.12173962e-01	1.42754709e-01	-3.05807473e-02	8.66677281e-02	7.01087260e-02	-8.74608096e-03	-9.03034984e-22	-8.74608096e-03	8.74608096e-03
90              	1.79406274e-02	1.18282127e-01	-1.00341499e-01	1.74898901e-01	2.14384202e-01	-3.94853007e-02	1.26934751e-01	1.09311813e-01	-1.12128921e-02	-9.77588186e-22	-1.12128921e-02	1.12128921e-02
100             	2.48122322e-02	1.83300077e-01	-1.58487845e-01	2.73430338e-01	3.32708137e-01	-5.92777992e-02	1.95992968e-01	1.70893961e-01	-1.55076451e-02	-1.04902915e-21	-1.55076451e-02	1.55076451e-02
110             	2.46582929e-02	2.36993712e-01	-2.12335419e-01	3.59463305e-01	4.40397258e-01	-8.09339528e-02	2.60665605e-01	2.24664566e-01	-1.54114331e-02	-1.01388484e-21	-1.54114331e-02	1.54114331e-02
120             	2.18674636e-02	2.67322237e-01	-2.45454773e-01	4.10221608e-01	5.06779910e-01	-9.65583016e-02	3.01669106e-01	2.56388505e-01	-1.36671647e-02	-9.36827289e-22	-1.36671647e-02	1.36671647e-02
130             	1.82967982e-02	2.92919906e-01	-2.74623107e-01	4.54034411e-01	5.63590920e-01	-1.09556510e-01	3.36573715e-01	2.83771507e-01	-1.14354988e-02	-8.62601873e-22	-1.14354988e-02	1.14354988e-02
140             	1.41405473e-02	3.08529832e-01	-2.94389284e-01	4.82335293e-01	6.01686691e-01	-1.19351398e-01	3.60519045e-01	3.01459558e-01	-8.83784208e-03	-7.42488742e-22	-8.83784208e-03	8.83784208e-03
150             	1.08777964e-02	3.23012023e-01	-3.12134227e-01	5.08117000e-01	6.33155468e-01	-1.25038469e-01	3.79096968e-01	3.17573125e-01	-6.79862276e-03	-6.37367368e-22	-6.79862276e-03	6.79862276e-03
160             	8.38795691e-03	3.30348948e-01	-3.21960991e-01	5.21847951e-01	6.51687773e-01	-1.29839822e-01	3.90763797e-01	3.26154970e-01	-5.24247307e-03	-5.62352748e-22	-5.24247307e-03	5.24247307e-03
170             	6.05830800e-03	3.38259107e-01	-3.32200799e-01	5.36367925e-01	6.69694697e-01	-1.33326773e-01	4.01510735e-01	3.35229953e-01	-3.78644250e-03	-5.00690644e-22	-3.78644250e-03	3.78644250e-03
180             	3.45096562e-03	3.42307690e-01	-3.38856725e-01	5.44931532e-01	6.82153733e-01	-1.37222200e-01	4.09687966e-01	3.40582208e-01	-2.15685351e-03	-4.66690454e-22	-2.15685351e-03	2.15685351e-03
190             	1.96916894e-03	3.45620708e-01	-3.43651540e-01	5.51417798e-01	6.91320213e-01	-1.39902414e-01	4.15611314e-01	3.44636124e-01	-1.23073058e-03	-4.40576189e-22	-1.23073058e-03	1.23073058e-03
200             	1.29289815e-03	3.50836479e-01	-3.49543581e-01	5.60304049e-01	7.03521515e-01	-1.43217466e-01	4.23369490e-01	3.50190030e-01	-8.08061343e-04	-4.30732478e-22	-8.08061343e-04	8.08061343e-04
210             	-4.07721637e-04	3.54427911e-01	-3.54835632e-01	5.67410835e-01	7.13135226e-01	-1.45724392e-01	4.29429809e-01	3.54631772e-01	2.54826023e-04	-3.96524567e-22	2.54826023e-04	-2.54826023e-04
220             	-2.19033851e-03	3.57317615e-01	-3.59507954e-01	5.73460455e-01	7.21416532e-01	-1.47956076e-01	4.34686304e-01	3.58412785e-01	1.36896157e-03	-3.76015983e-22	1.36896157e-03	-1.36896157e-03
230             	-3.21538788e-03	3.60543639e-01	-3.63759027e-01	5.79442133e-01	7.29308212e-01	-1.49866079e-01	4.39587146e-01	3.62151333e-01	2.00961742e-03	-3.74417663e-22	2.00961742e-03	-2.00961742e-03
240             	-4.26883977e-03	3.61973896e-01	-3.66242736e-01	5.82573306e-01	7.33686650e-01	-1.51113343e-01	4.42399996e-01	3.64108316e-01	2.66802485e-03	-3.55761793e-22	2.66802485e-03	-2.66802485e-03
250             	-4.97366145e-03	3.62894908e-01	-3.67868570e-01	5.84610782e-01	7.36270052e-01	-1.51659270e-01	4.43964661e-01	3.65381739e-01	3.10853841e-03	-3.57641999e-22	3.10853841e-03	-3.10853841e-03
260             	-6.06259630e-03	3.63599511e-01	-3.69662107e-01	5.86609295e-01	7.39237075e-01	-1.52627780e-01	4.45932428e-01	3.66630809e-01	3.78912269e-03	-3.43981853e-22	3.78912269e-03	-3.78912269e-03
270             	-7.00418319e-03	3.64075462e-01	-3.71079645e-01	5.88124086e-01	7.41385991e-01	-1.53261905e-01	4.47323948e-01	3.67577554e-01	4.37761449e-03	-3.18223895e-22	4.37761449e-03	-4.37761449e-03
280             	-7.19912586e-03	3.65459153e-01	-3.72658279e-01	5.90493946e-01	7.44729306e-01	-1.54235361e-01	4.49482334e-01	3.69058716e-01	4.49945366e-03	-3.47872831e-22	4.49945366e-03	-4.49945366e-03
290             	-7.67877657e-03	3.66372627e-01	-3.74051404e-01	5.92339225e-01	7.47107000e-01	-1.54767775e-01	4.50937387e-01	3.70212015e-01	4.79923536e-03	-3.31821153e-22	4.79923536e-03	-4.79923536e-03
300             	-7.91141930e-03	3.66822233e-01	-3.74733653e-01	5.93244709e-01	7.47838287e-01	-1.54593578e-01	4.51215932e-01	3.70777943e-01	4.94463706e-03	-3.24409992e-22	4.94463706e-03	-4.94463706e-03
310             	-8.60448161e-03	3.68307686e-01	-3.76912168e-01	5.96175883e-01	7.51476837e-01	-1.55300954e-01	4.53388896e-01	3.72609927e-01	5.37780101e-03	-3.09735313e-22	5.37780101e-03	-5.37780101e-03
320             	-8.51748333e-03	3.70336458e-01	-3.78853941e-01	5.99352319e-01	7.55402328e-01	-1.56050009e-01	4.55726168e-01	3.74595199e-01	5.32342708e-03	-3.23109472e-22	5.32342708e-03	-5.32342708e-03
330             	-8.77420749e-03	3.71331827e-01	-3.80106035e-01	6.01150290e-01	7.57686954e-01	-1.56536664e-01	4.57111809e-01	3.75718931e-01	5.48387968e-03	-3.32966444e-22	5.48387968e-03	-5.48387968e-03
340             	-9.17024325e-03	3.72078775e-01	-3.81249018e-01	6.02662235e-01	7.59535052e-01	-1.56872818e-01	4.58203935e-01	3.76663897e-01	5.73140203e-03	-3.13324191e-22	5.73140203e-03	-5.73140203e-03
350             	-8.92256508e-03	3.73527493e-01	-3.82450058e-01	6.04782041e-01	7.62106511e-01	-1.57324470e-01	4.59715491e-01	3.77988776e-01	5.57660317e-03	-3.15286208e-22	5.57660317e-03	-5.57660317e-03
360             	-9.44449448e-03	3.74622592e-01	-3.84067087e-01	6.06951743e-01	7.64935504e-01	-1.57983761e-01	4.61459632e-01	3.79344839e-01	5.90280905e-03	-2.89051352e-22	5.90280905e-03	-5.90280905e-03
370             	-9.91503378e-03	3.75239298e-01	-3.85154332e-01	6.08314904e-01	7.67127756e-01	-1.58812852e-01	4.62970304e-01	3.80196815e-01	6.19689611e-03	-3.01777937e-22	6.19689611e-03	-6.19689611e-03
380             	-1.01186096e-02	3.76562036e-01	-3.86680646e-01	6.10594146e-01	7.70355507e-01	-1.59761361e-01	4.65058434e-01	3.81621341e-01	6.32413098e-03	-2.86186730e-22	6.32413098e-03	-6.32413098e-03
390             	-1.06040394e-02	3.76050746e-01	-3.86654785e-01	6.10164425e-01	7.70294521e-01	-1.60130096e-01	4.65212309e-01	3.81352766e-01	6.62752463e-03	-2.63321074e-22	6.62752463e-03	-6.62752463e-03
400             	-1.10977241e-02	3.77034010e-01	-3.88131734e-01	6.12132595e-01	7.73432898e-01	-1.61300304e-01	4.67366601e-01	3.82582872e-01	6.93607758e-03	-2.81147982e-22	6.93607758e-03	-6.93607758e-03
410             	-1.18210412e-02	3.77961012e-01	-3.89782053e-01	6.14194452e-01	7.76576590e-01	-1.62382137e-01	4.69479363e-01	3.83871533e-01	7.38815076e-03	-2.46500713e-22	7.38815076e-03	-7.38815076e-03
420             	-1.19791678e-02	3.77949037e-01	-3.89928205e-01	6.14301793e-01	7.77316434e-01	-1.63014641e-01	4.70165537e-01	3.83938621e-01	7.48697985e-03	-2.68710088e-22	7.48697985e-03	-7.48697985e-03
430             	-1.21301969e-02	3.76811955e-01	-3.88942152e-01	6.12603285e-01	7.75617269e-01	-1.63013984e-01	4.69315626e-01	3.82877053e-01	7.58137308e-03	-2.53574131e-22	7.58137308e-03	-7.58137308e-03
440             	-1.29078657e-02	3.78151208e-01	-3.91059074e-01	6.15368226e-01	7.79436209e-01	-1.64067983e-01	4.71752096e-01	3.84605141e-01	8.06741605e-03	-2.20786895e-22	8.06741605e-03	-8.06741605e-03
450             	-1.31554353e-02	3.78672238e-01	-3.91827674e-01	6.16399930e-01	7.80880544e-01	-1.64480614e-01	4.72680579e-01	3.85249956e-01	8.22214706e-03	-2.34259663e-22	8.22214706e-03	-8.22214706e-03
460             	-1.33918071e-02	3.78388943e-01	-3.91780750e-01	6.16135754e-01	7.80798869e-01	-1.64663114e-01	4.72730992e-01	3.85084846e-01	8.36987942e-03	-2.60876325e-22	8.36987942e-03	-8.36987942e-03
470             	-1.34448347e-02	3.78857498e-01	-3.92302333e-01	6.16927865e-01	7.81451779e-01	-1.64523914e-01	4.72987846e-01	3.85579916e-01	8.40302170e-03	-2.71662719e-22	8.40302170e-03	-8.40302170e-03
480             	-1.39682599e-02	3.79755800e-01	-3.93724059e-01	6.18783887e-01	7.84286815e-01	-1.65502928e-01	4.74894872e-01	3.86739929e-01	8.73016243e-03	-2.37660177e-22	8.73016243e-03	-8.73016243e-03
490             	-1.40225129e-02	3.77471520e-01	-3.91494033e-01	6.15172443e-01	7.80388693e-01	-1.65216250e-01	4.72802471e-01	3.84482777e-01	8.76407058e-03	-2.74746090e-22	8.76407058e-03	-8.76407058e-03
500             	-1.41778510e-02	3.76876178e-01	-3.91054029e-01	6.14344166e-01	7.79780586e-01	-1.65436420e-01	4.72608503e-01	3.83965104e-01	8.86115685e-03	-2.77483444e-22	8.86115685e-03	-8.86115685e-03
510             	-1.45260842e-02	3.77036921e-01	-3.91563005e-01	6.14879941e-01	7.81148968e-01	-1.66269027e-01	4.73708997e-01	3.84299963e-01	9.07880266e-03	-2.70600888e-22	9.07880266e-03	-9.07880266e-03
520             	-1.44293937e-02	3.73963551e-01	-3.88392945e-01	6.09885196e-01	7.75684739e-01	-1.65799543e-01	4.70742141e-01	3.81178248e-01	9.01837109e-03	-2.92646500e-22	9.01837109e-03	-9.01837109e-03
530             	-1.46106195e-02	3.73911856e-01	-3.88522475e-01	6.09947465e-01	7.76139474e-01	-1.66192009e-01	4.71165741e-01	3.81217166e-01	9.13163722e-03	-2.93963574e-22	9.13163722e-03	-9.13163722e-03
540             	-1.46494155e-02	3.71963638e-01	-3.86613054e-01	6.06861354e-01	7.72351193e-01	-1.65489839e-01	4.68920516e-01	3.79288346e-01	9.15588472e-03	-2.93169063e-22	9.15588472e-03	-9.15588472e-03
550             	-1.45352792e-02	3.72438179e-01	-3.86973458e-01	6.07529309e-01	7.73012442e-01	-1.65483133e-01	4.69247788e-01	3.79705818e-01	9.08454952e-03	-2.89494950e-22	9.08454952e-03	-9.08454952e-03
560             	-1.45433644e-02	3.72138025e-01	-3.86681389e-01	6.07055531e-01	7.72020195e-01	-1.64964663e-01	4.68492429e-01	3.79409707e-01	9.08960272e-03	-2.75585014e-22	9.08960272e-03	-9.08960272e-03
570             	-1.45279613e-02	3.73054773e-01	-3.87582734e-01	6.08510006e-01	7.73483252e-01	-1.64973246e-01	4.69228249e-01	3.80318754e-01	9.07997581e-03	-2.78211663e-22	9.07997581e-03	-9.07997581e-03
580             	-1.42378881e-02	3.71179283e-01	-3.85417171e-01	6.05277163e-01	7.69282691e-01	-1.64005528e-01	4.66644109e-01	3.78298227e-01	8.89868005e-03	-2.74661822e-22	8.89868005e-03	-8.89868005e-03
590             	-1.41161973e-02	3.70746002e-01	-3.84862199e-01	6.04486561e-01	7.67850676e-01	-1.63364116e-01	4.65607396e-01	3.77804100e-01	8.82262333e-03	-2.53274830e-22	8.82262333e-03	-8.82262333e-03
600             	-1.39341446e-02	3.71501260e-01	-3.85435405e-01	6.05549332e-01	7.68553487e-01	-1.63004155e-01	4.65778821e-01	3.78468333e-01	8.70884037e-03	-2.52819656e-22	8.70884037e-03	-8.70884037e-03
610             	-1.36023114e-02	3.69860748e-01	-3.83463059e-01	6.02659045e-01	7.64862805e-01	-1.62203759e-01	4.63533282e-01	3.76661903e-01	8.50144462e-03	-2.25405359e-22	8.50144462e-03	-8.50144462e-03
620             	-1.37243089e-02	3.68335524e-01	-3.82059833e-01	6.00316285e-01	7.62755892e-01	-1.62439607e-01	4.62597749e-01	3.75197678e-01	8.57769307e-03	-2.06516070e-22	8.57769307e-03	-8.57769307e-03
630             	-1.38728120e-02	3.58623665e-01	-3.72496477e-01	5.84896113e-01	7.49366450e-01	-1.64470336e-01	4.56918393e-01	3.65560071e-01	8.67050748e-03	-2.53853693e-22	8.67050748e-03	-8.67050748e-03
640             	-1.54509677e-02	3.43739959e-01	-3.59190927e-01	5.62344709e-01	7.31477345e-01	-1.69132636e-01	4.50304991e-01	3.51465443e-01	9.65685482e-03	-2.55231792e-22	9.65685482e-03	-9.65685482e-03
650             	-1.53130936e-02	3.43859853e-01	-3.59172947e-01	5.62426240e-01	7.31751044e-01	-1.69324805e-01	4.50537925e-01	3.51516400e-01	9.57068349e-03	-2.50723399e-22	9.57068349e-03	-9.57068349e-03
660             	-1.53339169e-02	3.44465328e-01	-3.59799245e-01	5.63411658e-01	7.31426008e-01	-1.68014350e-01	4.49720179e-01	3.52132286e-01	9.58369806e-03	-2.55164262e-22	9.58369806e-03	-9.58369806e-03
670             	-1.52066018e-02	3.44794124e-01	-3.60000726e-01	5.63835879e-01	7.31367887e-01	-1.67532008e-01	4.49449947e-01	3.52397425e-01	9.50412613e-03	-2.54647181e-22	9.50412613e-03	-9.50412613e-03
680             	-1.56005912e-02	3.46292246e-01	-3.61892837e-01	5.66548067e-01	7.34916953e-01	-1.68368887e-01	4.51642920e-01	3.54092542e-01	9.75036947e-03	-2.34536030e-22	9.75036947e-03	-9.75036947e-03
690             	-1.48008333e-02	3.44928527e-01	-3.59729360e-01	5.63726310e-01	7.31163408e-01	-1.67437098e-01	4.49300253e-01	3.52328944e-01	9.25052083e-03	-2.68941107e-22	9.25052083e-03	-9.25052083e-03
700             	-1.55716150e-02	3.45480941e-01	-3.61052556e-01	5.65226798e-01	7.32945229e-01	-1.67718431e-01	4.50331830e-01	3.53266749e-01	9.73225940e-03	-2.36604842e-22	9.73225940e-03	-9.73225940e-03
710             	-1.51360691e-02	3.45981037e-01	-3.61117106e-01	5.65678515e-01	7.33508267e-01	-1.67829751e-01	4.50669009e-01	3.53549072e-01	9.46004322e-03	-2.73058364e-22	9.46004322e-03	-9.46004322e-03
720             	-1.48949706e-02	3.45341104e-01	-3.60236074e-01	5.64461743e-01	7.31920903e-01	-1.67459160e-01	4.49690032e-01	3.52788589e-01	9.30935661e-03	-2.60549189e-22	9.30935661e-03	-9.30935661e-03
730             	-1.48373659e-02	3.45703623e-01	-3.60540989e-01	5.64995690e-01	7.32388731e-01	-1.67393041e-01	4.49890886e-01	3.53122306e-01	9.27335370e-03	-2.62377461e-22	9.27335370e-03	-9.27335370e-03
740             	-1.45105192e-02	3.45157814e-01	-3.59668333e-01	5.63860917e-01	7.30981649e-01	-1.67120732e-01	4.49051191e-01	3.52413073e-01	9.06907448e-03	-2.78665214e-22	9.06907448e-03	-9.06907448e-03
750             	-1.48786411e-02	3.45674639e-01	-3.60553280e-01	5.64982335e-01	7.32355126e-01	-1.67372791e-01	4.49863958e-01	3.53113960e-01	9.29915069e-03	-2.59249865e-22	9.29915069e-03	-9.29915069e-03
760             	-1.46715426e-02	3.45253954e-01	-3.59925497e-01	5.64143561e-01	7.31263554e-01	-1.67119993e-01	4.49191773e-01	3.52589726e-01	9.16971414e-03	-2.83200653e-22	9.16971414e-03	-9.16971414e-03
770             	-1.44643766e-02	3.46484009e-01	-3.60948386e-01	5.65945916e-01	7.33240239e-01	-1.67294323e-01	4.50267281e-01	3.53716197e-01	9.04023537e-03	-2.69462179e-22	9.04023537e-03	-9.04023537e-03
780             	-1.44185989e-02	3.45903139e-01	-3.60321738e-01	5.64979901e-01	7.31787164e-01	-1.66807263e-01	4.49297214e-01	3.53112438e-01	9.01162434e-03	-2.77732325e-22	9.01162434e-03	-9.01162434e-03
790             	-1.44896793e-02	3.47827279e-01	-3.62316958e-01	5.68115390e-01	7.35581996e-01	-1.67466606e-01	4.51524301e-01	3.55072119e-01	9.05604959e-03	-2.76274757e-22	9.05604959e-03	-9.05604959e-03
800             	-1.48125041e-02	3.48875987e-01	-3.63688491e-01	5.70051582e-01	7.37880670e-01	-1.67829088e-01	4.52854879e-01	3.56282239e-01	9.25781506e-03	-2.71340692e-22	9.25781506e-03	-9.25781506e-03
810             	-1.43858017e-02	3.49874491e-01	-3.64260293e-01	5.71307827e-01	7.38761562e-01	-1.67453735e-01	4.53107649e-01	3.57067392e-01	8.99112609e-03	-2.73533850e-22	8.99112609e-03	-8.99112609e-03
820             	-1.48012844e-02	3.51212577e-01	-3.66013862e-01	5.73781151e-01	7.42024541e-01	-1.68243389e-01	4.55133965e-01	3.58613220e-01	9.25080277e-03	-2.71475643e-22	9.25080277e-03	-9.25080277e-03
830             	-1.45817414e-02	3.52488667e-01	-3.67070409e-01	5.75647261e-01	7.43679891e-01	-1.68032630e-01	4.55856260e-01	3.59779538e-01	9.11358835e-03	-2.82763349e-22	9.11358835e-03	-9.11358835e-03
840             	-1.45494126e-02	3.53264062e-01	-3.67813475e-01	5.76862029e-01	7.44891975e-01	-1.68029945e-01	4.56460960e-01	3.60538768e-01	9.09338290e-03	-2.93555870e-22	9.09338290e-03	-9.09338290e-03
850             	-1.41589930e-02	3.54131117e-01	-3.68290110e-01	5.77936982e-01	7.45529675e-01	-1.67592693e-01	4.56561184e-01	3.61210614e-01	8.84937061e-03	-2.89174551e-22	8.84937061e-03	-8.84937061e-03
860             	-1.45965726e-02	3.55869771e-01	-3.70466343e-01	5.81068891e-01	7.48983273e-01	-1.67914382e-01	4.58448828e-01	3.63168057e-01	9.12285785e-03	-2.74317252e-22	9.12285785e-03	-9.12285785e-03
870             	-1.45026779e-02	3.57577104e-01	-3.72079782e-01	5.83725509e-01	7.51757992e-01	-1.68032483e-01	4.59895238e-01	3.64828443e-01	9.06417367e-03	-2.70687633e-22	9.06417367e-03	-9.06417367e-03
880             	-1.43599151e-02	3.58956294e-01	-3.73316209e-01	5.85818003e-01	7.53538512e-01	-1.67720510e-01	4.60629511e-01	3.66136252e-01	8.97494695e-03	-2.77259165e-22	8.97494695e-03	-8.97494695e-03
890             	-1.44374526e-02	3.61328660e-01	-3.75766113e-01	5.89675819e-01	7.57656204e-01	-1.67980385e-01	4.62818294e-01	3.68547387e-01	9.02340786e-03	-2.74611086e-22	9.02340786e-03	-9.02340786e-03
900             	-1.43912537e-02	3.63246609e-01	-3.77637863e-01	5.92707578e-01	7.60905300e-01	-1.68197723e-01	4.64551512e-01	3.70442236e-01	8.99453358e-03	-2.68191459e-22	8.99453358e-03	-8.99453358e-03
910             	-1.45218111e-02	3.64847147e-01	-3.79368958e-01	5.95372883e-01	7.63503282e-01	-1.68130399e-01	4.65816841e-01	3.72108052e-01	9.07613192e-03	-2.79547798e-22	9.07613192e-03	-9.07613192e-03
920             	-1.44044769e-02	3.66283318e-01	-3.80687795e-01	5.97576890e-01	7.65621760e-01	-1.68044870e-01	4.66833315e-01	3.73485556e-01	9.00279809e-03	-2.56226550e-22	9.00279809e-03	-9.00279809e-03
930             	-1.44412464e-02	3.68574473e-01	-3.83015719e-01	6.01272154e-01	7.69770498e-01	-1.68498344e-01	4.69134421e-01	3.75795096e-01	9.02577898e-03	-2.56035555e-22	9.02577898e-03	-9.02577898e-03
940             	-1.43337159e-02	3.70023953e-01	-3.84357669e-01	6.03505297e-01	7.72097570e-01	-1.68592273e-01	4.70344921e-01	3.77190811e-01	8.95857246e-03	-2.63800032e-22	8.95857246e-03	-8.95857246e-03
950             	-1.46899849e-02	3.71197921e-01	-3.85887906e-01	6.05668661e-01	7.74214066e-01	-1.68545405e-01	4.71379735e-01	3.78542913e-01	9.18124057e-03	-2.34421026e-22	9.18124057e-03	-9.18124057e-03
960             	-1.46932015e-02	3.73253289e-01	-3.87946490e-01	6.08959823e-01	7.77893437e-01	-1.68933613e-01	4.73413525e-01	3.80599890e-01	9.18325093e-03	-2.71393056e-22	9.18325093e-03	-9.18325093e-03
970             	-1.47140362e-02	3.74584748e-01	-3.89298785e-01	6.11106827e-01	7.80193220e-01	-1.69086394e-01	4.74639807e-01	3.81941767e-01	9.19627265e-03	-2.65739996e-22	9.19627265e-03	-9.19627265e-03
980             	-1.48150964e-02	3.75767774e-01	-3.90582871e-01	6.13080516e-01	7.82052574e-01	-1.68972058e-01	4.75512316e-01	3.83175323e-01	9.25943523e-03	-2.44841595e-22	9.25943523e-03	-9.25943523e-03
990             	-1.48608858e-02	3.77147847e-01	-3.92008733e-01	6.15325264e-01	7.84569359e-01	-1.69244096e-01	4.76906728e-01	3.84578290e-01	9.28805361e-03	-2.55508602e-22	9.28805361e-03	-9.28805361e-03
1000            	-1.50247098e-02	3.78870916e-01	-3.93895625e-01	6.18213233e-01	7.87762050e-01	-1.69548817e-01	4.78655434e-01	3.86383271e-01	9.39044361e-03	-2.40938186e-22	9.39044361e-03	-9.39044361e-03
1010            	-1.50708619e-02	3.80733318e-01	-3.95804180e-01	6.21229999e-01	7.91083373e-01	-1.69853374e-01	4.80468373e-01	3.88268749e-01	9.41928867e-03	-2.42809453e-22	9.41928867e-03	-9.41928867e-03
1020            	-1.50425217e-02	3.81221215e-01	-3.96263737e-01	6.21987962e-01	7.91656045e-01	-1.69668084e-01	4.80662064e-01	3.88742476e-01	9.40157607e-03	-2.40087761e-22	9.40157607e-03	-9.40157607e-03
1030            	-1.53561210e-02	3.83777048e-01	-3.99133169e-01	6.26328173e-01	7.96746335e-01	-1.70418161e-01	4.83582248e-01	3.91455108e-01	9.59757561e-03	-2.28452469e-22	9.59757561e-03	-9.59757561e-03
1040            	-1.51430538e-02	3.84018896e-01	-3.99161950e-01	6.26544677e-01	7.96352115e-01	-1.69807437e-01	4.83079776e-01	3.91590423e-01	9.46440864e-03	-2.26299381e-22	9.46440864e-03	-9.46440864e-03
1050            	-1.56655765e-02	3.85667994e-01	-4.01333571e-01	6.29601252e-01	8.00044572e-01	-1.70443320e-01	4.85243946e-01	3.93500783e-01	9.79098533e-03	-2.33760788e-22	9.79098533e-03	-9.79098533e-03
1060            	-1.56375510e-02	3.87984009e-01	-4.03621560e-01	6.33284455e-01	8.04085030e-01	-1.70800575e-01	4.87442803e-01	3.95802784e-01	9.77346936e-03	-2.05150507e-22	9.77346936e-03	-9.77346936e-03
1070            	-1.58329887e-02	3.88317357e-01	-4.04150346e-01	6.33974163e-01	8.04848544e-01	-1.70874382e-01	4.87861463e-01	3.96233852e-01	9.89561792e-03	-2.26857081e-22	9.89561792e-03	-9.89561792e-03
1080            	-1.58239564e-02	3.90177818e-01	-4.06001774e-01	6.36943674e-01	8.07909989e-01	-1.70966316e-01	4.89438153e-01	3.98089796e-01	9.88997272e-03	-2.12641387e-22	9.88997272e-03	-9.88997272e-03
1090            	-1.58402793e-02	3.90953728e-01	-4.06794007e-01	6.38198188e-01	8.09213874e-01	-1.71015686e-01	4.90114780e-01	3.98873868e-01	9.90017454e-03	-2.06407047e-22	9.90017454e-03	-9.90017454e-03
1100            	-1.58336992e-02	3.91863914e-01	-4.07697613e-01	6.39649221e-01	8.10606202e-01	-1.70956981e-01	4.90781592e-01	3.99780763e-01	9.89606202e-03	-2.18500134e-22	9.89606202e-03	-9.89606202e-03
1110            	-1.63428101e-02	3.94507652e-01	-4.10850462e-01	6.44286491e-01	8.16141281e-01	-1.71854790e-01	4.93998035e-01	4.02679057e-01	1.02142563e-02	-1.77496929e-22	1.02142563e-02	-1.02142563e-02
1120            	-1.62318917e-02	3.94364440e-01	-4.10596332e-01	6.43968618e-01	8.15636424e-01	-1.71667806e-01	4.93652115e-01	4.02480386e-01	1.01449323e-02	-2.10569274e-22	1.01449323e-02	-1.01449323e-02
1130            	-1.65807315e-02	3.94457986e-01	-4.11038718e-01	6.44397363e-01	8.15514845e-01	-1.71117481e-01	4.93316163e-01	4.02748352e-01	1.03629572e-02	-1.72153399e-22	1.03629572e-02	-1.03629572e-02
1140            	-1.62095904e-02	3.97752924e-01	-4.13962514e-01	6.49372350e-01	8.21549198e-01	-1.72176848e-01	4.96863023e-01	4.05857719e-01	1.01309940e-02	-2.07129844e-22	1.01309940e-02	-1.01309940e-02
1150            	-1.64226686e-02	3.96660237e-01	-4.13082905e-01	6.47794514e-01	8.19567090e-01	-1.71772576e-01	4.95669833e-01	4.04871571e-01	1.02641679e-02	-1.84805909e-22	1.02641679e-02	-1.02641679e-02
1160            	-1.66055193e-02	4.00264396e-01	-4.16869915e-01	6.53707449e-01	8.26628810e-01	-1.72921361e-01	4.99775085e-01	4.08567155e-01	1.03784495e-02	-1.93407032e-22	1.03784495e-02	-1.03784495e-02
1170            	-1.67552172e-02	3.99843525e-01	-4.16598742e-01	6.53153814e-01	8.25900545e-01	-1.72746732e-01	4.99323638e-01	4.08221134e-01	1.04720108e-02	-2.12538246e-22	1.04720108e-02	-1.04720108e-02
1180            	-1.72349209e-02	4.00294852e-01	-4.17529772e-01	6.54259699e-01	8.26958247e-01	-1.72698548e-01	4.99828397e-01	4.08912312e-01	1.07718256e-02	-1.84899067e-22	1.07718256e-02	-1.07718256e-02
1190            	-1.70175425e-02	4.02811705e-01	-4.19829248e-01	6.58112762e-01	8.31548638e-01	-1.73435876e-01	5.02492257e-01	4.11320477e-01	1.06359641e-02	-1.83256000e-22	1.06359641e-02	-1.06359641e-02
1200            	-1.69907146e-02	4.01419607e-01	-4.18410322e-01	6.55863944e-01	8.28572860e-01	-1.72708916e-01	5.00640888e-01	4.09914965e-01	1.06191966e-02	-1.84693994e-22	1.06191966e-02	-1.06191966e-02
1210            	-1.73434525e-02	4.02997626e-01	-4.20341079e-01	6.58670964e-01	8.31730090e-01	-1.73059125e-01	5.02394608e-01	4.11669353e-01	1.08396578e-02	-1.87526780e-22	1.08396578e-02	-1.08396578e-02
1220            	-1.72916458e-02	4.05214788e-01	-4.22506434e-01	6.62176978e-01	8.36194809e-01	-1.74017831e-01	5.05106320e-01	4.13860611e-01	1.08072786e-02	-1.84669266e-22	1.08072786e-02	-1.08072786e-02
1230            	-1.72460179e-02	4.05146808e-01	-4.22392826e-01	6.62031707e-01	8.35798292e-01	-1.73766585e-01	5.04782438e-01	4.13769817e-01	1.07787612e-02	-1.84855377e-22	1.07787612e-02	-1.07787612e-02
1240            	-1.77131957e-02	4.06039072e-01	-4.23752268e-01	6.63833072e-01	8.37770834e-01	-1.73937761e-01	5.05854298e-01	4.14895670e-01	1.10707473e-02	-1.83401662e-22	1.10707473e-02	-1.10707473e-02
1250            	-1.76609311e-02	4.06024786e-01	-4.23685717e-01	6.63768402e-01	8.37720604e-01	-1.73952203e-01	5.05836404e-01	4.14855251e-01	1.10380819e-02	-1.75280226e-22	1.10380819e-02	-1.10380819e-02
1260            	-1.74677950e-02	4.07597255e-01	-4.25065050e-01	6.66129844e-01	8.40365561e-01	-1.74235716e-01	5.07300639e-01	4.16331153e-01	1.09173718e-02	-1.71077247e-22	1.09173718e-02	-1.09173718e-02
1270            	-1.77623203e-02	4.07873211e-01	-4.25635532e-01	6.66806994e-01	8.41190840e-01	-1.74383845e-01	5.07787343e-01	4.16754372e-01	1.11014502e-02	-1.68002241e-22	1.11014502e-02	-1.11014502e-02
1280            	-1.77386893e-02	4.08332891e-01	-4.26071580e-01	6.67523577e-01	8.41765150e-01	-1.74241574e-01	5.08003362e-01	4.17202235e-01	1.10866808e-02	-1.67124941e-22	1.10866808e-02	-1.10866808e-02
1290            	-1.78908088e-02	4.07972021e-01	-4.25862830e-01	6.67067881e-01	8.41011910e-01	-1.73944030e-01	5.07477970e-01	4.16917425e-01	1.11817555e-02	-1.54423755e-22	1.11817555e-02	-1.11817555e-02
1300            	-1.79412320e-02	4.09297241e-01	-4.27238473e-01	6.69228571e-01	8.43585298e-01	-1.74356727e-01	5.08971013e-01	4.18267857e-01	1.12132700e-02	-1.76726157e-22	1.12132700e-02	-1.12132700e-02
1310            	-1.81862501e-02	4.10130057e-01	-4.28316307e-01	6.70757091e-01	8.45452054e-01	-1.74694963e-01	5.10073509e-01	4.19223182e-01	1.13664063e-02	-1.53401969e-22	1.13664063e-02	-1.13664063e-02
1320            	-1.78552102e-02	4.10265505e-01	-4.28120715e-01	6.70708976e-01	8.44980399e-01	-1.74271424e-01	5.09625911e-01	4.19193110e-01	1.11595064e-02	-1.64008800e-22	1.11595064e-02	-1.11595064e-02
1330            	-1.83175756e-02	4.11760667e-01	-4.30078242e-01	6.73471127e-01	8.48702932e-01	-1.75231805e-01	5.11967369e-01	4.20919454e-01	1.14484847e-02	-1.63825901e-22	1.14484847e-02	-1.14484847e-02
1340            	-1.82815474e-02	4.11470142e-01	-4.29751690e-01	6.72977466e-01	8.47866831e-01	-1.74889366e-01	5.11378099e-01	4.20610916e-01	1.14259671e-02	-1.45386492e-22	1.14259671e-02	-1.14259671e-02
1350            	-1.81895679e-02	4.11646739e-01	-4.29836307e-01	6.73186437e-01	8.48008166e-01	-1.74821729e-01	5.11414948e-01	4.20741523e-01	1.13684799e-02	-1.63722606e-22	1.13684799e-02	-1.13684799e-02
1360            	-1.81942093e-02	4.11899822e-01	-4.30094032e-01	6.73595083e-01	8.48256032e-01	-1.74660948e-01	5.11458490e-01	4.20996927e-01	1.13713808e-02	-1.45110655e-22	1.13713808e-02	-1.13713808e-02
1370            	-1.84833975e-02	4.12421015e-01	-4.30904413e-01	6.74660342e-01	8.49536616e-01	-1.74876274e-01	5.12206445e-01	4.21662714e-01	1.15521234e-02	-1.40201551e-22	1.15521234e-02	-1.15521234e-02
1380            	-1.84828997e-02	4.12445785e-01	-4.30928685e-01	6.74699576e-01	8.49860082e-01	-1.75160507e-01	5.12510295e-01	4.21687235e-01	1.15518123e-02	-1.54433218e-22	1.15518123e-02	-1.15518123e-02
1390            	-1.83288002e-02	4.12583002e-01	-4.30911802e-01	6.74795844e-01	8.49564810e-01	-1.74768967e-01	5.12166889e-01	4.21747402e-01	1.14555001e-02	-1.51732371e-22	1.14555001e-02	-1.14555001e-02
1400            	-1.85704993e-02	4.13661392e-01	-4.32231891e-01	6.76714626e-01	8.52291734e-01	-1.75577108e-01	5.13934421e-01	4.22946641e-01	1.16065621e-02	-1.62397625e-22	1.16065621e-02	-1.16065621e-02
1410            	-1.84499011e-02	4.13424857e-01	-4.31874758e-01	6.76239692e-01	8.51425069e-01	-1.75185376e-01	5.13305222e-01	4.22649808e-01	1.15311882e-02	-1.55797475e-22	1.15311882e-02	-1.15311882e-02
1420            	-1.88371841e-02	4.14494080e-01	-4.33331264e-01	6.78260276e-01	8.54141284e-01	-1.75881008e-01	5.15011146e-01	4.23912672e-01	1.17732400e-02	-1.46379927e-22	1.17732400e-02	-1.17732400e-02
1430            	-1.84878755e-02	4.14784659e-01	-4.33272534e-01	6.78445754e-01	8.54340671e-01	-1.75894916e-01	5.15117793e-01	4.24028596e-01	1.15549222e-02	-1.54505652e-22	1.15549222e-02	-1.15549222e-02
1440            	-1.89430178e-02	4.14482168e-01	-4.33425186e-01	6.78325884e-01	8.54246219e-01	-1.75920335e-01	5.15083277e-01	4.23953677e-01	1.18393861e-02	-1.53204260e-22	1.18393861e-02	-1.18393861e-02
1450            	-1.88173567e-02	4.15148471e-01	-4.33965827e-01	6.79291439e-01	8.55366976e-01	-1.76075538e-01	5.15721257e-01	4.24557149e-01	1.17608479e-02	-1.56852871e-22	1.17608479e-02	-1.17608479e-02
1460            	-1.92602399e-02	4.14753870e-01	-4.34014110e-01	6.79014384e-01	8.55280648e-01	-1.76266264e-01	5.15773456e-01	4.24383990e-01	1.20376500e-02	-1.42569621e-22	1.20376500e-02	-1.20376500e-02
1470            	-1.88550426e-02	4.15138456e-01	-4.33993498e-01	6.79305563e-01	8.55367380e-01	-1.76061817e-01	5.15714599e-01	4.24565977e-01	1.17844016e-02	-1.37821393e-22	1.17844016e-02	-1.17844016e-02
1480            	-1.91188139e-02	4.15022171e-01	-4.34140985e-01	6.79330524e-01	8.55580744e-01	-1.76250220e-01	5.15915482e-01	4.24581578e-01	1.19492587e-02	-1.53208462e-22	1.19492587e-02	-1.19492587e-02
1490            	-1.89468376e-02	4.13876107e-01	-4.32822945e-01	6.77359242e-01	8.52914082e-01	-1.75554840e-01	5.14234461e-01	4.23349526e-01	1.18417735e-02	-1.37544493e-22	1.18417735e-02	-1.18417735e-02
1500            	-1.90357967e-02	4.15268114e-01	-4.34303910e-01	6.79657619e-01	8.55882777e-01	-1.76225158e-01	5.16053968e-01	4.24786012e-01	1.18973729e-02	-1.27089478e-22	1.18973729e-02	-1.18973729e-02
1510            	-1.90374913e-02	4.15162306e-01	-4.34199797e-01	6.79489682e-01	8.55596891e-01	-1.76107209e-01	5.15852050e-01	4.24681051e-01	1.18984320e-02	-1.52846943e-22	1.18984320e-02	-1.18984320e-02
1520            	-1.91111100e-02	4.15504426e-01	-4.34615536e-01	6.80095970e-01	8.56457803e-01	-1.76361834e-01	5.16409818e-01	4.25059981e-01	1.19444438e-02	-1.41396549e-22	1.19444438e-02	-1.19444438e-02
1530            	-1.89424415e-02	4.14676460e-01	-4.33618901e-01	6.78636289e-01	8.54502855e-01	-1.75866566e-01	5.15184711e-01	4.24147681e-01	1.18390259e-02	-1.34276518e-22	1.18390259e-02	-1.18390259e-02
1540            	-1.88862906e-02	4.15465159e-01	-4.34351450e-01	6.79853287e-01	8.56107940e-01	-1.76254653e-01	5.16181297e-01	4.24908304e-01	1.18039316e-02	-1.49852299e-22	1.18039316e-02	-1.18039316e-02
1550            	-1.91358369e-02	4.15531682e-01	-4.34667519e-01	6.80159360e-01	8.56577593e-01	-1.76418233e-01	5.16497913e-01	4.25099600e-01	1.19598981e-02	-1.38752907e-22	1.19598981e-02	-1.19598981e-02
1560            	-1.92311310e-02	4.15652120e-01	-4.34883252e-01	6.80428298e-01	8.56885009e-01	-1.76456711e-01	5.16670860e-01	4.25267686e-01	1.20194569e-02	-1.59881748e-22	1.20194569e-02	-1.20194569e-02
1570            	-1.89981271e-02	4.14786603e-01	-4.33784730e-01	6.78857066e-01	8.54822589e-01	-1.75965522e-01	5.15394055e-01	4.24285666e-01	1.18738294e-02	-1.32284570e-22	1.18738294e-02	-1.18738294e-02
1580            	-1.92957109e-02	4.15013776e-01	-4.34309487e-01	6.79458611e-01	8.55799982e-01	-1.76341371e-01	5.16070677e-01	4.24661632e-01	1.20598193e-02	-1.53183150e-22	1.20598193e-02	-1.20598193e-02
1590            	-1.91351994e-02	4.15759537e-01	-4.34894736e-01	6.80523419e-01	8.56946759e-01	-1.76423340e-01	5.16685050e-01	4.25327137e-01	1.19594996e-02	-1.45529502e-22	1.19594996e-02	-1.19594996e-02
1600            	-1.95344516e-02	4.16474722e-01	-4.36009174e-01	6.81987117e-01	8.59052952e-01	-1.77065834e-01	5.18059393e-01	4.26241948e-01	1.22090323e-02	-1.35402827e-22	1.22090323e-02	-1.22090323e-02
1610            	-1.89836583e-02	4.15471229e-01	-4.34454887e-01	6.79940893e-01	8.56196535e-01	-1.76255642e-01	5.16226089e-01	4.24963058e-01	1.18647864e-02	-1.44080579e-22	1.18647864e-02	-1.18647864e-02
1620            	-1.93428640e-02	4.14393457e-01	-4.33736321e-01	6.78503823e-01	8.54542146e-01	-1.76038324e-01	5.15290235e-01	4.24064889e-01	1.20892900e-02	-1.33270313e-22	1.20892900e-02	-1.20892900e-02
1630            	-1.91019759e-02	4.15901228e-01	-4.35003204e-01	6.80723545e-01	8.57270472e-01	-1.76546927e-01	5.16908699e-01	4.25452216e-01	1.19387350e-02	-1.40861032e-22	1.19387350e-02	-1.19387350e-02
1640            	-1.93389141e-02	4.15611985e-01	-4.34950899e-01	6.80450307e-01	8.57085451e-01	-1.76635144e-01	5.16860297e-01	4.25281442e-01	1.20868213e-02	-1.32782478e-22	1.20868213e-02	-1.20868213e-02
1650            	-1.89133379e-02	4.16541126e-01	-4.35454464e-01	6.81596472e-01	8.58344378e-01	-1.76747906e-01	5.17546142e-01	4.25997795e-01	1.18208362e-02	-1.65304419e-22	1.18208362e-02	-1.18208362e-02
1660            	-1.96284339e-02	4.16866746e-01	-4.36495180e-01	6.82689541e-01	8.60053049e-01	-1.77363508e-01	5.18708279e-01	4.26680963e-01	1.22677712e-02	-1.37840215e-22	1.22677712e-02	-1.22677712e-02
1670            	-1.91477459e-02	4.15844241e-01	-4.34991987e-01	6.80668982e-01	8.57302110e-01	-1.76633128e-01	5.16967619e-01	4.25418114e-01	1.19673412e-02	-1.39813274e-22	1.19673412e-02	-1.19673412e-02
1680            	-1.95585277e-02	4.16129016e-01	-4.35687543e-01	6.81453247e-01	8.58253712e-01	-1.76800464e-01	5.17527088e-01	4.25908280e-01	1.22240798e-02	-1.22267476e-22	1.22240798e-02	-1.22240798e-02
1690            	-1.94339405e-02	4.16747995e-01	-4.36181935e-01	6.82343944e-01	8.59498238e-01	-1.77154294e-01	5.18326266e-01	4.26464965e-01	1.21462128e-02	-1.41684713e-22	1.21462128e-02	-1.21462128e-02
1700            	-1.91817682e-02	4.16012155e-01	-4.35193924e-01	6.80964863e-01	8.57680950e-01	-1.76716087e-01	5.17198519e-01	4.25603040e-01	1.19886052e-02	-1.39143051e-22	1.19886052e-02	-1.19886052e-02
1710            	-1.96381425e-02	4.16896673e-01	-4.36534815e-01	6.82745191e-01	8.60010578e-01	-1.77265387e-01	5.18637982e-01	4.26715744e-01	1.22738391e-02	-1.37932625e-22	1.22738391e-02	-1.22738391e-02
1720            	-1.92887383e-02	4.15610704e-01	-4.34899442e-01	6.80408116e-01	8.56978771e-01	-1.76570655e-01	5.16774713e-01	4.25255073e-01	1.20554614e-02	-1.26210440e-22	1.20554614e-02	-1.20554614e-02
1730            	-1.94721176e-02	4.15846664e-01	-4.35318782e-01	6.80932357e-01	8.57609403e-01	-1.76677046e-01	5.17143225e-01	4.25582723e-01	1.21700735e-02	-1.48459257e-22	1.21700735e-02	-1.21700735e-02
1740            	-1.92508019e-02	4.16660538e-01	-4.35911339e-01	6.82057502e-01	8.58963195e-01	-1.76905693e-01	5.17934444e-01	4.26285938e-01	1.20317512e-02	-1.35177994e-22	1.20317512e-02	-1.20317512e-02
1750            	-1.94378046e-02	4.17220126e-01	-4.36657930e-01	6.83102445e-01	8.60350222e-01	-1.77247777e-01	5.18799000e-01	4.26939028e-01	1.21486279e-02	-1.31341103e-22	1.21486279e-02	-1.21486279e-02
1760            	-1.92266731e-02	4.16409267e-01	-4.35635940e-01	6.81636165e-01	8.58517603e-01	-1.76881438e-01	5.17699521e-01	4.26022603e-01	1.20166707e-02	-1.52945532e-22	1.20166707e-02	-1.20166707e-02
1770            	-1.90788640e-02	4.16241043e-01	-4.35319907e-01	6.81248759e-01	8.57590645e-01	-1.76341886e-01	5.16966265e-01	4.25780475e-01	1.19242900e-02	-1.31480195e-22	1.19242900e-02	-1.19242900e-02
1780            	-1.94266757e-02	4.16713317e-01	-4.36139993e-01	6.82282648e-01	8.59201927e-01	-1.76919279e-01	5.18060603e-01	4.26426655e-01	1.21416723e-02	-1.39783214e-22	1.21416723e-02	-1.21416723e-02
1790            	-1.94675135e-02	4.17280940e-01	-4.36748454e-01	6.83223515e-01	8.60433059e-01	-1.77209544e-01	5.18821302e-01	4.27014697e-01	1.21671959e-02	-1.40726050e-22	1.21671959e-02	-1.21671959e-02
1800            	-1.94539285e-02	4.17153764e-01	-4.36607692e-01	6.83009165e-01	8.59948142e-01	-1.76938977e-01	5.18443560e-01	4.26880728e-01	1.21587053e-02	-1.30926811e-22	1.21587053e-02	-1.21587053e-02
1810            	-1.93794273e-02	4.16624668e-01	-4.36004095e-01	6.82103011e-01	8.58966109e-01	-1.76863098e-01	5.17914603e-01	4.26314382e-01	1.21121421e-02	-1.44433352e-22	1.21121421e-02	-1.21121421e-02
1820            	-1.94642133e-02	4.16857428e-01	-4.36321642e-01	6.82543256e-01	8.59400835e-01	-1.76857579e-01	5.18129207e-01	4.26589535e-01	1.21651333e-02	-1.31679279e-22	1.21651333e-02	-1.21651333e-02
1830            	-1.94638823e-02	4.17175491e-01	-4.36639374e-01	6.83051892e-01	8.60133009e-01	-1.77081117e-01	5.18607063e-01	4.26907432e-01	1.21649264e-02	-1.49680501e-22	1.21649264e-02	-1.21649264e-02
1840            	-1.95609440e-02	4.17787109e-01	-4.37348053e-01	6.84108129e-01	8.61614675e-01	-1.77506545e-01	5.19560610e-01	4.27567581e-01	1.22255900e-02	-1.44656962e-22	1.22255900e-02	-1.22255900e-02
1850            	-1.93250077e-02	4.17197921e-01	-4.36522929e-01	6.82976680e-01	8.59946780e-01	-1.76970101e-01	5.18458441e-01	4.26860425e-01	1.20781298e-02	-1.31799753e-22	1.20781298e-02	-1.20781298e-02
1860            	-1.95246599e-02	4.17080881e-01	-4.36605541e-01	6.82949138e-01	8.59977507e-01	-1.77028369e-01	5.18502938e-01	4.26843211e-01	1.22029124e-02	-1.26968719e-22	1.22029124e-02	-1.22029124e-02
1870            	-1.93715531e-02	4.17968304e-01	-4.37339857e-01	6.84246528e-01	8.61585035e-01	-1.77338507e-01	5.19461771e-01	4.27654080e-01	1.21072207e-02	-1.40719014e-22	1.21072207e-02	-1.21072207e-02
1880            	-1.93150334e-02	4.17343664e-01	-4.36658698e-01	6.83201890e-01	8.60130128e-01	-1.76928239e-01	5.18529183e-01	4.27001181e-01	1.20718959e-02	-1.54241097e-22	1.20718959e-02	-1.20718959e-02
1890            	-1.95170065e-02	4.17727320e-01	-4.37244327e-01	6.83977318e-01	8.61166482e-01	-1.77189164e-01	5.19177823e-01	4.27485823e-01	1.21981291e-02	-1.27530439e-22	1.21981291e-02	-1.21981291e-02
1900            	-1.94056723e-02	4.17502067e-01	-4.36907740e-01	6.83527846e-01	8.60499498e-01	-1.76971652e-01	5.18735575e-01	4.27204903e-01	1.21285452e-02	-1.27760364e-22	1.21285452e-02	-1.21285452e-02
1910            	-1.98046832e-02	4.17419336e-01	-4.37224019e-01	6.83714683e-01	8.60825080e-01	-1.77110396e-01	5.18967738e-01	4.27321677e-01	1.23779270e-02	-1.26376004e-22	1.23779270e-02	-1.23779270e-02
1920            	-1.93491376e-02	4.18101651e-01	-4.37450788e-01	6.84441951e-01	8.61471141e-01	-1.77029190e-01	5.19250165e-01	4.27776219e-01	1.20932110e-02	-1.35434426e-22	1.20932110e-02	-1.20932110e-02
1930            	-1.95206137e-02	4.17211828e-01	-4.36732442e-01	6.83155415e-01	8.59914411e-01	-1.76758995e-01	5.18336703e-01	4.26972135e-01	1.22003835e-02	-1.23801851e-22	1.22003835e-02	-1.22003835e-02
1940            	-1.95389845e-02	4.19117558e-01	-4.38656543e-01	6.86219280e-01	8.63780782e-01	-1.77561501e-01	5.20671141e-01	4.28887050e-01	1.22118653e-02	-1.37845787e-22	1.22118653e-02	-1.22118653e-02
1950            	-1.93502214e-02	4.18196808e-01	-4.37547029e-01	6.84595069e-01	8.61574177e-01	-1.76979108e-01	5.19276643e-01	4.27871918e-01	1.20938884e-02	-1.22947251e-22	1.20938884e-02	-1.20938884e-02
1960            	-1.94445927e-02	4.18057961e-01	-4.37502553e-01	6.84448411e-01	8.61427972e-01	-1.76979561e-01	5.19203767e-01	4.27780257e-01	1.21528704e-02	-1.42491254e-22	1.21528704e-02	-1.21528704e-02
1970            	-1.93949023e-02	4.18265536e-01	-4.37660439e-01	6.84740780e-01	8.61629193e-01	-1.76888413e-01	5.19258803e-01	4.27962987e-01	1.21218139e-02	-1.17490057e-22	1.21218139e-02	-1.21218139e-02
1980            	-1.99396159e-02	4.19994382e-01	-4.39933998e-01	6.87942704e-01	8.65884397e-01	-1.77941693e-01	5.21913045e-01	4.29964190e-01	1.24622599e-02	-1.37967110e-22	1.24622599e-02	-1.24622599e-02
1990            	-1.92608224e-02	4.19339436e-01	-4.38600259e-01	6.86351756e-01	8.63673502e-01	-1.77321746e-01	5.20497624e-01	4.28969848e-01	1.20380140e-02	-1.49208471e-22	1.20380140e-02	-1.20380140e-02
2000            	-1.91782504e-02	4.18752100e-01	-4.37930351e-01	6.85345961e-01	8.62272159e-01	-1.76926198e-01	5.19599178e-01	4.28341225e-01	1.19864065e-02	-1.27186569e-22	1.19864065e-02	-1.19864065e-02
2010            	-1.93128834e-02	4.18301948e-01	-4.37614832e-01	6.84733424e-01	8.61463718e-01	-1.76730294e-01	5.19097006e-01	4.27958390e-01	1.20705521e-02	-1.43689956e-22	1.20705521e-02	-1.20705521e-02
2020            	-1.94636739e-02	4.19341604e-01	-4.38805278e-01	6.86517506e-01	8.63661958e-01	-1.77144452e-01	5.20403205e-01	4.29073441e-01	1.21647962e-02	-1.31086850e-22	1.21647962e-02	-1.21647962e-02
2030            	-1.94744722e-02	4.19433412e-01	-4.38907884e-01	6.86673037e-01	8.63796262e-01	-1.77123225e-01	5.20459743e-01	4.29170648e-01	1.21715451e-02	-1.29171302e-22	1.21715451e-02	-1.21715451e-02
2040            	-1.95772641e-02	4.20045318e-01	-4.39622582e-01	6.87734319e-01	8.65310584e-01	-1.77576264e-01	5.21443424e-01	4.29833950e-01	1.22357901e-02	-1.49501281e-22	1.22357901e-02	-1.22357901e-02
2050            	-1.97562450e-02	4.20188296e-01	-4.39944541e-01	6.88106270e-01	8.65711477e-01	-1.77605207e-01	5.21658342e-01	4.30066419e-01	1.23476531e-02	-1.36085860e-22	1.23476531e-02	-1.23476531e-02
2060            	-1.93730826e-02	4.19539038e-01	-4.38912121e-01	6.86760927e-01	8.63739824e-01	-1.76978897e-01	5.20359360e-01	4.29225579e-01	1.21081766e-02	-1.28222894e-22	1.21081766e-02	-1.21081766e-02
2070            	-1.96197474e-02	4.19897633e-01	-4.39517381e-01	6.87532011e-01	8.64778393e-01	-1.77246382e-01	5.21012388e-01	4.29707507e-01	1.22623421e-02	-1.45633934e-22	1.22623421e-02	-1.22623421e-02
2080            	-1.94991830e-02	4.19689253e-01	-4.39188436e-01	6.87102150e-01	8.64163679e-01	-1.77061528e-01	5.20612604e-01	4.29438844e-01	1.21869894e-02	-1.24217669e-22	1.21869894e-02	-1.21869894e-02
2090            	-1.98500361e-02	4.20124587e-01	-4.39974623e-01	6.88079368e-01	8.65592818e-01	-1.77513450e-01	5.21553134e-01	4.30049605e-01	1.24062726e-02	-1.35686094e-22	1.24062726e-02	-1.24062726e-02
2100            	-1.96581343e-02	4.20413995e-01	-4.40072130e-01	6.88388900e-01	8.65697130e-01	-1.77308230e-01	5.21502680e-01	4.30243062e-01	1.22863340e-02	-1.27331105e-22	1.22863340e-02	-1.22863340e-02
2110            	-1.99463757e-02	4.21073963e-01	-4.41020338e-01	6.89675441e-01	8.67580049e-01	-1.77904608e-01	5.22742329e-01	4.31047151e-01	1.24664848e-02	-1.29728968e-22	1.24664848e-02	-1.24664848e-02
2120            	-1.94718857e-02	4.20737736e-01	-4.40209622e-01	6.88757886e-01	8.66070126e-01	-1.77312240e-01	5.21691183e-01	4.30473679e-01	1.21699286e-02	-1.31240523e-22	1.21699286e-02	-1.21699286e-02
2130            	-1.97097935e-02	4.20230884e-01	-4.39940677e-01	6.88137249e-01	8.65507073e-01	-1.77369824e-01	5.21438449e-01	4.30085780e-01	1.23186210e-02	-1.41256921e-22	1.23186210e-02	-1.23186210e-02
2140            	-1.94036148e-02	4.20542025e-01	-4.39945640e-01	6.88390132e-01	8.65403213e-01	-1.77013081e-01	5.21208147e-01	4.30243832e-01	1.21272593e-02	-1.31089003e-22	1.21272593e-02	-1.21272593e-02
2150            	-1.97085826e-02	4.20490880e-01	-4.40199463e-01	6.88552275e-01	8.65775370e-01	-1.77223096e-01	5.21499233e-01	4.30345172e-01	1.23178641e-02	-1.27570536e-22	1.23178641e-02	-1.23178641e-02
2160            	-1.98097224e-02	4.21459956e-01	-4.41269678e-01	6.90183707e-01	8.67922834e-01	-1.77739126e-01	5.22830980e-01	4.31364817e-01	1.23810765e-02	-1.32437479e-22	1.23810765e-02	-1.23810765e-02
2170            	-1.95757177e-02	4.20905545e-01	-4.40481262e-01	6.89109446e-01	8.66359934e-01	-1.77250489e-01	5.21805211e-01	4.30693404e-01	1.22348236e-02	-1.31901003e-22	1.22348236e-02	-1.22348236e-02
2180            	-2.00768498e-02	4.21118248e-01	-4.41195098e-01	6.89850677e-01	8.67416458e-01	-1.77565781e-01	5.22491119e-01	4.31156673e-01	1.25480311e-02	-1.05905998e-22	1.25480311e-02	-1.25480311e-02
2190            	-1.99230182e-02	4.21572110e-01	-4.41495128e-01	6.90453791e-01	8.68131754e-01	-1.77677963e-01	5.22904859e-01	4.31533619e-01	1.24518864e-02	-1.28788355e-22	1.24518864e-02	-1.24518864e-02
2200            	-1.98622259e-02	4.21450168e-01	-4.41312394e-01	6.90210049e-01	8.67610375e-01	-1.77400326e-01	5.22505351e-01	4.31381281e-01	1.24138912e-02	-1.32257654e-22	1.24138912e-02	-1.24138912e-02
2210            	-2.00505658e-02	4.20577650e-01	-4.40628216e-01	6.88964693e-01	8.66224372e-01	-1.77259679e-01	5.21742025e-01	4.30602933e-01	1.25316037e-02	-1.04899147e-22	1.25316037e-02	-1.25316037e-02
2220            	-1.97143258e-02	4.21985283e-01	-4.41699609e-01	6.90947913e-01	8.68603788e-01	-1.77655875e-01	5.23129831e-01	4.31842446e-01	1.23214536e-02	-1.46444707e-22	1.23214536e-02	-1.23214536e-02
2230            	-1.96289127e-02	4.20984910e-01	-4.40613823e-01	6.89278986e-01	8.66402153e-01	-1.77123167e-01	5.21762660e-01	4.30799366e-01	1.22680704e-02	-1.23722589e-22	1.22680704e-02	-1.22680704e-02
2240            	-1.95128935e-02	4.21039713e-01	-4.40552606e-01	6.89273855e-01	8.66382854e-01	-1.77108999e-01	5.21745927e-01	4.30796159e-01	1.21955585e-02	-1.42015040e-22	1.21955585e-02	-1.21955585e-02
2250            	-1.99232100e-02	4.21714784e-01	-4.41637994e-01	6.90682222e-01	8.68360062e-01	-1.77677840e-01	5.23018951e-01	4.31676389e-01	1.24520063e-02	-1.32817743e-22	1.24520063e-02	-1.24520063e-02
2260            	-1.99441916e-02	4.21862648e-01	-4.41806840e-01	6.90935590e-01	8.68501886e-01	-1.77566296e-01	5.23034091e-01	4.31834744e-01	1.24651197e-02	-1.29746811e-22	1.24651197e-02	-1.24651197e-02
2270            	-1.95698801e-02	4.21167555e-01	-4.40737435e-01	6.89523992e-01	8.66638424e-01	-1.77114431e-01	5.21876428e-01	4.30952495e-01	1.22311751e-02	-1.30987613e-22	1.22311751e-02	-1.22311751e-02
2280            	-1.97649994e-02	4.21954973e-01	-4.41719973e-01	6.90939957e-01	8.68442548e-01	-1.77502591e-01	5.22972570e-01	4.31837473e-01	1.23531247e-02	-1.27689669e-22	1.23531247e-02	-1.23531247e-02
2290            	-2.00329932e-02	4.22309847e-01	-4.42342840e-01	6.91722150e-01	8.69537479e-01	-1.77815329e-01	5.23676404e-01	4.32326344e-01	1.25206207e-02	-1.30714256e-22	1.25206207e-02	-1.25206207e-02
2300            	-1.96384079e-02	4.21911491e-01	-4.41549899e-01	6.90769112e-01	8.68112552e-01	-1.77343440e-01	5.22727996e-01	4.31730695e-01	1.22740050e-02	-1.09704353e-22	1.22740050e-02	-1.22740050e-02
2310            	-1.96816216e-02	4.21281539e-01	-4.40963161e-01	6.89795760e-01	8.67017848e-01	-1.77222088e-01	5.22119968e-01	4.31122350e-01	1.23010135e-02	-1.31967200e-22	1.23010135e-02	-1.23010135e-02
2320            	-1.99920122e-02	4.22631562e-01	-4.42623574e-01	6.92204108e-01	8.70118884e-01	-1.77914776e-01	5.24016830e-01	4.32627568e-01	1.24950076e-02	-1.21525237e-22	1.24950076e-02	-1.24950076e-02
2330            	-1.99326368e-02	4.21854118e-01	-4.41786755e-01	6.90912698e-01	8.68366031e-01	-1.77453333e-01	5.22909682e-01	4.31820436e-01	1.24578980e-02	-1.17917898e-22	1.24578980e-02	-1.24578980e-02
2340            	-1.98564544e-02	4.22307546e-01	-4.42164000e-01	6.91577237e-01	8.69291467e-01	-1.77714230e-01	5.23502849e-01	4.32235773e-01	1.24102840e-02	-1.46049743e-22	1.24102840e-02	-1.24102840e-02
2350            	-1.98425049e-02	4.21745368e-01	-4.41587873e-01	6.90666592e-01	8.68076196e-01	-1.77409604e-01	5.22742900e-01	4.31666620e-01	1.24015656e-02	-1.21477190e-22	1.24015656e-02	-1.24015656e-02
2360            	-1.97473817e-02	4.22282387e-01	-4.42029768e-01	6.91449724e-01	8.69098057e-01	-1.77648333e-01	5.23373195e-01	4.32156077e-01	1.23421135e-02	-1.17434783e-22	1.23421135e-02	-1.23421135e-02
2370            	-1.97243871e-02	4.22845311e-01	-4.42569698e-01	6.92332007e-01	8.70269039e-01	-1.77937031e-01	5.24103035e-01	4.32707505e-01	1.23277419e-02	-1.36232211e-22	1.23277419e-02	-1.23277419e-02
2380            	-1.95830024e-02	4.21636915e-01	-4.41219917e-01	6.90285465e-01	8.67488259e-01	-1.77202794e-01	5.22345527e-01	4.31428416e-01	1.22393765e-02	-1.20705453e-22	1.22393765e-02	-1.22393765e-02
2390            	-1.96134524e-02	4.22015271e-01	-4.41628723e-01	6.90915196e-01	8.68212851e-01	-1.77297656e-01	5.22755254e-01	4.31821997e-01	1.22584077e-02	-1.06896085e-22	1.22584077e-02	-1.22584077e-02
2400            	-2.00657190e-02	4.23367133e-01	-4.43432852e-01	6.93439987e-01	8.71723727e-01	-1.78283740e-01	5.25003734e-01	4.33399992e-01	1.25410744e-02	-1.34918556e-22	1.25410744e-02	-1.25410744e-02
2410            	-1.99141555e-02	4.21699603e-01	-4.41613759e-01	6.90650689e-01	8.67925039e-01	-1.77274350e-01	5.22599695e-01	4.31656681e-01	1.24463472e-02	-1.14197323e-22	1.24463472e-02	-1.24463472e-02
2420            	-1.98477093e-02	4.22156298e-01	-4.42004008e-01	6.91328245e-01	8.68668307e-01	-1.77340062e-01	5.23004185e-01	4.32080153e-01	1.24048183e-02	-1.14993257e-22	1.24048183e-02	-1.24048183e-02
2430            	-1.98624678e-02	4.22564692e-01	-4.42427160e-01	6.91993481e-01	8.69720504e-01	-1.77727023e-01	5.23723763e-01	4.32495926e-01	1.24140423e-02	-1.30173049e-22	1.24140423e-02	-1.24140423e-02
2440            	-1.97472865e-02	4.21496576e-01	-4.41243862e-01	6.90192350e-01	8.67222755e-01	-1.77030405e-01	5.22126580e-01	4.31370219e-01	1.23420541e-02	-1.10269221e-22	1.23420541e-02	-1.23420541e-02
2450            	-2.00875810e-02	4.23604214e-01	-4.43691795e-01	6.93836807e-01	8.71954619e-01	-1.78117813e-01	5.25036216e-01	4.33648004e-01	1.25547381e-02	-1.29041788e-22	1.25547381e-02	-1.25547381e-02
2460            	-2.01359151e-02	4.22654697e-01	-4.42790612e-01	6.92356248e-01	8.70261387e-01	-1.77905140e-01	5.24083264e-01	4.32722655e-01	1.25849469e-02	-9.82863917e-23	1.25849469e-02	-1.25849469e-02
2470            	-1.95413470e-02	4.23061189e-01	-4.42602536e-01	6.92530979e-01	8.70120644e-01	-1.77589665e-01	5.23855154e-01	4.32831862e-01	1.22133419e-02	-1.32142823e-22	1.22133419e-02	-1.22133419e-02
2480            	-1.96974802e-02	4.22091687e-01	-4.41789167e-01	6.91104683e-01	8.68554920e-01	-1.77450237e-01	5.23002579e-01	4.31940427e-01	1.23109251e-02	-1.11224526e-22	1.23109251e-02	-1.23109251e-02
2490            	-2.00745064e-02	4.23197205e-01	-4.43271712e-01	6.93175134e-01	8.71046400e-01	-1.77871266e-01	5.24458833e-01	4.33234459e-01	1.25465665e-02	-8.66226377e-23	1.25465665e-02	-1.25465665e-02
2500            	-1.98071226e-02	4.22164907e-01	-4.41972030e-01	6.91309550e-01	8.68683662e-01	-1.77374112e-01	5.23028887e-01	4.32068469e-01	1.23794516e-02	-1.41216592e-22	1.23794516e-02	-1.23794516e-02
2510            	-1.99731280e-02	4.21863211e-01	-4.41836339e-01	6.90959640e-01	8.68190866e-01	-1.77231225e-01	5.22711046e-01	4.31849775e-01	1.24832050e-02	-1.10623547e-22	1.24832050e-02	-1.24832050e-02
2520            	-2.00954373e-02	4.23134734e-01	-4.43230171e-01	6.93091924e-01	8.71055895e-01	-1.77963972e-01	5.24509933e-01	4.33182452e-01	1.25596483e-02	-1.41021281e-22	1.25596483e-02	-1.25596483e-02
2530            	-2.03916381e-02	4.23541221e-01	-4.43932859e-01	6.93979264e-01	8.72242598e-01	-1.78263334e-01	5.25252966e-01	4.33737040e-01	1.27447738e-02	-1.01834342e-22	1.27447738e-02	-1.27447738e-02
2540            	-1.98308605e-02	4.22383494e-01	-4.42214354e-01	6.91678279e-01	8.69099672e-01	-1.77421393e-01	5.23260533e-01	4.32298924e-01	1.23942878e-02	-1.36788393e-22	1.23942878e-02	-1.23942878e-02
2550            	-1.98615729e-02	4.22020704e-01	-4.41882277e-01	6.91122385e-01	8.68532578e-01	-1.77410193e-01	5.22971386e-01	4.31951491e-01	1.24134831e-02	-1.32532337e-22	1.24134831e-02	-1.24134831e-02
2560            	-2.00601710e-02	4.23854861e-01	-4.43915032e-01	6.94215914e-01	8.72460533e-01	-1.78244618e-01	5.25352576e-01	4.33884947e-01	1.25376069e-02	-1.24017871e-22	1.25376069e-02	-1.25376069e-02
2570            	-1.98776933e-02	4.23366712e-01	-4.43244405e-01	6.93288894e-01	8.71285682e-01	-1.77996789e-01	5.24641235e-01	4.33305559e-01	1.24235583e-02	-1.28448513e-22	1.24235583e-02	-1.24235583e-02
2580            	-1.97891426e-02	4.21915810e-01	-4.41704953e-01	6.90896611e-01	8.68241072e-01	-1.77344461e-01	5.22792767e-01	4.31810382e-01	1.23682141e-02	-1.18304445e-22	1.23682141e-02	-1.23682141e-02
2590            	-1.98755280e-02	4.22553933e-01	-4.42429461e-01	6.91986715e-01	8.69566690e-01	-1.77579975e-01	5.23573332e-01	4.32491697e-01	1.24222050e-02	-1.35970210e-22	1.24222050e-02	-1.24222050e-02
2600            	-2.01868808e-02	4.23667248e-01	-4.43854129e-01	6.94017101e-01	8.72253559e-01	-1.78236458e-01	5.25245008e-01	4.33760688e-01	1.26168005e-02	-1.19606977e-22	1.26168005e-02	-1.26168005e-02
2610            	-1.99663780e-02	4.22392625e-01	-4.42359003e-01	6.91801302e-01	8.69301969e-01	-1.77500667e-01	5.23401318e-01	4.32375814e-01	1.24789863e-02	-1.11927769e-22	1.24789863e-02	-1.24789863e-02
2620            	-1.98512769e-02	4.23361414e-01	-4.43212691e-01	6.93259285e-01	8.71172771e-01	-1.77913486e-01	5.24543129e-01	4.33287053e-01	1.24070480e-02	-1.29494878e-22	1.24070480e-02	-1.24070480e-02
2630            	-1.99502031e-02	4.22823908e-01	-4.42774111e-01	6.92478416e-01	8.70150575e-01	-1.77672159e-01	5.23911367e-01	4.32799010e-01	1.24688769e-02	-1.07791449e-22	1.24688769e-02	-1.24688769e-02
2640            	-1.99625970e-02	4.22876846e-01	-4.42839443e-01	6.92573031e-01	8.70203730e-01	-1.77630699e-01	5.23917214e-01	4.32858144e-01	1.24766231e-02	-1.24732496e-22	1.24766231e-02	-1.24766231e-02
2650            	-2.01038755e-02	4.23490807e-01	-4.43594683e-01	6.93668392e-01	8.71793482e-01	-1.78125090e-01	5.24959286e-01	4.33542745e-01	1.25649222e-02	-1.25627977e-22	1.25649222e-02	-1.25649222e-02
2660            	-1.97688339e-02	4.22970189e-01	-4.42739023e-01	6.92567370e-01	8.70179695e-01	-1.77612324e-01	5.23896010e-01	4.32854606e-01	1.23555212e-02	-1.43746634e-22	1.23555212e-02	-1.23555212e-02
2670            	-1.98712686e-02	4.22768866e-01	-4.42640134e-01	6.92327200e-01	8.69971625e-01	-1.77644425e-01	5.23808025e-01	4.32704500e-01	1.24195429e-02	-1.16252067e-22	1.24195429e-02	-1.24195429e-02
2680            	-2.00019961e-02	4.23189917e-01	-4.43191914e-01	6.93105465e-01	8.70993310e-01	-1.77887845e-01	5.24440577e-01	4.33190916e-01	1.25012476e-02	-1.31239911e-22	1.25012476e-02	-1.25012476e-02
2690            	-2.00110429e-02	4.22986089e-01	-4.42997132e-01	6.92786577e-01	8.70515787e-01	-1.77729210e-01	5.24122498e-01	4.32991611e-01	1.25069018e-02	-1.06494519e-22	1.25069018e-02	-1.25069018e-02
2700            	-2.01663812e-02	4.23442218e-01	-4.43608599e-01	6.93640653e-01	8.71716729e-01	-1.78076076e-01	5.24896402e-01	4.33525408e-01	1.26039882e-02	-1.32039993e-22	1.26039882e-02	-1.26039882e-02
2710            	-1.97260862e-02	4.22809749e-01	-4.42535835e-01	6.92276467e-01	8.69568165e-01	-1.77291698e-01	5.23429931e-01	4.32672792e-01	1.23288039e-02	-1.04281576e-22	1.23288039e-02	-1.23288039e-02
2720            	-2.00319948e-02	4.23500236e-01	-4.43532231e-01	6.93625974e-01	8.71792266e-01	-1.78166292e-01	5.24979279e-01	4.33516234e-01	1.25199968e-02	-1.35597615e-22	1.25199968e-02	-1.25199968e-02
2730            	-1.98705903e-02	4.23714325e-01	-4.43584916e-01	6.93839393e-01	8.71777303e-01	-1.77937910e-01	5.24857607e-01	4.33649621e-01	1.24191190e-02	-1.17601513e-22	1.24191190e-02	-1.24191190e-02
2740            	-1.99235042e-02	4.22349307e-01	-4.42272811e-01	6.91697695e-01	8.69214205e-01	-1.77516510e-01	5.23365358e-01	4.32311059e-01	1.24521901e-02	-1.09046930e-22	1.24521901e-02	-1.24521901e-02
2750            	-2.02749343e-02	4.22434772e-01	-4.42709706e-01	6.92115583e-01	8.69793923e-01	-1.77678340e-01	5.23736132e-01	4.32572239e-01	1.26718339e-02	-1.05758952e-22	1.26718339e-02	-1.26718339e-02
2760            	-2.01519636e-02	4.24195717e-01	-4.44347681e-01	6.94834718e-01	8.73230941e-01	-1.78396223e-01	5.25813582e-01	4.34271699e-01	1.25949773e-02	-1.37565467e-22	1.25949773e-02	-1.25949773e-02
2770            	-1.97723216e-02	4.22696844e-01	-4.42469166e-01	6.92132808e-01	8.69691739e-01	-1.77558931e-01	5.23625335e-01	4.32583005e-01	1.23577010e-02	-1.30321021e-22	1.23577010e-02	-1.23577010e-02
2780            	-1.98518830e-02	4.23268046e-01	-4.43119929e-01	6.93110380e-01	8.70960993e-01	-1.77850614e-01	5.24405804e-01	4.33193987e-01	1.24074268e-02	-1.34324859e-22	1.24074268e-02	-1.24074268e-02
2790            	-2.00135604e-02	4.23873133e-01	-4.43886694e-01	6.94207862e-01	8.72411019e-01	-1.78203157e-01	5.25307088e-01	4.33879913e-01	1.25084753e-02	-1.32517568e-22	1.25084753e-02	-1.25084753e-02
2800            	-1.99468335e-02	4.23714378e-01	-4.43661211e-01	6.93900471e-01	8.71932801e-01	-1.78032330e-01	5.24982566e-01	4.33687794e-01	1.24667709e-02	-1.12813961e-22	1.24667709e-02	-1.24667709e-02
2810            	-1.97218449e-02	4.22557699e-01	-4.42279544e-01	6.91869795e-01	8.69341695e-01	-1.77471900e-01	5.23406797e-01	4.32418622e-01	1.23261531e-02	-1.22406498e-22	1.23261531e-02	-1.23261531e-02
2820            	-2.00416974e-02	4.23544728e-01	-4.43586425e-01	6.93704922e-01	8.71564159e-01	-1.77859237e-01	5.24711698e-01	4.33565576e-01	1.25260609e-02	-1.39371094e-22	1.25260609e-02	-1.25260609e-02
2830            	-1.99541169e-02	4.23479824e-01	-4.43433941e-01	6.93531012e-01	8.71502938e-01	-1.77971926e-01	5.24737432e-01	4.33456882e-01	1.24713230e-02	-1.21971521e-22	1.24713230e-02	-1.24713230e-02
2840            	-1.99471336e-02	4.22948084e-01	-4.42895218e-01	6.92674641e-01	8.70263578e-01	-1.77588937e-01	5.23926258e-01	4.32921651e-01	1.24669585e-02	-1.16854916e-22	1.24669585e-02	-1.24669585e-02
2850            	-2.04235568e-02	4.23758269e-01	-4.44181826e-01	6.94352076e-01	8.72610788e-01	-1.78258711e-01	5.25434750e-01	4.33970048e-01	1.27647230e-02	-9.97476309e-23	1.27647230e-02	-1.27647230e-02
2860            	-1.98636910e-02	4.23346112e-01	-4.43209803e-01	6.93244732e-01	8.70988153e-01	-1.77743421e-01	5.24365787e-01	4.33277958e-01	1.24148069e-02	-1.20159315e-22	1.24148069e-02	-1.24148069e-02
2870            	-2.03981273e-02	4.23501414e-01	-4.43899541e-01	6.93920764e-01	8.72049947e-01	-1.78129184e-01	5.25089565e-01	4.33700477e-01	1.27488295e-02	-8.33591820e-23	1.27488295e-02	-1.27488295e-02
2880            	-2.01192379e-02	4.23789835e-01	-4.43909073e-01	6.94159127e-01	8.72178677e-01	-1.78019550e-01	5.25099114e-01	4.33849454e-01	1.25745237e-02	-1.28950267e-22	1.25745237e-02	-1.25745237e-02
2890            	-1.99987917e-02	4.23701363e-01	-4.43700154e-01	6.93921213e-01	8.71975399e-01	-1.78054185e-01	5.25014792e-01	4.33700758e-01	1.24992448e-02	-1.36835672e-22	1.24992448e-02	-1.24992448e-02
2900            	-2.03453083e-02	4.23403132e-01	-4.43748440e-01	6.93721257e-01	8.71562587e-01	-1.77841330e-01	5.24701959e-01	4.33575786e-01	1.27158177e-02	-9.78119101e-23	1.27158177e-02	-1.27158177e-02
2910            	-1.99735557e-02	4.23711118e-01	-4.43684674e-01	6.93916634e-01	8.71940636e-01	-1.78024002e-01	5.24982319e-01	4.33697896e-01	1.24834723e-02	-1.22382140e-22	1.24834723e-02	-1.24834723e-02
2920            	-2.00467432e-02	4.23673672e-01	-4.43720415e-01	6.93915269e-01	8.71958005e-01	-1.78042736e-01	5.25000370e-01	4.33697043e-01	1.25292145e-02	-1.26414635e-22	1.25292145e-02	-1.25292145e-02
2930            	-1.99036927e-02	4.22518823e-01	-4.42422515e-01	6.91953071e-01	8.69277523e-01	-1.77324452e-01	5.23300987e-01	4.32470669e-01	1.24398079e-02	-1.13457565e-22	1.24398079e-02	-1.24398079e-02
2940            	-2.05624513e-02	4.24193101e-01	-4.44755552e-01	6.95158922e-01	8.73667292e-01	-1.78508370e-01	5.26087831e-01	4.34474326e-01	1.28515321e-02	-1.06941731e-22	1.28515321e-02	-1.28515321e-02
2950            	-1.98451078e-02	4.23713401e-01	-4.43558509e-01	6.93817528e-01	8.71813172e-01	-1.77995645e-01	5.24904408e-01	4.33635955e-01	1.24031924e-02	-1.08144710e-22	1.24031924e-02	-1.24031924e-02
2960            	-2.00932766e-02	4.23055984e-01	-4.43149261e-01	6.92964196e-01	8.70669984e-01	-1.77705788e-01	5.24187886e-01	4.33102622e-01	1.25582979e-02	-1.08310665e-22	1.25582979e-02	-1.25582979e-02
2970            	-2.00077086e-02	4.23126206e-01	-4.43133915e-01	6.93008097e-01	8.70623156e-01	-1.77615059e-01	5.24119108e-01	4.33130061e-01	1.25048179e-02	-1.20869256e-22	1.25048179e-02	-1.25048179e-02
2980            	-2.02772484e-02	4.23408509e-01	-4.43685757e-01	6.93675412e-01	8.71669098e-01	-1.77993686e-01	5.24831392e-01	4.33547133e-01	1.26732802e-02	-9.45965190e-23	1.26732802e-02	-1.26732802e-02
2990            	-1.99749127e-02	4.23913718e-01	-4.43888631e-01	6.94241879e-01	8.72420438e-01	-1.78178560e-01	5.25299499e-01	4.33901174e-01	1.24843204e-02	-1.37414860e-22	1.24843204e-02	-1.24843204e-02
3000            	-2.00584881e-02	4.24014345e-01	-4.44072834e-01	6.94469743e-01	8.72628094e-01	-1.78158351e-01	5.25393222e-01	4.34043590e-01	1.25365551e-02	-1.17301176e-22	1.25365551e-02	-1.25365551e-02
3010            	-2.00057058e-02	4.22963500e-01	-4.42969206e-01	6.92746165e-01	8.70329707e-01	-1.77583543e-01	5.23956625e-01	4.32966353e-01	1.25035661e-02	-1.24892105e-22	1.25035661e-02	-1.25035661e-02
3020            	-1.98512111e-02	4.23148087e-01	-4.42999298e-01	6.92917907e-01	8.70413639e-01	-1.77495732e-01	5.23954685e-01	4.33073692e-01	1.24070069e-02	-1.34080307e-22	1.24070069e-02	-1.24070069e-02
3030            	-2.00041083e-02	4.23973225e-01	-4.43977333e-01	6.94360447e-01	8.72537292e-01	-1.78176845e-01	5.25357068e-01	4.33975279e-01	1.25025677e-02	-1.00019498e-22	1.25025677e-02	-1.25025677e-02
3040            	-2.02039839e-02	4.23188162e-01	-4.43392146e-01	6.93264247e-01	8.71082501e-01	-1.77818255e-01	5.24450378e-01	4.33290154e-01	1.26274899e-02	-1.12641431e-22	1.26274899e-02	-1.26274899e-02
3050            	-2.01142317e-02	4.23096100e-01	-4.43210332e-01	6.93045146e-01	8.70714552e-01	-1.77669406e-01	5.24191979e-01	4.33153216e-01	1.25713948e-02	-1.17819362e-22	1.25713948e-02	-1.25713948e-02
3060            	-1.97645128e-02	4.23567997e-01	-4.43332509e-01	6.93520405e-01	8.71274806e-01	-1.77754401e-01	5.24514603e-01	4.33450253e-01	1.23528205e-02	-1.43320708e-22	1.23528205e-02	-1.23528205e-02
3070            	-2.00218003e-02	4.22618786e-01	-4.42640586e-01	6.92207498e-01	8.69724818e-01	-1.77517320e-01	5.23621069e-01	4.32629686e-01	1.25136252e-02	-1.03431192e-22	1.25136252e-02	-1.25136252e-02
3080            	-2.01196028e-02	4.25046720e-01	-4.45166323e-01	6.96170435e-01	8.74616823e-01	-1.78446388e-01	5.26531606e-01	4.35106522e-01	1.25747517e-02	-1.28849311e-22	1.25747517e-02	-1.25747517e-02
3090            	-2.01570412e-02	4.23775047e-01	-4.43932088e-01	6.94165708e-01	8.72399240e-01	-1.78233532e-01	5.25316386e-01	4.33853568e-01	1.25981507e-02	-1.25462606e-22	1.25981507e-02	-1.25981507e-02
3100            	-2.04083476e-02	4.24386699e-01	-4.44795046e-01	6.95345396e-01	8.73740285e-01	-1.78394888e-01	5.26067586e-01	4.34590873e-01	1.27552172e-02	-9.71837386e-23	1.27552172e-02	-1.27552172e-02
3110            	-2.00798378e-02	4.23579803e-01	-4.43659641e-01	6.93791555e-01	8.71810716e-01	-1.78019161e-01	5.24914939e-01	4.33619722e-01	1.25498986e-02	-1.24248939e-22	1.25498986e-02	-1.25498986e-02
3120            	-1.96276339e-02	4.23579800e-01	-4.43207434e-01	6.93429787e-01	8.70921182e-01	-1.77491395e-01	5.24206289e-01	4.33393617e-01	1.22672712e-02	-1.14622574e-22	1.22672712e-02	-1.22672712e-02
3130            	-2.03024549e-02	4.24426445e-01	-4.44728900e-01	6.95324276e-01	8.73808941e-01	-1.78484665e-01	5.26146803e-01	4.34577672e-01	1.26890343e-02	-1.39640680e-22	1.26890343e-02	-1.26890343e-02
3140            	-1.99605965e-02	4.23130326e-01	-4.43090923e-01	6.92977000e-01	8.70531705e-01	-1.77554705e-01	5.24043205e-01	4.33110625e-01	1.24753728e-02	-1.11867429e-22	1.24753728e-02	-1.24753728e-02
3150            	-2.01607131e-02	4.23819824e-01	-4.43980537e-01	6.94240288e-01	8.72193547e-01	-1.77953259e-01	5.25073403e-01	4.33900180e-01	1.26004457e-02	-1.15416314e-22	1.26004457e-02	-1.26004457e-02
3160            	-1.99008245e-02	4.24585685e-01	-4.44486510e-01	6.95257756e-01	8.73618124e-01	-1.78360368e-01	5.25989246e-01	4.34536098e-01	1.24380153e-02	-1.34222428e-22	1.24380153e-02	-1.24380153e-02
3170            	-2.00956676e-02	4.24282972e-01	-4.44378640e-01	6.94929289e-01	8.73305888e-01	-1.78376598e-01	5.25841243e-01	4.34330806e-01	1.25597923e-02	-1.27460452e-22	1.25597923e-02	-1.25597923e-02
3180            	-1.99580880e-02	4.23982663e-01	-4.43940751e-01	6.94338731e-01	8.72214070e-01	-1.77875338e-01	5.25044704e-01	4.33961707e-01	1.24738050e-02	-1.13374423e-22	1.24738050e-02	-1.24738050e-02
3190            	-2.02869954e-02	4.24164137e-01	-4.44451132e-01	6.94892215e-01	8.73205228e-01	-1.78313014e-01	5.25759121e-01	4.34307634e-01	1.26793721e-02	-1.36495636e-22	1.26793721e-02	-1.26793721e-02
3200            	-1.97211876e-02	4.22602916e-01	-4.42324104e-01	6.91941616e-01	8.69207932e-01	-1.77266317e-01	5.23237124e-01	4.32463510e-01	1.23257423e-02	-1.14612019e-22	1.23257423e-02	-1.23257423e-02
3210            	-1.99963629e-02	4.23697871e-01	-4.43694233e-01	6.93913683e-01	8.71625878e-01	-1.77712195e-01	5.24669037e-01	4.33696052e-01	1.24977268e-02	-1.02261224e-22	1.24977268e-02	-1.24977268e-02
3220            	-1.99951809e-02	4.23691323e-01	-4.43686503e-01	6.93902261e-01	8.71937517e-01	-1.78035256e-01	5.24986387e-01	4.33688913e-01	1.24969881e-02	-1.46040322e-22	1.24969881e-02	-1.24969881e-02
3230            	-2.01086532e-02	4.23892471e-01	-4.44001124e-01	6.94314875e-01	8.72370748e-01	-1.78055873e-01	5.25213310e-01	4.33946797e-01	1.25679082e-02	-1.02601907e-22	1.25679082e-02	-1.25679082e-02
3240            	-1.96606659e-02	4.22804528e-01	-4.42465194e-01	6.92215778e-01	8.69269868e-01	-1.77054091e-01	5.23161980e-01	4.32634861e-01	1.22879162e-02	-1.17328944e-22	1.22879162e-02	-1.22879162e-02
3250            	-2.02236353e-02	4.23361922e-01	-4.43585558e-01	6.93557984e-01	8.71380235e-01	-1.77822251e-01	5.24601243e-01	4.33473740e-01	1.26397720e-02	-1.30219200e-22	1.26397720e-02	-1.26397720e-02
3260            	-2.01114156e-02	4.23278625e-01	-4.43390040e-01	6.93334932e-01	8.71120822e-01	-1.77785890e-01	5.24453356e-01	4.33334332e-01	1.25696348e-02	-1.01000980e-22	1.25696348e-02	-1.25696348e-02
3270            	-2.00870102e-02	4.24714799e-01	-4.44801809e-01	6.95613286e-01	8.74022554e-01	-1.78409268e-01	5.26215911e-01	4.34758304e-01	1.25543814e-02	-1.15553359e-22	1.25543814e-02	-1.25543814e-02
3280            	-2.00678081e-02	4.23332495e-01	-4.43400303e-01	6.93386238e-01	8.71067473e-01	-1.77681235e-01	5.24374354e-01	4.33366399e-01	1.25423801e-02	-1.05322489e-22	1.25423801e-02	-1.25423801e-02
3290            	-2.00967071e-02	4.23713475e-01	-4.43810182e-01	6.94018925e-01	8.71920279e-01	-1.77901354e-01	5.24910817e-01	4.33761828e-01	1.25604419e-02	-1.17609783e-22	1.25604419e-02	-1.25604419e-02
3300            	-2.02238877e-02	4.24050357e-01	-4.44274244e-01	6.94659681e-01	8.72809167e-01	-1.78149485e-01	5.25479326e-01	4.34162301e-01	1.26399298e-02	-9.17056601e-23	1.26399298e-02	-1.26399298e-02
3310            	-2.04091508e-02	4.24764693e-01	-4.45173844e-01	6.95950830e-01	8.74252375e-01	-1.78301545e-01	5.26276960e-01	4.34969268e-01	1.27557193e-02	-1.20117906e-22	1.27557193e-02	-1.27557193e-02
3320            	-2.02346537e-02	4.23965891e-01	-4.44200545e-01	6.94533148e-01	8.72785900e-01	-1.78252751e-01	5.25519326e-01	4.34083218e-01	1.26466586e-02	-1.21198662e-22	1.26466586e-02	-1.26466586e-02
3330            	-1.98845574e-02	4.24085938e-01	-4.43970496e-01	6.94445147e-01	8.72378500e-01	-1.77933353e-01	5.25155926e-01	4.34028217e-01	1.24278484e-02	-1.18423720e-22	1.24278484e-02	-1.24278484e-02
3340            	-1.99106277e-02	4.23192366e-01	-4.43102994e-01	6.93036288e-01	8.70645785e-01	-1.77609497e-01	5.24127641e-01	4.33147680e-01	1.24441423e-02	-1.30928360e-22	1.24441423e-02	-1.24441423e-02
3350            	-1.98518246e-02	4.23523015e-01	-4.43374840e-01	6.93518284e-01	8.71142715e-01	-1.77624431e-01	5.24383573e-01	4.33448927e-01	1.24073904e-02	-1.19272868e-22	1.24073904e-02	-1.24073904e-02
3360            	-1.97745933e-02	4.23407910e-01	-4.43182503e-01	6.93272331e-01	8.70969002e-01	-1.77696671e-01	5.24332836e-01	4.33295207e-01	1.23591208e-02	-1.42341957e-22	1.23591208e-02	-1.23591208e-02
3370            	-2.05274383e-02	4.24347469e-01	-4.44874907e-01	6.95377900e-01	8.73531458e-01	-1.78153558e-01	5.25842508e-01	4.34611188e-01	1.28296489e-02	-1.08600642e-22	1.28296489e-02	-1.28296489e-02
3380            	-2.00506534e-02	4.23064709e-01	-4.43115363e-01	6.92944058e-01	8.70580983e-01	-1.77636925e-01	5.24108954e-01	4.33090036e-01	1.25316584e-02	-9.52520119e-23	1.25316584e-02	-1.25316584e-02
3390            	-1.99677349e-02	4.23234545e-01	-4.43202280e-01	6.93149460e-01	8.70880909e-01	-1.77731449e-01	5.24306179e-01	4.33218413e-01	1.24798343e-02	-1.38516192e-22	1.24798343e-02	-1.24798343e-02
3400            	-1.98419016e-02	4.22837373e-01	-4.42679274e-01	6.92413318e-01	8.69723959e-01	-1.77310642e-01	5.23517301e-01	4.32758323e-01	1.24011885e-02	-1.10887280e-22	1.24011885e-02	-1.24011885e-02
3410            	-2.00429688e-02	4.23895639e-01	-4.43938608e-01	6.94267397e-01	8.72247587e-01	-1.77980190e-01	5.25113888e-01	4.33917123e-01	1.25268555e-02	-1.34034262e-22	1.25268555e-02	-1.25268555e-02
3420            	-1.98819866e-02	4.22742083e-01	-4.42624069e-01	6.92292922e-01	8.69582316e-01	-1.77289395e-01	5.23435855e-01	4.32683076e-01	1.24262416e-02	-1.02919343e-22	1.24262416e-02	-1.24262416e-02
3430            	-2.01933124e-02	4.23620037e-01	-4.43813350e-01	6.93946710e-01	8.71751242e-01	-1.77804532e-01	5.24777887e-01	4.33716694e-01	1.26208202e-02	-9.81199138e-23	1.26208202e-02	-1.26208202e-02
3440            	-2.00634159e-02	4.23693776e-01	-4.43757192e-01	6.93960774e-01	8.71719184e-01	-1.77758410e-01	5.24738797e-01	4.33725484e-01	1.25396349e-02	-1.07792148e-22	1.25396349e-02	-1.25396349e-02
3450            	-2.01386531e-02	4.23904322e-01	-4.44042975e-01	6.94357837e-01	8.72458069e-01	-1.78100232e-01	5.25279150e-01	4.33973648e-01	1.25866582e-02	-1.20480259e-22	1.25866582e-02	-1.25866582e-02
3460            	-2.00205079e-02	4.23719689e-01	-4.43740197e-01	6.93967909e-01	8.71662820e-01	-1.77694911e-01	5.24678866e-01	4.33729943e-01	1.25128174e-02	-1.26013213e-22	1.25128174e-02	-1.25128174e-02
3470            	-2.00482295e-02	4.23839295e-01	-4.43887525e-01	6.94181456e-01	8.72181578e-01	-1.78000122e-01	5.25090850e-01	4.33863410e-01	1.25301434e-02	-1.09367672e-22	1.25301434e-02	-1.25301434e-02
3480            	-2.01447712e-02	4.24259099e-01	-4.44403871e-01	6.94930376e-01	8.73121216e-01	-1.78190840e-01	5.25656028e-01	4.34331485e-01	1.25904820e-02	-1.13183574e-22	1.25904820e-02	-1.25904820e-02
3490            	-2.01472880e-02	4.24450763e-01	-4.44598051e-01	6.95239051e-01	8.73443971e-01	-1.78204919e-01	5.25824445e-01	4.34524407e-01	1.25920550e-02	-1.12427005e-22	1.25920550e-02	-1.25920550e-02
3500            	-2.00853175e-02	4.23935875e-01	-4.44021193e-01	6.94365655e-01	8.72303160e-01	-1.77937505e-01	5.25120333e-01	4.33978534e-01	1.25533235e-02	-1.20103980e-22	1.25533235e-02	-1.25533235e-02
3510            	-1.99056597e-02	4.23957275e-01	-4.43862935e-01	6.94256168e-01	8.72203619e-01	-1.77947452e-01	5.25075536e-01	4.33910105e-01	1.24410373e-02	-1.37667345e-22	1.24410373e-02	-1.24410373e-02
3520            	-1.98584230e-02	4.22965030e-01	-4.42823453e-01	6.92630786e-01	8.69991734e-01	-1.77360949e-01	5.23676342e-01	4.32894241e-01	1.24115144e-02	-1.30261125e-22	1.24115144e-02	-1.24115144e-02
3530            	-2.02799271e-02	4.24348106e-01	-4.44628033e-01	6.95180911e-01	8.73536311e-01	-1.78355400e-01	5.25945856e-01	4.34488070e-01	1.26749545e-02	-1.13603812e-22	1.26749545e-02	-1.26749545e-02
3540            	-1.99791368e-02	4.24273745e-01	-4.44252882e-01	6.94821302e-01	8.72945226e-01	-1.78123924e-01	5.25534575e-01	4.34263314e-01	1.24869605e-02	-1.37352609e-22	1.24869605e-02	-1.24869605e-02
3550            	-1.99700715e-02	4.23937123e-01	-4.43907195e-01	6.94275455e-01	8.72154864e-01	-1.77879409e-01	5.25017136e-01	4.33922159e-01	1.24812947e-02	-1.23361822e-22	1.24812947e-02	-1.24812947e-02
3560            	-2.03520189e-02	4.24807845e-01	-4.45159864e-01	6.95974167e-01	8.74581150e-01	-1.78606983e-01	5.26594066e-01	4.34983854e-01	1.27200118e-02	-1.31219978e-22	1.27200118e-02	-1.27200118e-02
3570            	-1.98791125e-02	4.23618936e-01	-4.43498049e-01	6.93693588e-01	8.71417803e-01	-1.77724214e-01	5.24571009e-01	4.33558493e-01	1.24244453e-02	-1.24603564e-22	1.24244453e-02	-1.24244453e-02
3580            	-2.03701975e-02	4.23742177e-01	-4.44112375e-01	6.94283642e-01	8.72221922e-01	-1.77938280e-01	5.25080101e-01	4.33927276e-01	1.27313734e-02	-1.06733174e-22	1.27313734e-02	-1.27313734e-02
3590            	-1.98302536e-02	4.23846732e-01	-4.43676985e-01	6.94018973e-01	8.71967086e-01	-1.77948113e-01	5.24957600e-01	4.33761858e-01	1.23939085e-02	-1.07586346e-22	1.23939085e-02	-1.23939085e-02
3600            	-2.01297641e-02	4.24034124e-01	-4.44163888e-01	6.94558409e-01	8.72538370e-01	-1.77979961e-01	5.25259166e-01	4.34099006e-01	1.25811025e-02	-1.18767603e-22	1.25811025e-02	-1.25811025e-02
3610            	-1.98678840e-02	4.23107972e-01	-4.42975856e-01	6.92867063e-01	8.70427441e-01	-1.77560378e-01	5.23993910e-01	4.33041914e-01	1.24174275e-02	-1.23187540e-22	1.24174275e-02	-1.24174275e-02
3620            	-2.03145273e-02	4.23941539e-01	-4.44256066e-01	6.94558084e-01	8.72574364e-01	-1.78016280e-01	5.25295322e-01	4.34098802e-01	1.26965796e-02	-1.06837893e-22	1.26965796e-02	-1.26965796e-02
3630            	-2.01444366e-02	4.23789867e-01	-4.43934304e-01	6.94179337e-01	8.72190081e-01	-1.78010744e-01	5.25100413e-01	4.33862086e-01	1.25902729e-02	-1.38866396e-22	1.25902729e-02	-1.25902729e-02
