# Force         
# CofR          : (0.00000000e+00 0.00000000e+00 0.00000000e+00)
#
# Time          	total_x total_y total_z	pressure_x pressure_y pressure_z	viscous_x viscous_y viscous_z
10               -4.41733324e+02 -3.01948296e+03 -5.90825653e-19 -4.47182306e+02 -3.01917623e+03 -5.84743757e-19 5.44898144e+00 -3.06727813e-01 -6.08189559e-21
20               -6.09133906e+01 -2.06793989e+02 1.27539555e-18 -6.93553618e+01 -2.06386007e+02 1.27645401e-18 8.44197120e+00 -4.07981433e-01 -1.05845670e-21
30               1.44275684e+01 1.71282656e+02 1.34731870e-18 4.01379743e+00 1.71796405e+02 1.34603186e-18 1.04137710e+01 -5.13749188e-01 1.28683940e-21
40               1.57558356e+01 1.28917101e+02 1.33812330e-18 4.74532896e+00 1.29490641e+02 1.33708857e-18 1.10105067e+01 -5.73539516e-01 1.03473123e-21
50               1.73185136e+01 1.05892055e+02 1.32282473e-18 6.43710918e+00 1.06467695e+02 1.32070603e-18 1.08814044e+01 -5.75640720e-01 2.11869615e-21
60               1.73177547e+01 7.97328250e+01 1.35166557e-18 6.80950103e+00 8.02990691e+01 1.35203623e-18 1.05082537e+01 -5.66244117e-01 -3.70664672e-22
70               1.65315807e+01 4.83030072e+01 1.30543140e-18 6.42858654e+00 4.88647885e+01 1.30506339e-18 1.01029941e+01 -5.61781344e-01 3.68001443e-22
80               1.43349647e+01 2.61353191e+01 1.26820617e-18 4.61368948e+00 2.66970638e+01 1.26810868e-18 9.72127518e+00 -5.61744730e-01 9.74807602e-23
90               2.48257121e+01 1.63636987e+02 1.49782782e-18 1.54682164e+01 1.64188569e+02 1.49783449e-18 9.35749573e+00 -5.51582418e-01 -6.66678199e-24
100              3.76643739e+01 3.57100430e+02 1.62385398e-18 2.86244383e+01 3.57621725e+02 1.62417491e-18 9.03993552e+00 -5.21294852e-01 -3.20933652e-22
110              4.34047716e+01 5.30233806e+02 1.58654761e-18 3.46635366e+01 5.30712014e+02 1.58687275e-18 8.74123501e+00 -4.78207807e-01 -3.25140941e-22
120              3.70664360e+01 6.51664645e+02 1.43171162e-18 2.85846263e+01 6.52091786e+02 1.42947613e-18 8.48180975e+00 -4.27140647e-01 2.23548318e-21
130              2.88506120e+01 7.33502296e+02 1.24624714e-18 2.05827228e+01 7.33878847e+02 1.24208593e-18 8.26788919e+00 -3.76550753e-01 4.16121828e-21
140              1.82163775e+01 7.95508499e+02 9.43181251e-19 1.01313308e+01 7.95834540e+02 9.49569367e-19 8.08504677e+00 -3.26040949e-01 -6.38811613e-21
150              1.04900057e+01 8.53092764e+02 7.09071154e-19 2.56009923e+00 8.53366467e+02 7.22402921e-19 7.92990648e+00 -2.73703230e-01 -1.33317669e-20
160              4.38120437e+00 8.91736358e+02 5.47813490e-19 -3.42968060e+00 8.91966597e+02 5.64183193e-19 7.81088497e+00 -2.30238231e-01 -1.63697022e-20
170              -2.16901598e+00 9.14338605e+02 4.23336270e-19 -9.87845693e+00 9.14534842e+02 4.41970552e-19 7.70944095e+00 -1.96237895e-01 -1.86342821e-20
180              -7.69637574e+00 9.29238884e+02 3.15363208e-19 -1.53168961e+01 9.29407114e+02 3.27334160e-19 7.62052035e+00 -1.68230203e-01 -1.19709516e-20
190              -1.15334715e+01 9.43351223e+02 3.60650628e-19 -1.90776832e+01 9.43493357e+02 3.62742553e-19 7.54421169e+00 -1.42133850e-01 -2.09192525e-21
200              -1.52030983e+01 9.57278102e+02 2.15652835e-19 -2.26769805e+01 9.57398331e+02 2.12913504e-19 7.47388227e+00 -1.20228521e-01 2.73933124e-21
210              -1.90295700e+01 9.79971940e+02 1.65169342e-19 -2.64354929e+01 9.80072561e+02 1.58692682e-19 7.40592292e+00 -1.00621274e-01 6.47666020e-21
220              -2.25607297e+01 9.94279952e+02 1.44461465e-19 -2.99005063e+01 9.94364981e+02 1.39862422e-19 7.33977665e+00 -8.50291677e-02 4.59904327e-21
230              -2.48838993e+01 1.00748553e+03 9.34568079e-20 -3.21462540e+01 1.00755507e+03 8.84341566e-20 7.26235474e+00 -6.95344164e-02 5.02265129e-21
240              -2.76286906e+01 1.01687249e+03 7.06200611e-20 -3.48099256e+01 1.01692320e+03 6.94148643e-20 7.18123503e+00 -5.07064432e-02 1.20519682e-21
250              -3.03347944e+01 1.02484683e+03 2.56426422e-20 -3.74291362e+01 1.02488001e+03 2.24706283e-20 7.09434188e+00 -3.31751132e-02 3.17201396e-21
260              -3.31650708e+01 1.02629110e+03 -6.37649221e-20 -4.01706716e+01 1.02630639e+03 -7.01894915e-20 7.00560086e+00 -1.52937094e-02 6.42456935e-21
270              -3.43886943e+01 1.02874570e+03 -2.30352582e-20 -4.13025310e+01 1.02874281e+03 -2.85885125e-20 6.91383669e+00 2.88968567e-03 5.55325439e-21
280              -3.63378076e+01 1.03146678e+03 -1.03093082e-19 -4.31587183e+01 1.03144591e+03 -1.11692598e-19 6.82091067e+00 2.08727250e-02 8.59951557e-21
290              -3.80882297e+01 1.03870623e+03 -1.29847901e-19 -4.48222536e+01 1.03866865e+03 -1.36738774e-19 6.73402388e+00 3.75732480e-02 6.89087254e-21
300              -3.70809948e+01 1.04217759e+03 -6.01434308e-20 -4.37304313e+01 1.04212164e+03 -6.70294074e-20 6.64943659e+00 5.59461911e-02 6.88597660e-21
310              -3.82554985e+01 1.04872867e+03 -9.03980233e-20 -4.48244533e+01 1.04865883e+03 -9.62566808e-20 6.56895485e+00 6.98432002e-02 5.85865743e-21
320              -3.83513103e+01 1.05360299e+03 -1.22592091e-19 -4.48456781e+01 1.05351938e+03 -1.29863790e-19 6.49436780e+00 8.36113967e-02 7.27169886e-21
330              -3.98558288e+01 1.06273281e+03 -1.67499147e-19 -4.62816846e+01 1.06263704e+03 -1.72692394e-19 6.42585585e+00 9.57756709e-02 5.19324671e-21
340              -4.00385816e+01 1.06783832e+03 -1.49322632e-19 -4.64011264e+01 1.06772884e+03 -1.54675794e-19 6.36254478e+00 1.09486416e-01 5.35316198e-21
350              -4.05863521e+01 1.07731873e+03 -2.03139062e-19 -4.68904032e+01 1.07719796e+03 -2.09890620e-19 6.30405108e+00 1.20779260e-01 6.75155770e-21
360              -4.05349770e+01 1.08393896e+03 -1.61974626e-19 -4.67880321e+01 1.08380672e+03 -1.59516906e-19 6.25305512e+00 1.32239247e-01 -2.45772011e-21
370              -4.18755324e+01 1.09140428e+03 -2.98289402e-19 -4.80860174e+01 1.09126037e+03 -2.94438999e-19 6.21048498e+00 1.43906928e-01 -3.85040309e-21
380              -4.24750397e+01 1.09278252e+03 -2.73580313e-19 -4.86533136e+01 1.09262773e+03 -2.68489316e-19 6.17827394e+00 1.54792467e-01 -5.09099737e-21
390              -4.31516810e+01 1.10169940e+03 -2.90979862e-19 -4.93029176e+01 1.10153168e+03 -2.86537806e-19 6.15123661e+00 1.67713955e-01 -4.44205523e-21
400              -4.46238924e+01 1.10406060e+03 -3.21009620e-19 -5.07552993e+01 1.10388413e+03 -3.20924570e-19 6.13140696e+00 1.76467177e-01 -8.50506556e-23
410              -4.55211451e+01 1.10995767e+03 -2.64376064e-19 -5.16363150e+01 1.10977533e+03 -2.62090033e-19 6.11516986e+00 1.82340264e-01 -2.28603121e-21
420              -4.72689509e+01 1.11224419e+03 -3.39742736e-19 -5.33701450e+01 1.11205749e+03 -3.33044027e-19 6.10119411e+00 1.86695683e-01 -6.69870887e-21
430              -4.69914579e+01 1.11933971e+03 -3.28750625e-19 -5.30793926e+01 1.11914803e+03 -3.23439739e-19 6.08793464e+00 1.91681264e-01 -5.31088526e-21
440              -4.78280101e+01 1.12174003e+03 -2.54410949e-19 -5.39063086e+01 1.12154130e+03 -2.45711232e-19 6.07829848e+00 1.98728113e-01 -8.69971621e-21
450              -4.88228927e+01 1.12365868e+03 -3.15592430e-19 -5.48942663e+01 1.12345670e+03 -3.06951197e-19 6.07137361e+00 2.01972913e-01 -8.64123309e-21
460              -4.89085098e+01 1.12525421e+03 -2.59673586e-19 -5.49729309e+01 1.12504994e+03 -2.54175832e-19 6.06442102e+00 2.04272219e-01 -5.49775395e-21
470              -4.88610042e+01 1.13284707e+03 -2.42429075e-19 -5.49249505e+01 1.13263871e+03 -2.39940281e-19 6.06394632e+00 2.08366776e-01 -2.48879457e-21
480              -4.82775825e+01 1.13111045e+03 -2.15647120e-19 -5.43462591e+01 1.13090076e+03 -2.10643801e-19 6.06867662e+00 2.09695187e-01 -5.00331901e-21
490              -4.89165056e+01 1.14191400e+03 -2.73004151e-19 -5.49886845e+01 1.14170637e+03 -2.68600617e-19 6.07217884e+00 2.07621961e-01 -4.40353324e-21
500              -4.79901249e+01 1.14686027e+03 -3.34006872e-19 -5.40695538e+01 1.14665092e+03 -3.31525634e-19 6.07942896e+00 2.09348073e-01 -2.48123832e-21
510              -4.66977840e+01 1.16115903e+03 -3.95624393e-19 -5.27867386e+01 1.16094768e+03 -3.92468224e-19 6.08895464e+00 2.11350082e-01 -3.15616898e-21
520              -4.61668182e+01 1.16883163e+03 -4.96807207e-19 -5.22692368e+01 1.16861753e+03 -4.97918444e-19 6.10241851e+00 2.14105688e-01 1.11123747e-21
530              -4.62661032e+01 1.15468466e+03 -5.68806027e-19 -5.23956116e+01 1.15446983e+03 -5.61384326e-19 6.12950838e+00 2.14833445e-01 -7.42170061e-21
540              -4.90350089e+01 1.10102542e+03 -5.35873192e-19 -5.52230553e+01 1.10081419e+03 -5.27803378e-19 6.18804642e+00 2.11224073e-01 -8.06981410e-21
550              -5.42922183e+01 1.02658804e+03 -4.57885522e-19 -6.05625797e+01 1.02639409e+03 -4.46950639e-19 6.27036146e+00 1.93957999e-01 -1.09348829e-20
560              -5.37702618e+01 1.02197034e+03 -4.51700352e-19 -6.01035670e+01 1.02178456e+03 -4.43559004e-19 6.33330511e+00 1.85776932e-01 -8.14134814e-21
570              -5.39106311e+01 1.01867220e+03 -4.82632606e-19 -6.02991159e+01 1.01849227e+03 -4.71304890e-19 6.38848476e+00 1.79934080e-01 -1.13277165e-20
580              -5.40935096e+01 1.01046941e+03 -3.78592009e-19 -6.05474169e+01 1.01029675e+03 -3.72641922e-19 6.45390725e+00 1.72661996e-01 -5.95008633e-21
590              -5.38548434e+01 1.00607333e+03 -3.72693877e-19 -6.03767647e+01 1.00590723e+03 -3.63192401e-19 6.52192125e+00 1.66104841e-01 -9.50147620e-21
600              -5.45798550e+01 1.00227809e+03 -3.92679646e-19 -6.11599497e+01 1.00212014e+03 -3.82624184e-19 6.58009464e+00 1.57946771e-01 -1.00554625e-20
610              -5.40527175e+01 1.00279236e+03 -3.76224959e-19 -6.06806968e+01 1.00264179e+03 -3.70629195e-19 6.62797935e+00 1.50572269e-01 -5.59576390e-21
620              -5.39948517e+01 9.95586021e+02 -3.55442207e-19 -6.06647434e+01 9.95441673e+02 -3.49183391e-19 6.66989167e+00 1.44347806e-01 -6.25881655e-21
630              -5.35341896e+01 1.00164990e+03 -3.24502267e-19 -6.02417093e+01 1.00151045e+03 -3.16366214e-19 6.70751964e+00 1.39446804e-01 -8.13605264e-21
640              -5.31300944e+01 9.95789120e+02 -3.91145440e-19 -5.98748973e+01 9.95652663e+02 -3.83626456e-19 6.74480293e+00 1.36456999e-01 -7.51898331e-21
650              -5.30536131e+01 9.95372891e+02 -3.05032393e-19 -5.98346166e+01 9.95241584e+02 -2.98058805e-19 6.78100356e+00 1.31306416e-01 -6.97358829e-21
660              -5.26500262e+01 9.91397584e+02 -3.45336816e-19 -5.94664283e+01 9.91273195e+02 -3.40298777e-19 6.81640202e+00 1.24389574e-01 -5.03803926e-21
670              -5.25480205e+01 9.95845301e+02 -3.22566215e-19 -5.93964660e+01 9.95728907e+02 -3.19873177e-19 6.84844549e+00 1.16393804e-01 -2.69303756e-21
680              -5.19052989e+01 9.94895191e+02 -2.82035925e-19 -5.87870683e+01 9.94783604e+02 -2.75338416e-19 6.88176944e+00 1.11587098e-01 -6.69750913e-21
690              -5.12652637e+01 9.90263432e+02 -2.33473852e-19 -5.81809776e+01 9.90155777e+02 -2.26708409e-19 6.91571397e+00 1.07655111e-01 -6.76544291e-21
700              -5.24089912e+01 9.99111012e+02 -3.09843995e-19 -5.93566876e+01 9.99010525e+02 -3.12487464e-19 6.94769636e+00 1.00486552e-01 2.64346962e-21
710              -5.07098753e+01 9.96680208e+02 -2.56648180e-19 -5.76864960e+01 9.96585562e+02 -2.59703261e-19 6.97662078e+00 9.46464257e-02 3.05508136e-21
720              -5.18366589e+01 9.97996523e+02 -2.65161410e-19 -5.88407501e+01 9.97908964e+02 -2.69348952e-19 7.00409129e+00 8.75598010e-02 4.18754254e-21
730              -5.24147851e+01 1.00462880e+03 -3.31716859e-19 -5.94437532e+01 1.00454563e+03 -3.27716209e-19 7.02896816e+00 8.31709197e-02 -4.00064965e-21
740              -5.11128922e+01 1.00016612e+03 -2.51476317e-19 -5.81657085e+01 1.00008590e+03 -2.48892421e-19 7.05281625e+00 8.02205953e-02 -2.58389554e-21
750              -5.18891539e+01 1.00538480e+03 -2.65571173e-19 -5.89626563e+01 1.00530939e+03 -2.61931963e-19 7.07350244e+00 7.54142027e-02 -3.63921021e-21
760              -5.30021999e+01 1.00940172e+03 -3.63651235e-19 -6.00962229e+01 1.00932954e+03 -3.58530224e-19 7.09402294e+00 7.21806311e-02 -5.12101050e-21
770              -5.14390711e+01 1.00822781e+03 -2.54064515e-19 -5.85562285e+01 1.00815782e+03 -2.50603615e-19 7.11715733e+00 6.99881472e-02 -3.46089987e-21
780              -5.22647437e+01 1.01024999e+03 -2.65057147e-19 -5.93985678e+01 1.01018566e+03 -2.63361367e-19 7.13382411e+00 6.43320750e-02 -1.69577976e-21
790              -5.33951373e+01 1.01741968e+03 -3.27621089e-19 -6.05452123e+01 1.01735964e+03 -3.26369523e-19 7.15007497e+00 6.00418801e-02 -1.25156541e-21
800              -5.21058210e+01 1.01461078e+03 -2.46936084e-19 -5.92724065e+01 1.01455391e+03 -2.45645428e-19 7.16658543e+00 5.68748290e-02 -1.29065594e-21
810              -5.29230256e+01 1.02086758e+03 -2.69226390e-19 -6.01008827e+01 1.02081540e+03 -2.66974288e-19 7.17785707e+00 5.21766544e-02 -2.25210198e-21
820              -5.35881412e+01 1.02710201e+03 -3.42380436e-19 -6.07773764e+01 1.02705159e+03 -3.36928883e-19 7.18923514e+00 5.04152771e-02 -5.45155299e-21
830              -5.28496728e+01 1.02245826e+03 -3.34702564e-19 -6.00514139e+01 1.02240780e+03 -3.28226442e-19 7.20174110e+00 5.04545673e-02 -6.47612246e-21
840              -5.34756657e+01 1.03210413e+03 -3.17473093e-19 -6.06892318e+01 1.03205544e+03 -3.11129339e-19 7.21356611e+00 4.86875774e-02 -6.34375436e-21
850              -5.38039928e+01 1.03611609e+03 -3.05250134e-19 -6.10295981e+01 1.03607027e+03 -3.00103541e-19 7.22560529e+00 4.58257397e-02 -5.14659333e-21
860              -5.39639277e+01 1.03468469e+03 -3.27040947e-19 -6.11989754e+01 1.03464421e+03 -3.22976752e-19 7.23504774e+00 4.04836578e-02 -4.06419590e-21
870              -5.44261141e+01 1.04525134e+03 -3.48919255e-19 -6.16694331e+01 1.04521391e+03 -3.42226668e-19 7.24331901e+00 3.74276113e-02 -6.69258755e-21
880              -5.50484397e+01 1.04505797e+03 -3.18491904e-19 -6.23000660e+01 1.04502299e+03 -3.17344818e-19 7.25162626e+00 3.49853237e-02 -1.14708647e-21
890              -5.47094494e+01 1.04611627e+03 -3.53632039e-19 -6.19700124e+01 1.04608448e+03 -3.50195349e-19 7.26056293e+00 3.17970232e-02 -3.43669081e-21
900              -5.51105440e+01 1.05175960e+03 -3.61282091e-19 -6.23766202e+01 1.05173103e+03 -3.56110783e-19 7.26607624e+00 2.85721238e-02 -5.17130817e-21
910              -5.63338161e+01 1.05739961e+03 -4.03047604e-19 -6.36055838e+01 1.05737376e+03 -3.97225675e-19 7.27176772e+00 2.58463818e-02 -5.82192883e-21
920              -5.56190695e+01 1.05287445e+03 -3.65896541e-19 -6.28979693e+01 1.05285043e+03 -3.59540960e-19 7.27889978e+00 2.40141908e-02 -6.35558154e-21
930              -5.55218197e+01 1.06544224e+03 -3.79061552e-19 -6.28050973e+01 1.06541884e+03 -3.72067794e-19 7.28327764e+00 2.34050618e-02 -6.99375783e-21
940              -5.65951337e+01 1.06286494e+03 -3.96662870e-19 -6.38846272e+01 1.06284229e+03 -3.90098481e-19 7.28949350e+00 2.26471587e-02 -6.56438883e-21
950              -5.65416256e+01 1.06563333e+03 -4.51259890e-19 -6.38348301e+01 1.06561386e+03 -4.44018970e-19 7.29320444e+00 1.94648605e-02 -7.24092007e-21
960              -5.61641559e+01 1.07578638e+03 -4.01076275e-19 -6.34622044e+01 1.07576847e+03 -3.98067402e-19 7.29804849e+00 1.79079399e-02 -3.00887315e-21
970              -5.69082666e+01 1.07474807e+03 -3.64628632e-19 -6.42094030e+01 1.07473308e+03 -3.60245491e-19 7.30113643e+00 1.49845303e-02 -4.38314047e-21
980              -5.71742644e+01 1.07805825e+03 -4.49106813e-19 -6.44808058e+01 1.07804749e+03 -4.43260615e-19 7.30654147e+00 1.07682018e-02 -5.84619786e-21
990              -5.69415515e+01 1.08233701e+03 -3.64215252e-19 -6.42526883e+01 1.08233127e+03 -3.60320115e-19 7.31113680e+00 5.74727652e-03 -3.89513715e-21
1000             -5.81778137e+01 1.09039011e+03 -4.29964605e-19 -6.54917341e+01 1.09038772e+03 -4.24471754e-19 7.31392037e+00 2.39046178e-03 -5.49285153e-21
1010             -5.77275275e+01 1.08583079e+03 -4.56871083e-19 -6.50454736e+01 1.08583002e+03 -4.49930162e-19 7.31794604e+00 7.62478802e-04 -6.94092144e-21
1020             -5.74369791e+01 1.09662898e+03 -4.15655087e-19 -6.47612446e+01 1.09663214e+03 -4.12534729e-19 7.32426544e+00 -3.16407075e-03 -3.12035785e-21
1030             -5.85085564e+01 1.09822774e+03 -4.60859491e-19 -6.58389576e+01 1.09823189e+03 -4.54925778e-19 7.33040128e+00 -4.14596908e-03 -5.93371344e-21
1040             -5.78222246e+01 1.10291274e+03 -4.16975913e-19 -6.51619142e+01 1.10291608e+03 -4.08659687e-19 7.33968959e+00 -3.34230489e-03 -8.31622587e-21
1050             -5.84912117e+01 1.10403846e+03 -4.98245040e-19 -6.58414609e+01 1.10404237e+03 -4.91148249e-19 7.35024911e+00 -3.91208170e-03 -7.09679092e-21
1060             -5.88180064e+01 1.11176170e+03 -4.89982571e-19 -6.61768628e+01 1.11176417e+03 -4.82097292e-19 7.35885637e+00 -2.47244863e-03 -7.88527848e-21
1070             -5.90557862e+01 1.11139646e+03 -4.56323473e-19 -6.64253235e+01 1.11139885e+03 -4.48370510e-19 7.36953728e+00 -2.39476319e-03 -7.95296294e-21
1080             -5.89960285e+01 1.11878189e+03 -4.89938983e-19 -6.63735703e+01 1.11878781e+03 -4.85612468e-19 7.37754181e+00 -5.91561764e-03 -4.32651520e-21
1090             -6.01722247e+01 1.12412641e+03 -5.14517300e-19 -6.75541530e+01 1.12413715e+03 -5.10064456e-19 7.38192829e+00 -1.07415775e-02 -4.45284373e-21
1100             -5.95721755e+01 1.12082993e+03 -4.63587477e-19 -6.69587039e+01 1.12084493e+03 -4.58808141e-19 7.38652838e+00 -1.50068014e-02 -4.77933670e-21
1110             -5.97412705e+01 1.13009414e+03 -4.88557142e-19 -6.71327497e+01 1.13011009e+03 -4.83998238e-19 7.39147911e+00 -1.59450758e-02 -4.55890427e-21
1120             -6.01447753e+01 1.13143354e+03 -4.94153335e-19 -6.75437911e+01 1.13144655e+03 -4.88314199e-19 7.39901577e+00 -1.30183648e-02 -5.83913584e-21
1130             -6.08826420e+01 1.13385351e+03 -5.42048680e-19 -6.82889650e+01 1.13386789e+03 -5.35379799e-19 7.40632292e+00 -1.43783157e-02 -6.66888098e-21
1140             -6.03976215e+01 1.13755066e+03 -5.23478396e-19 -6.78069572e+01 1.13756945e+03 -5.22548616e-19 7.40933571e+00 -1.87899492e-02 -9.29779652e-22
1150             -6.05873162e+01 1.14141683e+03 -5.56485159e-19 -6.79955417e+01 1.14143947e+03 -5.53210520e-19 7.40822552e+00 -2.26452436e-02 -3.27463940e-21
1160             -6.06913692e+01 1.14321270e+03 -5.12658832e-19 -6.81011455e+01 1.14323599e+03 -5.08954389e-19 7.40977621e+00 -2.32985751e-02 -3.70444246e-21
1170             -6.10527511e+01 1.14878915e+03 -5.70146711e-19 -6.84643423e+01 1.14881042e+03 -5.67321290e-19 7.41159120e+00 -2.12695627e-02 -2.82542068e-21
1180             -6.20266362e+01 1.15052122e+03 -5.86792509e-19 -6.94410331e+01 1.15054279e+03 -5.84635667e-19 7.41439685e+00 -2.15660538e-02 -2.15684201e-21
1190             -6.18966818e+01 1.15150700e+03 -5.57973094e-19 -6.93126154e+01 1.15153124e+03 -5.56912594e-19 7.41593357e+00 -2.42388054e-02 -1.06049946e-21
1200             -6.19969002e+01 1.15901336e+03 -5.73374039e-19 -6.94116880e+01 1.15904324e+03 -5.73566574e-19 7.41478782e+00 -2.98804781e-02 1.92534510e-22
1210             -6.31440539e+01 1.15733262e+03 -6.17468761e-19 -7.05605929e+01 1.15736428e+03 -6.14835337e-19 7.41653890e+00 -3.16642211e-02 -2.63342448e-21
1220             -6.18773445e+01 1.15696064e+03 -5.73596693e-19 -6.92962356e+01 1.15699108e+03 -5.70136846e-19 7.41889109e+00 -3.04393120e-02 -3.45984628e-21
1230             -6.23533033e+01 1.16208962e+03 -5.96927498e-19 -6.97750570e+01 1.16212047e+03 -5.94510187e-19 7.42175366e+00 -3.08523454e-02 -2.41731027e-21
1240             -6.26242034e+01 1.16560627e+03 -5.82755308e-19 -7.00451792e+01 1.16563636e+03 -5.80432404e-19 7.42097573e+00 -3.00972625e-02 -2.32290496e-21
1250             -6.33008435e+01 1.16914191e+03 -6.00839399e-19 -7.07191803e+01 1.16917352e+03 -5.97916298e-19 7.41833682e+00 -3.16186316e-02 -2.92310195e-21
1260             -6.33851342e+01 1.17539507e+03 -5.96915020e-19 -7.08005410e+01 1.17543030e+03 -5.96046692e-19 7.41540676e+00 -3.52321725e-02 -8.68328120e-22
1270             -6.27448134e+01 1.17123217e+03 -5.88446386e-19 -7.01533993e+01 1.17126876e+03 -5.87190024e-19 7.40858594e+00 -3.65988323e-02 -1.25636176e-21
1280             -6.41398897e+01 1.17415547e+03 -6.18353998e-19 -7.15439921e+01 1.17419246e+03 -6.19675053e-19 7.40410245e+00 -3.69906862e-02 1.32105446e-21
1290             -6.43720646e+01 1.18006566e+03 -6.59947873e-19 -7.17705499e+01 1.18010369e+03 -6.58081306e-19 7.39848525e+00 -3.80252584e-02 -1.86656685e-21
1300             -6.24169824e+01 1.17593121e+03 -5.49993332e-19 -6.98103845e+01 1.17597238e+03 -5.46939573e-19 7.39340210e+00 -4.11704575e-02 -3.05375887e-21
1310             -6.47017768e+01 1.18182908e+03 -6.69333452e-19 -7.20888106e+01 1.18186957e+03 -6.67289026e-19 7.38703371e+00 -4.04990934e-02 -2.04442539e-21
1320             -6.57803480e+01 1.18203172e+03 -6.85883825e-19 -7.31635954e+01 1.18207288e+03 -6.83977138e-19 7.38324741e+00 -4.11658229e-02 -1.90668744e-21
1330             -6.39794091e+01 1.18342660e+03 -6.06285569e-19 -7.13608757e+01 1.18347016e+03 -6.03534244e-19 7.38146661e+00 -4.35636980e-02 -2.75132550e-21
1340             -6.48245183e+01 1.18756348e+03 -6.83542933e-19 -7.21993421e+01 1.18760649e+03 -6.82549750e-19 7.37482380e+00 -4.30077456e-02 -9.93182539e-22
1350             -6.45206515e+01 1.19025149e+03 -5.88272033e-19 -7.18914584e+01 1.19029488e+03 -5.86437962e-19 7.37080692e+00 -4.33871407e-02 -1.83407049e-21
1360             -6.52819653e+01 1.18950170e+03 -6.56051348e-19 -7.26505322e+01 1.18954499e+03 -6.53609331e-19 7.36856691e+00 -4.32896820e-02 -2.44201695e-21
1370             -6.53398750e+01 1.19003664e+03 -6.57523056e-19 -7.27090257e+01 1.19007877e+03 -6.55948377e-19 7.36915073e+00 -4.21245641e-02 -1.57467871e-21
1380             -6.51078583e+01 1.19379381e+03 -6.55906820e-19 -7.24798278e+01 1.19383525e+03 -6.54177998e-19 7.37196956e+00 -4.14429363e-02 -1.72882166e-21
1390             -6.57986155e+01 1.19066850e+03 -6.94028989e-19 -7.31733213e+01 1.19071283e+03 -6.95024369e-19 7.37470586e+00 -4.43299620e-02 9.95380842e-22
1400             -6.64953131e+01 1.19531725e+03 -6.70646280e-19 -7.38746485e+01 1.19536097e+03 -6.69362205e-19 7.37933536e+00 -4.37178742e-02 -1.28407516e-21
1410             -6.58575616e+01 1.19642078e+03 -6.73584651e-19 -7.32405836e+01 1.19646649e+03 -6.71807450e-19 7.38302207e+00 -4.57126434e-02 -1.77720142e-21
1420             -6.57221542e+01 1.19477983e+03 -6.96790404e-19 -7.31047167e+01 1.19482619e+03 -6.97790637e-19 7.38256244e+00 -4.63664344e-02 1.00023288e-21
1430             -6.65777284e+01 1.19904348e+03 -7.18738572e-19 -7.39590061e+01 1.19908894e+03 -7.15759674e-19 7.38127765e+00 -4.54577699e-02 -2.97889771e-21
1440             -6.62929214e+01 1.19808372e+03 -6.71587182e-19 -7.36719500e+01 1.19813013e+03 -6.69223808e-19 7.37902852e+00 -4.64167976e-02 -2.36337334e-21
1450             -6.69797980e+01 1.20131932e+03 -6.87153450e-19 -7.43494640e+01 1.20137117e+03 -6.88239864e-19 7.36966595e+00 -5.18516981e-02 1.08641430e-21
1460             -6.68049746e+01 1.20177865e+03 -7.55460218e-19 -7.41688942e+01 1.20182956e+03 -7.52447409e-19 7.36391959e+00 -5.09087495e-02 -3.01280896e-21
1470             -6.61367037e+01 1.20069126e+03 -6.58226772e-19 -7.34929087e+01 1.20074621e+03 -6.59558219e-19 7.35620497e+00 -5.49423197e-02 1.33144682e-21
1480             -6.70226086e+01 1.20094096e+03 -6.97446444e-19 -7.43724367e+01 1.20099750e+03 -6.94942554e-19 7.34982812e+00 -5.65395803e-02 -2.50389034e-21
1490             -6.72718828e+01 1.20652183e+03 -7.07071634e-19 -7.46184373e+01 1.20657742e+03 -7.05770471e-19 7.34655450e+00 -5.55891610e-02 -1.30116285e-21
1500             -6.70278200e+01 1.20248808e+03 -6.93169808e-19 -7.43683357e+01 1.20254847e+03 -6.91771759e-19 7.34051571e+00 -6.03923576e-02 -1.39804911e-21
1510             -6.68123585e+01 1.20446268e+03 -6.99011550e-19 -7.41489188e+01 1.20452320e+03 -6.95973167e-19 7.33656035e+00 -6.05126336e-02 -3.03838314e-21
1520             -6.69825824e+01 1.20411840e+03 -7.02294825e-19 -7.43111374e+01 1.20418177e+03 -7.00844913e-19 7.32855496e+00 -6.33695373e-02 -1.44991168e-21
1530             -6.71455283e+01 1.20677859e+03 -7.46860801e-19 -7.44650721e+01 1.20684097e+03 -7.45449320e-19 7.31954384e+00 -6.23828693e-02 -1.41148088e-21
1540             -6.68296740e+01 1.20706401e+03 -6.27243799e-19 -7.41377263e+01 1.20712991e+03 -6.25661824e-19 7.30805224e+00 -6.59014895e-02 -1.58197494e-21
1550             -6.77644117e+01 1.20681289e+03 -7.55320841e-19 -7.50568905e+01 1.20687947e+03 -7.53096860e-19 7.29247882e+00 -6.65764251e-02 -2.22398190e-21
1560             -6.77284163e+01 1.20932179e+03 -6.70553008e-19 -7.50048196e+01 1.20938962e+03 -6.68765122e-19 7.27640334e+00 -6.78258736e-02 -1.78788600e-21
1570             -6.77261961e+01 1.20753151e+03 -7.65864155e-19 -7.49868287e+01 1.20759777e+03 -7.64958285e-19 7.26063261e+00 -6.62646112e-02 -9.05869978e-22
1580             -6.74466578e+01 1.20921318e+03 -7.17170590e-19 -7.46949770e+01 1.20927953e+03 -7.14665622e-19 7.24831922e+00 -6.63450761e-02 -2.50496864e-21
1590             -6.74207631e+01 1.21163663e+03 -7.32785780e-19 -7.46580482e+01 1.21170166e+03 -7.31595726e-19 7.23728517e+00 -6.50284774e-02 -1.19005364e-21
1600             -6.75960491e+01 1.20863788e+03 -7.29139133e-19 -7.48252117e+01 1.20870408e+03 -7.27368079e-19 7.22916264e+00 -6.61978806e-02 -1.77105386e-21
1610             -6.77232387e+01 1.21303467e+03 -7.08067224e-19 -7.49537039e+01 1.21309852e+03 -7.06737656e-19 7.23046524e+00 -6.38441849e-02 -1.32956792e-21
1620             -6.84795584e+01 1.20923388e+03 -7.68262218e-19 -7.57141370e+01 1.20929705e+03 -7.68000804e-19 7.23457853e+00 -6.31618689e-02 -2.61413720e-22
1630             -6.77260338e+01 1.21207541e+03 -6.89342624e-19 -7.49688921e+01 1.21213839e+03 -6.87491283e-19 7.24285828e+00 -6.29743307e-02 -1.85134133e-21
1640             -6.82677278e+01 1.21088646e+03 -7.66889914e-19 -7.55174478e+01 1.21095254e+03 -7.68759145e-19 7.24972004e+00 -6.60802202e-02 1.86923180e-21
1650             -6.74499484e+01 1.21135956e+03 -7.16907110e-19 -7.47125935e+01 1.21142393e+03 -7.14363307e-19 7.26264510e+00 -6.43628011e-02 -2.54380364e-21
1660             -6.73897144e+01 1.21180150e+03 -7.25668349e-19 -7.46646163e+01 1.21186422e+03 -7.22603377e-19 7.27490183e+00 -6.27253900e-02 -3.06497192e-21
1670             -6.79540757e+01 1.21389362e+03 -7.28631022e-19 -7.52413722e+01 1.21395812e+03 -7.25449434e-19 7.28729644e+00 -6.44971776e-02 -3.18158783e-21
1680             -6.74079554e+01 1.20995620e+03 -7.05070450e-19 -7.47068218e+01 1.21002219e+03 -7.02977055e-19 7.29886642e+00 -6.59952952e-02 -2.09339547e-21
1690             -6.82807323e+01 1.21298031e+03 -7.87481287e-19 -7.55876089e+01 1.21304816e+03 -7.85670338e-19 7.30687663e+00 -6.78577494e-02 -1.81094906e-21
1700             -6.79895409e+01 1.21042700e+03 -7.51962778e-19 -7.53004077e+01 1.21049716e+03 -7.49882082e-19 7.31086678e+00 -7.01644491e-02 -2.08069589e-21
1710             -6.80532798e+01 1.21755295e+03 -7.65902189e-19 -7.53669019e+01 1.21762408e+03 -7.64182816e-19 7.31362211e+00 -7.11311838e-02 -1.71937299e-21
1720             -6.77919926e+01 1.21137621e+03 -7.39741014e-19 -7.51068321e+01 1.21144965e+03 -7.36979149e-19 7.31483952e+00 -7.34437549e-02 -2.76186537e-21
1730             -6.72746878e+01 1.21407751e+03 -7.13711382e-19 -7.45951346e+01 1.21414870e+03 -7.12010446e-19 7.32044677e+00 -7.11819507e-02 -1.70093597e-21
1740             -6.85011163e+01 1.21352599e+03 -7.31559500e-19 -7.58223460e+01 1.21359692e+03 -7.29786543e-19 7.32122975e+00 -7.09354090e-02 -1.77295630e-21
1750             -6.76790098e+01 1.21422432e+03 -6.90644747e-19 -7.49983209e+01 1.21429488e+03 -6.88674205e-19 7.31931110e+00 -7.05587784e-02 -1.97054275e-21
1760             -6.84863656e+01 1.21539713e+03 -7.69347616e-19 -7.58024580e+01 1.21546734e+03 -7.67342413e-19 7.31609239e+00 -7.02109334e-02 -2.00520373e-21
1770             -6.83723223e+01 1.21598775e+03 -7.66766511e-19 -7.56882634e+01 1.21605431e+03 -7.63216250e-19 7.31594115e+00 -6.65560875e-02 -3.55026032e-21
1780             -6.78411210e+01 1.21525104e+03 -7.25705240e-19 -7.51564001e+01 1.21531743e+03 -7.26326392e-19 7.31527914e+00 -6.63855952e-02 6.21151839e-22
1790             -6.88288344e+01 1.21546653e+03 -7.46679971e-19 -7.61375517e+01 1.21553515e+03 -7.44584372e-19 7.30871734e+00 -6.86197958e-02 -2.09559850e-21
1800             -6.77007722e+01 1.21488557e+03 -7.76306536e-19 -7.50059229e+01 1.21495135e+03 -7.72796855e-19 7.30515063e+00 -6.57883860e-02 -3.50968130e-21
1810             -6.91433172e+01 1.21956665e+03 -7.51195358e-19 -7.64433204e+01 1.21963503e+03 -7.51849039e-19 7.30000314e+00 -6.83740640e-02 6.53681050e-22
1820             -6.78925931e+01 1.21693930e+03 -7.47345666e-19 -7.51928826e+01 1.21700800e+03 -7.43392822e-19 7.30028950e+00 -6.87087477e-02 -3.95284397e-21
1830             -6.80597308e+01 1.21652135e+03 -7.58906779e-19 -7.53609038e+01 1.21659176e+03 -7.59627705e-19 7.30117299e+00 -7.04118600e-02 7.20926235e-22
1840             -6.84251015e+01 1.21645724e+03 -7.67669554e-19 -7.57248022e+01 1.21652823e+03 -7.63508364e-19 7.29970066e+00 -7.09910581e-02 -4.16119028e-21
1850             -6.75988575e+01 1.21588388e+03 -7.32480413e-19 -7.48982251e+01 1.21595665e+03 -7.30613439e-19 7.29936763e+00 -7.27707801e-02 -1.86697372e-21
1860             -6.88828929e+01 1.21841776e+03 -7.76969111e-19 -7.61803700e+01 1.21849336e+03 -7.76478713e-19 7.29747709e+00 -7.55968076e-02 -4.90398869e-22
1870             -6.83765707e+01 1.21665324e+03 -7.32663761e-19 -7.56727512e+01 1.21673221e+03 -7.30362179e-19 7.29618050e+00 -7.89656171e-02 -2.30158184e-21
1880             -6.82738330e+01 1.21970831e+03 -7.36881563e-19 -7.55684335e+01 1.21978700e+03 -7.33339413e-19 7.29460055e+00 -7.86863374e-02 -3.54215010e-21
1890             -6.76481867e+01 1.21829905e+03 -7.71907516e-19 -7.49361178e+01 1.21837557e+03 -7.70269761e-19 7.28793110e+00 -7.65229733e-02 -1.63775502e-21
1900             -6.82018615e+01 1.21953513e+03 -7.11282216e-19 -7.54750567e+01 1.21961179e+03 -7.11689591e-19 7.27319520e+00 -7.66620437e-02 4.07375777e-22
1910             -6.86190953e+01 1.21841371e+03 -7.74735494e-19 -7.58754541e+01 1.21848734e+03 -7.70286376e-19 7.25635880e+00 -7.36234037e-02 -4.44911733e-21
1920             -6.83959594e+01 1.21728093e+03 -7.56051628e-19 -7.56384815e+01 1.21735528e+03 -7.56511886e-19 7.24252213e+00 -7.43537554e-02 4.60258412e-22
1930             -6.90435228e+01 1.21868760e+03 -7.90376410e-19 -7.62750156e+01 1.21876136e+03 -7.86081109e-19 7.23149280e+00 -7.37580618e-02 -4.29530081e-21
1940             -6.82532141e+01 1.21974126e+03 -7.89592461e-19 -7.54712508e+01 1.21981406e+03 -7.87749145e-19 7.21803673e+00 -7.28028229e-02 -1.84331641e-21
1950             -6.81044740e+01 1.21935265e+03 -7.03630254e-19 -7.53135429e+01 1.21942443e+03 -7.02181507e-19 7.20906886e+00 -7.17805885e-02 -1.44874695e-21
1960             -6.83550458e+01 1.21995461e+03 -7.76248771e-19 -7.55559133e+01 1.22002547e+03 -7.73873276e-19 7.20086749e+00 -7.08540495e-02 -2.37549456e-21
1970             -6.82287904e+01 1.21901082e+03 -7.19305267e-19 -7.54323988e+01 1.21907820e+03 -7.15636756e-19 7.20360845e+00 -6.73769581e-02 -3.66851147e-21
1980             -6.89482991e+01 1.21883766e+03 -7.48091385e-19 -7.61590100e+01 1.21890573e+03 -7.45900952e-19 7.21071091e+00 -6.80613948e-02 -2.19043291e-21
1990             -6.87544122e+01 1.21987306e+03 -8.01673074e-19 -7.59753886e+01 1.21993986e+03 -7.98098249e-19 7.22097646e+00 -6.67980942e-02 -3.57482522e-21
2000             -6.83271902e+01 1.21902039e+03 -7.25166904e-19 -7.55622861e+01 1.21908891e+03 -7.21714192e-19 7.23509591e+00 -6.85123420e-02 -3.45271272e-21
2010             -6.78842576e+01 1.21780939e+03 -7.55107319e-19 -7.51305008e+01 1.21787709e+03 -7.51396021e-19 7.24624319e+00 -6.77026213e-02 -3.71129819e-21
2020             -6.84310490e+01 1.21897112e+03 -7.66416632e-19 -7.56885375e+01 1.21904030e+03 -7.64309639e-19 7.25748854e+00 -6.91777680e-02 -2.10699304e-21
2030             -6.92256271e+01 1.21905286e+03 -7.88069870e-19 -7.64912541e+01 1.21912256e+03 -7.84643225e-19 7.26562695e+00 -6.96978677e-02 -3.42664457e-21
2040             -6.78527546e+01 1.21809728e+03 -7.24087935e-19 -7.51213150e+01 1.21816432e+03 -7.21001221e-19 7.26856038e+00 -6.70438831e-02 -3.08671452e-21
2050             -6.90243020e+01 1.22420827e+03 -7.82777206e-19 -7.62910869e+01 1.22427380e+03 -7.83511138e-19 7.26678498e+00 -6.55279925e-02 7.33932067e-22
2060             -6.82814667e+01 1.21780731e+03 -7.46766092e-19 -7.55449801e+01 1.21787213e+03 -7.45336550e-19 7.26351342e+00 -6.48191400e-02 -1.42954223e-21
2070             -6.88628612e+01 1.22010765e+03 -7.53930044e-19 -7.61229422e+01 1.22017134e+03 -7.51440209e-19 7.26008097e+00 -6.36882565e-02 -2.48983521e-21
2080             -6.90323780e+01 1.22086239e+03 -7.79329546e-19 -7.62846909e+01 1.22092747e+03 -7.79922416e-19 7.25231286e+00 -6.50796557e-02 5.92869959e-22
2090             -6.83026514e+01 1.21810634e+03 -7.64149979e-19 -7.55504646e+01 1.21817010e+03 -7.60964244e-19 7.24781317e+00 -6.37558266e-02 -3.18573459e-21
2100             -6.86795796e+01 1.22121936e+03 -7.62302425e-19 -7.59276335e+01 1.22128230e+03 -7.59386141e-19 7.24805391e+00 -6.29313427e-02 -2.91628351e-21
2110             -6.81472863e+01 1.21964424e+03 -7.64702149e-19 -7.54000533e+01 1.21970534e+03 -7.61240687e-19 7.25276705e+00 -6.10983732e-02 -3.46146237e-21
2120             -6.82268679e+01 1.21846075e+03 -7.19330646e-19 -7.54832694e+01 1.21852361e+03 -7.19523687e-19 7.25640144e+00 -6.28550073e-02 1.93041172e-22
2130             -6.87335377e+01 1.21939059e+03 -7.81004957e-19 -7.59904630e+01 1.21945621e+03 -7.77711738e-19 7.25692537e+00 -6.56193382e-02 -3.29321838e-21
2140             -6.83034624e+01 1.22027069e+03 -7.66943004e-19 -7.55627384e+01 1.22033537e+03 -7.63790935e-19 7.25927605e+00 -6.46835921e-02 -3.15206875e-21
2150             -6.87872745e+01 1.22115244e+03 -7.79106009e-19 -7.60458601e+01 1.22121650e+03 -7.75656525e-19 7.25858569e+00 -6.40583584e-02 -3.44948451e-21
2160             -6.83788838e+01 1.22002945e+03 -7.42685645e-19 -7.56341729e+01 1.22009754e+03 -7.39508202e-19 7.25528909e+00 -6.80982393e-02 -3.17744283e-21
2170             -6.80135229e+01 1.22164340e+03 -7.28687311e-19 -7.52646722e+01 1.22171133e+03 -7.24753272e-19 7.25114924e+00 -6.79309942e-02 -3.93403935e-21
2180             -6.90045045e+01 1.21821204e+03 -7.97113406e-19 -7.62450750e+01 1.21828053e+03 -7.93443098e-19 7.24057044e+00 -6.84923097e-02 -3.67030767e-21
2190             -6.80613070e+01 1.21897079e+03 -7.48046562e-19 -7.52875831e+01 1.21903954e+03 -7.44548386e-19 7.22627614e+00 -6.87492681e-02 -3.49817650e-21
2200             -6.91375319e+01 1.22155508e+03 -7.88061364e-19 -7.63445903e+01 1.22162370e+03 -7.84205957e-19 7.20705832e+00 -6.86201955e-02 -3.85540663e-21
2210             -6.79971132e+01 1.21841397e+03 -7.58015124e-19 -7.51843073e+01 1.21848373e+03 -7.56398283e-19 7.18719410e+00 -6.97651329e-02 -1.61684137e-21
2220             -6.81871365e+01 1.21637587e+03 -7.37599354e-19 -7.53568914e+01 1.21644510e+03 -7.35396261e-19 7.16975498e+00 -6.92329891e-02 -2.20309328e-21
2230             -6.89341406e+01 1.21919515e+03 -7.63434320e-19 -7.60833303e+01 1.21926484e+03 -7.60510777e-19 7.14918965e+00 -6.96940981e-02 -2.92354281e-21
2240             -6.86163188e+01 1.21793505e+03 -7.61151572e-19 -7.57517765e+01 1.21800130e+03 -7.58112152e-19 7.13545768e+00 -6.62566944e-02 -3.03942050e-21
2250             -6.84375622e+01 1.21653854e+03 -7.50334815e-19 -7.55639631e+01 1.21660540e+03 -7.46300354e-19 7.12640095e+00 -6.68650206e-02 -4.03446038e-21
2260             -6.87199781e+01 1.21933603e+03 -7.93630600e-19 -7.58380926e+01 1.21940149e+03 -7.89646205e-19 7.11811459e+00 -6.54626540e-02 -3.98439534e-21
2270             -6.82719619e+01 1.21874196e+03 -7.32939861e-19 -7.53862542e+01 1.21880600e+03 -7.28740982e-19 7.11429230e+00 -6.40380251e-02 -4.19887826e-21
2280             -6.82832429e+01 1.21952415e+03 -7.91538552e-19 -7.53973592e+01 1.21958785e+03 -7.87701048e-19 7.11411623e+00 -6.37004934e-02 -3.83750448e-21
2290             -6.81643132e+01 1.21587214e+03 -6.91516228e-19 -7.52858403e+01 1.21593671e+03 -6.87585741e-19 7.12152702e+00 -6.45648840e-02 -3.93048703e-21
2300             -6.89433167e+01 1.21622374e+03 -8.04317056e-19 -7.60727942e+01 1.21628758e+03 -8.00159224e-19 7.12947755e+00 -6.38432089e-02 -4.15783189e-21
2310             -6.86003979e+01 1.21721649e+03 -7.31935777e-19 -7.57385135e+01 1.21727913e+03 -7.28289683e-19 7.13811561e+00 -6.26434906e-02 -3.64609440e-21
2320             -6.84572701e+01 1.21601686e+03 -7.99308097e-19 -7.56043682e+01 1.21608035e+03 -7.95120742e-19 7.14709808e+00 -6.34859440e-02 -4.18735522e-21
2330             -6.83223972e+01 1.21367229e+03 -7.65342639e-19 -7.54817641e+01 1.21373553e+03 -7.61244615e-19 7.15936682e+00 -6.32467888e-02 -4.09802427e-21
2340             -6.80803875e+01 1.21475547e+03 -7.53085210e-19 -7.52519580e+01 1.21481823e+03 -7.49332666e-19 7.17157043e+00 -6.27651444e-02 -3.75254413e-21
2350             -6.87580656e+01 1.21736358e+03 -7.89171260e-19 -7.59338483e+01 1.21742758e+03 -7.85160453e-19 7.17578275e+00 -6.40075077e-02 -4.01080762e-21
2360             -6.84240043e+01 1.21421027e+03 -7.15907994e-19 -7.55999471e+01 1.21427588e+03 -7.13569017e-19 7.17594280e+00 -6.56071504e-02 -2.33897665e-21
2370             -6.85194823e+01 1.21670214e+03 -7.87443338e-19 -7.56934519e+01 1.21676825e+03 -7.83681704e-19 7.17396958e+00 -6.61059683e-02 -3.76163388e-21
2380             -6.87870418e+01 1.21581392e+03 -7.62332740e-19 -7.59595415e+01 1.21587930e+03 -7.58275008e-19 7.17249974e+00 -6.53765754e-02 -4.05773225e-21
2390             -6.79556560e+01 1.21458072e+03 -7.48576725e-19 -7.51278677e+01 1.21464587e+03 -7.45200426e-19 7.17221169e+00 -6.51500383e-02 -3.37629908e-21
2400             -6.83832002e+01 1.21608836e+03 -7.79956424e-19 -7.55551871e+01 1.21615360e+03 -7.75918498e-19 7.17198690e+00 -6.52433914e-02 -4.03792642e-21
2410             -6.79054541e+01 1.21193333e+03 -6.90240770e-19 -7.50784793e+01 1.21199891e+03 -6.86225751e-19 7.17302520e+00 -6.55766683e-02 -4.01501903e-21
2420             -6.88358780e+01 1.21440015e+03 -7.91363789e-19 -7.60055825e+01 1.21446518e+03 -7.87317235e-19 7.16970445e+00 -6.50355264e-02 -4.04655394e-21
2430             -6.83766358e+01 1.21267263e+03 -7.38483874e-19 -7.55462086e+01 1.21273694e+03 -7.34819994e-19 7.16957281e+00 -6.43182550e-02 -3.66388044e-21
2440             -6.85135411e+01 1.21251630e+03 -7.46346487e-19 -7.56813783e+01 1.21258398e+03 -7.42794326e-19 7.16783721e+00 -6.76814750e-02 -3.55216107e-21
2450             -6.82311909e+01 1.21237438e+03 -7.84522334e-19 -7.53976863e+01 1.21244109e+03 -7.80552623e-19 7.16649542e+00 -6.67043684e-02 -3.96971068e-21
2460             -6.80097466e+01 1.21123539e+03 -7.52915451e-19 -7.51745210e+01 1.21130010e+03 -7.49342655e-19 7.16477433e+00 -6.47180959e-02 -3.57279511e-21
2470             -6.83150716e+01 1.21424516e+03 -7.66129708e-19 -7.54787259e+01 1.21430739e+03 -7.62467097e-19 7.16365432e+00 -6.22304072e-02 -3.66261106e-21
2480             -6.77807573e+01 1.21289286e+03 -6.71678210e-19 -7.49430634e+01 1.21295857e+03 -6.71442920e-19 7.16230609e+00 -6.57111188e-02 -2.35289742e-22
2490             -6.82803364e+01 1.21331787e+03 -7.84542986e-19 -7.54401431e+01 1.21338301e+03 -7.82328680e-19 7.15980664e+00 -6.51401824e-02 -2.21430599e-21
2500             -6.80049549e+01 1.21363879e+03 -7.27770750e-19 -7.51649090e+01 1.21370191e+03 -7.23951726e-19 7.15995403e+00 -6.31197219e-02 -3.81902322e-21
2510             -6.81427792e+01 1.21391001e+03 -7.58704990e-19 -7.53051470e+01 1.21397138e+03 -7.55254660e-19 7.16236781e+00 -6.13719173e-02 -3.45033077e-21
2520             -6.72507132e+01 1.21290357e+03 -6.90454874e-19 -7.44237257e+01 1.21296384e+03 -6.86957162e-19 7.17301246e+00 -6.02728735e-02 -3.49771192e-21
2530             -6.76407181e+01 1.21155507e+03 -7.16073843e-19 -7.48206300e+01 1.21161599e+03 -7.15725777e-19 7.17991187e+00 -6.09192628e-02 -3.48065667e-22
2540             -6.86079599e+01 1.21436294e+03 -7.51133081e-19 -7.57912170e+01 1.21442391e+03 -7.48042575e-19 7.18325714e+00 -6.09704668e-02 -3.09050619e-21
2550             -6.74976982e+01 1.21035537e+03 -8.03635429e-19 -7.46853953e+01 1.21041442e+03 -7.99571362e-19 7.18769706e+00 -5.90546780e-02 -4.06406754e-21
2560             -6.77664376e+01 1.21164214e+03 -7.20247062e-19 -7.49602615e+01 1.21170139e+03 -7.17631172e-19 7.19382388e+00 -5.92553531e-02 -2.61589038e-21
2570             -6.86542872e+01 1.21143507e+03 -7.50528537e-19 -7.58521112e+01 1.21149580e+03 -7.47512053e-19 7.19782406e+00 -6.07242380e-02 -3.01648423e-21
2580             -6.79686680e+01 1.21205531e+03 -7.74818409e-19 -7.51700234e+01 1.21211312e+03 -7.71564549e-19 7.20135546e+00 -5.78150389e-02 -3.25385975e-21
2590             -6.84113651e+01 1.21060927e+03 -7.29220603e-19 -7.56115599e+01 1.21066899e+03 -7.26063653e-19 7.20019478e+00 -5.97208916e-02 -3.15694959e-21
2600             -6.80795570e+01 1.20958142e+03 -7.99635710e-19 -7.52804639e+01 1.20964041e+03 -7.95637668e-19 7.20090687e+00 -5.89834301e-02 -3.99804182e-21
2610             -6.86181964e+01 1.21193157e+03 -7.84900913e-19 -7.58199306e+01 1.21199048e+03 -7.80824841e-19 7.20173425e+00 -5.89070773e-02 -4.07607184e-21
2620             -6.74176324e+01 1.20881313e+03 -7.38873076e-19 -7.46184187e+01 1.20887273e+03 -7.35431895e-19 7.20078630e+00 -5.95970254e-02 -3.44118172e-21
2630             -6.78911997e+01 1.21214112e+03 -7.43483100e-19 -7.50877219e+01 1.21220035e+03 -7.40078020e-19 7.19652225e+00 -5.92297368e-02 -3.40508002e-21
2640             -6.82606866e+01 1.21024438e+03 -7.61878587e-19 -7.54514639e+01 1.21030353e+03 -7.58806606e-19 7.19077729e+00 -5.91525897e-02 -3.07198080e-21
2650             -6.81479709e+01 1.21000248e+03 -7.42144333e-19 -7.53341059e+01 1.21006187e+03 -7.39354776e-19 7.18613508e+00 -5.93894829e-02 -2.78955638e-21
2660             -6.85149203e+01 1.21170384e+03 -7.88310984e-19 -7.56967846e+01 1.21176426e+03 -7.84960233e-19 7.18186428e+00 -6.04217202e-02 -3.35075176e-21
2670             -6.76890559e+01 1.20805698e+03 -7.42380960e-19 -7.48670688e+01 1.20811714e+03 -7.38584291e-19 7.17801290e+00 -6.01554219e-02 -3.79666881e-21
2680             -6.84232668e+01 1.21052096e+03 -7.99184255e-19 -7.55928639e+01 1.21058065e+03 -7.95621836e-19 7.16959714e+00 -5.96962321e-02 -3.56241851e-21
2690             -6.78620854e+01 1.20909070e+03 -7.52708495e-19 -7.50223095e+01 1.20915087e+03 -7.49286062e-19 7.16022404e+00 -6.01692827e-02 -3.42243289e-21
2700             -6.69274865e+01 1.20926628e+03 -6.97198828e-19 -7.40814657e+01 1.20932598e+03 -6.94343092e-19 7.15397911e+00 -5.96962560e-02 -2.85573516e-21
2710             -6.83269276e+01 1.20738868e+03 -7.75750092e-19 -7.54748118e+01 1.20744841e+03 -7.72198197e-19 7.14788418e+00 -5.97279020e-02 -3.55189466e-21
2720             -6.79991358e+01 1.20624221e+03 -7.24547678e-19 -7.51414640e+01 1.20630285e+03 -7.21220293e-19 7.14232824e+00 -6.06350151e-02 -3.32738464e-21
2730             -6.83631141e+01 1.21015286e+03 -7.82076109e-19 -7.54977272e+01 1.21021415e+03 -7.78712789e-19 7.13461304e+00 -6.12862619e-02 -3.36331989e-21
2740             -6.77118576e+01 1.20944092e+03 -7.28454013e-19 -7.48418486e+01 1.20950183e+03 -7.24801186e-19 7.12999095e+00 -6.09057652e-02 -3.65282715e-21
2750             -6.74266713e+01 1.20765909e+03 -7.14467092e-19 -7.45531225e+01 1.20772193e+03 -7.14016916e-19 7.12645121e+00 -6.28421228e-02 -4.50176681e-22
2760             -6.84894979e+01 1.20931966e+03 -7.33680639e-19 -7.56138678e+01 1.20938340e+03 -7.28720076e-19 7.12436995e+00 -6.37380554e-02 -4.96056315e-21
2770             -6.70684819e+01 1.20651454e+03 -7.35684958e-19 -7.41971736e+01 1.20657521e+03 -7.31790984e-19 7.12869168e+00 -6.06700887e-02 -3.89397399e-21
2780             -6.86588013e+01 1.20903655e+03 -7.73478132e-19 -7.57852486e+01 1.20909699e+03 -7.69661422e-19 7.12644730e+00 -6.04431450e-02 -3.81670959e-21
2790             -6.74679964e+01 1.21188053e+03 -7.43339266e-19 -7.45946666e+01 1.21194224e+03 -7.38904470e-19 7.12667017e+00 -6.17122783e-02 -4.43479557e-21
2800             -6.73322404e+01 1.20845854e+03 -7.26720520e-19 -7.44595382e+01 1.20852320e+03 -7.24710316e-19 7.12729772e+00 -6.46568139e-02 -2.01020439e-21
2810             -6.77609627e+01 1.21002557e+03 -7.53868760e-19 -7.48880147e+01 1.21009209e+03 -7.49535662e-19 7.12705194e+00 -6.65213422e-02 -4.33309750e-21
2820             -6.75599232e+01 1.20792749e+03 -7.31573154e-19 -7.46864578e+01 1.20799146e+03 -7.28393561e-19 7.12653456e+00 -6.39743914e-02 -3.17959374e-21
2830             -6.80618223e+01 1.20852417e+03 -7.54395721e-19 -7.51838670e+01 1.20859021e+03 -7.54659109e-19 7.12204470e+00 -6.60408202e-02 2.63387691e-22
2840             -6.69347253e+01 1.20923515e+03 -7.42046342e-19 -7.40584159e+01 1.20929773e+03 -7.37083351e-19 7.12369058e+00 -6.25782331e-02 -4.96299057e-21
2850             -6.77314161e+01 1.21095962e+03 -7.16121876e-19 -7.48551655e+01 1.21102087e+03 -7.15846896e-19 7.12374940e+00 -6.12468433e-02 -2.74980320e-22
2860             -6.73910906e+01 1.20819526e+03 -7.06435150e-19 -7.45185179e+01 1.20825390e+03 -7.02257139e-19 7.12742735e+00 -5.86428372e-02 -4.17801034e-21
2870             -6.72361926e+01 1.20900191e+03 -7.14323166e-19 -7.43693053e+01 1.20905816e+03 -7.12547041e-19 7.13311273e+00 -5.62420857e-02 -1.77612530e-21
2880             -6.79696133e+01 1.21297502e+03 -7.82455934e-19 -7.51126504e+01 1.21302705e+03 -7.77741099e-19 7.14303712e+00 -5.20334555e-02 -4.71483563e-21
2890             -6.76144473e+01 1.21025497e+03 -7.97824689e-19 -7.47689310e+01 1.21030381e+03 -7.93652609e-19 7.15448367e+00 -4.88402727e-02 -4.17207955e-21
2900             -6.70859963e+01 1.20331850e+03 -6.62500170e-19 -7.42543364e+01 1.20337003e+03 -6.62886136e-19 7.16834011e+00 -5.15371449e-02 3.85966441e-22
2910             -6.84653751e+01 1.20942619e+03 -8.15077563e-19 -7.56480692e+01 1.20947597e+03 -8.13202141e-19 7.18269409e+00 -4.97785933e-02 -1.87542194e-21
2920             -6.76463214e+01 1.20704518e+03 -7.51201056e-19 -7.48453384e+01 1.20709503e+03 -7.47030312e-19 7.19901703e+00 -4.98467918e-02 -4.17074343e-21
2930             -6.74455853e+01 1.20604744e+03 -7.54276779e-19 -7.46598158e+01 1.20609816e+03 -7.50216312e-19 7.21423055e+00 -5.07246242e-02 -4.06046697e-21
2940             -6.75691791e+01 1.20642820e+03 -7.16195831e-19 -7.47975152e+01 1.20648180e+03 -7.12616732e-19 7.22833609e+00 -5.36015490e-02 -3.57909873e-21
2950             -6.73842738e+01 1.20694104e+03 -6.91694514e-19 -7.46263445e+01 1.20699381e+03 -6.88490894e-19 7.24207067e+00 -5.27748901e-02 -3.20362040e-21
2960             -6.80649864e+01 1.20777181e+03 -7.30447607e-19 -7.53136099e+01 1.20782959e+03 -7.29085167e-19 7.24862348e+00 -5.77725278e-02 -1.36244002e-21
2970             -6.78509363e+01 1.20679383e+03 -7.33353943e-19 -7.51017870e+01 1.20685197e+03 -7.29335021e-19 7.25085074e+00 -5.81415169e-02 -4.01892177e-21
2980             -6.79616394e+01 1.20692339e+03 -7.73584114e-19 -7.52108720e+01 1.20698153e+03 -7.72811647e-19 7.24923254e+00 -5.81348402e-02 -7.72466988e-22
2990             -6.80079072e+01 1.20699033e+03 -7.99808272e-19 -7.52493351e+01 1.20704851e+03 -7.96816748e-19 7.24142789e+00 -5.81825089e-02 -2.99152406e-21
3000             -6.73951534e+01 1.20900024e+03 -6.54708775e-19 -7.46241249e+01 1.20906140e+03 -6.53279830e-19 7.22897156e+00 -6.11603355e-02 -1.42894481e-21
3010             -6.77746737e+01 1.20707049e+03 -7.53891838e-19 -7.49878815e+01 1.20713056e+03 -7.52028963e-19 7.21320788e+00 -6.00661248e-02 -1.86287525e-21
3020             -6.81350015e+01 1.20494314e+03 -7.89036351e-19 -7.53281961e+01 1.20500040e+03 -7.85596715e-19 7.19319464e+00 -5.72576351e-02 -3.43963637e-21
3030             -6.80020057e+01 1.20749925e+03 -7.37897475e-19 -7.51748045e+01 1.20755811e+03 -7.37910426e-19 7.17279884e+00 -5.88587138e-02 1.29501935e-23
3040             -6.73810891e+01 1.20661759e+03 -7.54784330e-19 -7.45367766e+01 1.20667628e+03 -7.51214837e-19 7.15568752e+00 -5.86917752e-02 -3.56949215e-21
3050             -6.74295790e+01 1.20777331e+03 -7.32109887e-19 -7.45765553e+01 1.20782789e+03 -7.28987926e-19 7.14697622e+00 -5.45801845e-02 -3.12196071e-21
3060             -6.79716230e+01 1.20713627e+03 -7.32880758e-19 -7.51095621e+01 1.20719035e+03 -7.30287623e-19 7.13793907e+00 -5.40769411e-02 -2.59313546e-21
3070             -6.74905288e+01 1.20690316e+03 -7.08850548e-19 -7.46208128e+01 1.20695749e+03 -7.07511258e-19 7.13028402e+00 -5.43368745e-02 -1.33929061e-21
3080             -6.86827573e+01 1.20584648e+03 -7.58729659e-19 -7.58091079e+01 1.20590272e+03 -7.56906125e-19 7.12635059e+00 -5.62398711e-02 -1.82353411e-21
3090             -6.74496312e+01 1.20574574e+03 -7.28209162e-19 -7.45789956e+01 1.20579947e+03 -7.25336776e-19 7.12936440e+00 -5.37284034e-02 -2.87238518e-21
3100             -6.77981893e+01 1.20563344e+03 -7.36176206e-19 -7.49294850e+01 1.20568919e+03 -7.37022082e-19 7.13129575e+00 -5.57460591e-02 8.45875987e-22
3110             -6.75507056e+01 1.20819487e+03 -7.56587198e-19 -7.46884550e+01 1.20824802e+03 -7.52756956e-19 7.13774940e+00 -5.31520716e-02 -3.83024167e-21
3120             -6.75101041e+01 1.20819015e+03 -7.15755336e-19 -7.46564128e+01 1.20824404e+03 -7.15995455e-19 7.14630866e+00 -5.38933950e-02 2.40119372e-22
3130             -6.78752367e+01 1.20472887e+03 -7.27666022e-19 -7.50277000e+01 1.20478357e+03 -7.24267680e-19 7.15246329e+00 -5.46934676e-02 -3.39834141e-21
3140             -6.77149962e+01 1.20421024e+03 -7.45444877e-19 -7.48722768e+01 1.20426472e+03 -7.41617172e-19 7.15728058e+00 -5.44763468e-02 -3.82770555e-21
3150             -6.74553378e+01 1.20225159e+03 -7.64194077e-19 -7.46173243e+01 1.20230774e+03 -7.60777774e-19 7.16198650e+00 -5.61519903e-02 -3.41630243e-21
3160             -6.79438176e+01 1.20744570e+03 -7.74181991e-19 -7.51078726e+01 1.20750144e+03 -7.70203596e-19 7.16405506e+00 -5.57329369e-02 -3.97839502e-21
3170             -6.74764030e+01 1.20451356e+03 -7.34760037e-19 -7.46414924e+01 1.20456846e+03 -7.31306851e-19 7.16508935e+00 -5.49030585e-02 -3.45318603e-21
3180             -6.78407284e+01 1.20366140e+03 -7.53296582e-19 -7.50007896e+01 1.20371847e+03 -7.49865091e-19 7.16006118e+00 -5.70754531e-02 -3.43149172e-21
3190             -6.75119031e+01 1.20437321e+03 -7.30947237e-19 -7.46663543e+01 1.20443347e+03 -7.25932766e-19 7.15445122e+00 -6.02609264e-02 -5.01447068e-21
3200             -6.79025833e+01 1.20438870e+03 -7.60807397e-19 -7.50549530e+01 1.20444899e+03 -7.57790261e-19 7.15236973e+00 -6.02952390e-02 -3.01713592e-21
3210             -6.81120837e+01 1.20488237e+03 -7.00989745e-19 -7.52637966e+01 1.20494479e+03 -7.00656757e-19 7.15171292e+00 -6.24250607e-02 -3.32987887e-22
3220             -6.74306670e+01 1.20244854e+03 -7.39916161e-19 -7.45824860e+01 1.20251121e+03 -7.35682943e-19 7.15181908e+00 -6.26643841e-02 -4.23321827e-21
3230             -6.80274112e+01 1.20565926e+03 -7.59699628e-19 -7.51773849e+01 1.20572151e+03 -7.55824023e-19 7.14997374e+00 -6.22514697e-02 -3.87560498e-21
3240             -6.79439382e+01 1.20526053e+03 -7.25713467e-19 -7.50915319e+01 1.20532219e+03 -7.21770236e-19 7.14759364e+00 -6.16584495e-02 -3.94323073e-21
3250             -6.80679098e+01 1.20611510e+03 -7.08087351e-19 -7.52114472e+01 1.20618051e+03 -7.08311196e-19 7.14353733e+00 -6.54072975e-02 2.23845273e-22
3260             -6.74456428e+01 1.20396843e+03 -7.59051056e-19 -7.45873018e+01 1.20403352e+03 -7.54076009e-19 7.14165894e+00 -6.50953117e-02 -4.97504711e-21
3270             -6.80844586e+01 1.20487324e+03 -7.40813369e-19 -7.52221573e+01 1.20493705e+03 -7.36224189e-19 7.13769872e+00 -6.38078517e-02 -4.58917942e-21
3280             -6.72980990e+01 1.20264739e+03 -7.30255870e-19 -7.44294073e+01 1.20270813e+03 -7.25882558e-19 7.13130825e+00 -6.07482776e-02 -4.37331152e-21
3290             -6.78119264e+01 1.20520019e+03 -7.24747115e-19 -7.49400130e+01 1.20526250e+03 -7.24251386e-19 7.12808659e+00 -6.23044984e-02 -4.95729037e-22
3300             -6.79426103e+01 1.20522346e+03 -7.28241623e-19 -7.50729802e+01 1.20528672e+03 -7.25181610e-19 7.13036989e+00 -6.32553821e-02 -3.06001258e-21
3310             -6.74611902e+01 1.20479506e+03 -7.36770715e-19 -7.45973641e+01 1.20485881e+03 -7.34132931e-19 7.13617394e+00 -6.37511389e-02 -2.63778388e-21
3320             -6.78145317e+01 1.20461490e+03 -7.51200664e-19 -7.49572148e+01 1.20467648e+03 -7.47006835e-19 7.14268315e+00 -6.15762888e-02 -4.19382886e-21
3330             -6.78336934e+01 1.20518802e+03 -7.32408723e-19 -7.49836727e+01 1.20524871e+03 -7.28707271e-19 7.14997925e+00 -6.06845409e-02 -3.70145191e-21
3340             -6.72353923e+01 1.20399194e+03 -7.23519660e-19 -7.43936942e+01 1.20405601e+03 -7.19144352e-19 7.15830187e+00 -6.40698356e-02 -4.37530772e-21
3350             -6.78173437e+01 1.20500929e+03 -7.66815214e-19 -7.49806580e+01 1.20507251e+03 -7.63173177e-19 7.16331433e+00 -6.32223244e-02 -3.64203751e-21
3360             -6.74646364e+01 1.20366959e+03 -7.26630533e-19 -7.46309297e+01 1.20373268e+03 -7.21885592e-19 7.16629326e+00 -6.30937612e-02 -4.74494195e-21
3370             -6.81083249e+01 1.20466347e+03 -7.72795739e-19 -7.52764532e+01 1.20472752e+03 -7.69921081e-19 7.16812825e+00 -6.40484471e-02 -2.87465837e-21
3380             -6.72170605e+01 1.20470851e+03 -7.08913726e-19 -7.43859090e+01 1.20477533e+03 -7.04654939e-19 7.16884849e+00 -6.68180285e-02 -4.25878695e-21
3390             -6.77793791e+01 1.20703349e+03 -7.59340219e-19 -7.49481296e+01 1.20709892e+03 -7.55041249e-19 7.16875050e+00 -6.54391594e-02 -4.29896995e-21
3400             -6.74037089e+01 1.20550809e+03 -7.15582998e-19 -7.45717158e+01 1.20557262e+03 -7.11858677e-19 7.16800692e+00 -6.45267188e-02 -3.72432093e-21
3410             -6.80994708e+01 1.20847182e+03 -7.35992855e-19 -7.52627934e+01 1.20853852e+03 -7.33867332e-19 7.16332252e+00 -6.66955118e-02 -2.12552232e-21
3420             -6.78039266e+01 1.20424084e+03 -7.39713897e-19 -7.49648024e+01 1.20431075e+03 -7.38006605e-19 7.16087584e+00 -6.99087906e-02 -1.70729181e-21
3430             -6.76223118e+01 1.20629051e+03 -7.34081956e-19 -7.47800030e+01 1.20635928e+03 -7.32758787e-19 7.15769122e+00 -6.87717071e-02 -1.32316917e-21
3440             -6.78971234e+01 1.20505372e+03 -7.62671185e-19 -7.50488256e+01 1.20512020e+03 -7.59121399e-19 7.15170220e+00 -6.64779308e-02 -3.54978605e-21
3450             -6.77708188e+01 1.20579186e+03 -7.55053571e-19 -7.49144383e+01 1.20585765e+03 -7.51737928e-19 7.14361947e+00 -6.57849298e-02 -3.31564273e-21
3460             -6.77847193e+01 1.20853198e+03 -7.31599876e-19 -7.49244062e+01 1.20859782e+03 -7.27105793e-19 7.13968689e+00 -6.58405399e-02 -4.49408283e-21
3470             -6.75337167e+01 1.20681112e+03 -7.44983188e-19 -7.46694099e+01 1.20687740e+03 -7.44582662e-19 7.13569328e+00 -6.62867537e-02 -4.00526151e-22
3480             -6.77505911e+01 1.20608459e+03 -7.24528741e-19 -7.48820224e+01 1.20615044e+03 -7.20392571e-19 7.13143126e+00 -6.58494892e-02 -4.13617065e-21
3490             -6.80901600e+01 1.20617398e+03 -7.53074062e-19 -7.52205699e+01 1.20623913e+03 -7.50523313e-19 7.13040993e+00 -6.51527257e-02 -2.55074885e-21
3500             -6.77409997e+01 1.20419664e+03 -7.44967509e-19 -7.48737350e+01 1.20426068e+03 -7.41100143e-19 7.13273529e+00 -6.40338670e-02 -3.86736679e-21
3510             -6.82233457e+01 1.20875597e+03 -7.43118209e-19 -7.53571123e+01 1.20881762e+03 -7.39737111e-19 7.13376662e+00 -6.16517815e-02 -3.38109759e-21
3520             -6.78852182e+01 1.20541794e+03 -7.21723270e-19 -7.50217765e+01 1.20548061e+03 -7.17656279e-19 7.13655830e+00 -6.26739853e-02 -4.06699080e-21
3530             -6.80665678e+01 1.20563042e+03 -7.62572202e-19 -7.52099279e+01 1.20569417e+03 -7.58389916e-19 7.14336011e+00 -6.37556220e-02 -4.18228628e-21
3540             -6.75057101e+01 1.20379742e+03 -7.21882847e-19 -7.46594613e+01 1.20386032e+03 -7.17987107e-19 7.15375123e+00 -6.29026318e-02 -3.89573922e-21
3550             -6.80513933e+01 1.20157855e+03 -7.25737879e-19 -7.52103939e+01 1.20164521e+03 -7.24907927e-19 7.15900060e+00 -6.66632580e-02 -8.29951999e-22
3560             -6.82128801e+01 1.20530268e+03 -7.26101860e-19 -7.53753286e+01 1.20536987e+03 -7.23256736e-19 7.16244845e+00 -6.71874906e-02 -2.84512409e-21
3570             -6.77033150e+01 1.20256293e+03 -7.39686849e-19 -7.48662762e+01 1.20263016e+03 -7.36190953e-19 7.16296118e+00 -6.72324198e-02 -3.49589583e-21
3580             -6.77933677e+01 1.20348814e+03 -7.26710452e-19 -7.49550394e+01 1.20355358e+03 -7.22926236e-19 7.16167167e+00 -6.54396900e-02 -3.78421644e-21
3590             -6.81775165e+01 1.20787868e+03 -7.47516224e-19 -7.53348348e+01 1.20794339e+03 -7.43683032e-19 7.15731824e+00 -6.47181118e-02 -3.83319185e-21
3600             -6.74701744e+01 1.20506032e+03 -7.40569524e-19 -7.46261115e+01 1.20512584e+03 -7.36350769e-19 7.15593704e+00 -6.55235643e-02 -4.21875514e-21
3610             -6.80821302e+01 1.20571208e+03 -7.50714044e-19 -7.52340143e+01 1.20577742e+03 -7.46289433e-19 7.15188417e+00 -6.53380867e-02 -4.42461100e-21
3620             -6.77747830e+01 1.20801885e+03 -7.34657300e-19 -7.49206386e+01 1.20808215e+03 -7.31090189e-19 7.14585557e+00 -6.32931629e-02 -3.56711105e-21
3630             -6.78785279e+01 1.20605125e+03 -6.94319331e-19 -7.50199066e+01 1.20611620e+03 -6.90321755e-19 7.14137874e+00 -6.49444151e-02 -3.99757602e-21
3640             -6.75580860e+01 1.20807447e+03 -7.51805999e-19 -7.46985728e+01 1.20814045e+03 -7.48932209e-19 7.14048674e+00 -6.59832127e-02 -2.87379024e-21
3650             -6.80312545e+01 1.20870791e+03 -7.24265511e-19 -7.51714060e+01 1.20877425e+03 -7.22070446e-19 7.14015148e+00 -6.63419919e-02 -2.19506577e-21
3660             -6.78172317e+01 1.20691945e+03 -7.71044939e-19 -7.49575058e+01 1.20698309e+03 -7.66962576e-19 7.14027404e+00 -6.36397737e-02 -4.08236239e-21
3670             -6.74771077e+01 1.20511623e+03 -7.05971306e-19 -7.46183054e+01 1.20518067e+03 -7.01791733e-19 7.14119767e+00 -6.44316962e-02 -4.17957232e-21
3680             -6.74832354e+01 1.20652324e+03 -7.50993130e-19 -7.46284074e+01 1.20658635e+03 -7.46227915e-19 7.14517207e+00 -6.31055823e-02 -4.76521582e-21
3690             -6.81674491e+01 1.20782170e+03 -7.35078243e-19 -7.53131998e+01 1.20788520e+03 -7.31991032e-19 7.14575073e+00 -6.35011063e-02 -3.08721105e-21
3700             -6.74530045e+01 1.20513432e+03 -7.20992175e-19 -7.45985584e+01 1.20519876e+03 -7.18405622e-19 7.14555387e+00 -6.44306260e-02 -2.58655346e-21
3710             -6.79242874e+01 1.20764891e+03 -7.49114927e-19 -7.50688323e+01 1.20771402e+03 -7.46425568e-19 7.14454495e+00 -6.51087691e-02 -2.68935971e-21
3720             -6.79355762e+01 1.20811111e+03 -7.31516302e-19 -7.50807910e+01 1.20817486e+03 -7.27037506e-19 7.14521481e+00 -6.37476573e-02 -4.47879514e-21
3730             -6.79716224e+01 1.20728775e+03 -7.56389776e-19 -7.51149408e+01 1.20735072e+03 -7.53010976e-19 7.14331835e+00 -6.29692311e-02 -3.37880017e-21
3740             -6.77769947e+01 1.20677999e+03 -7.11009547e-19 -7.49186282e+01 1.20684379e+03 -7.07486073e-19 7.14163354e+00 -6.37946459e-02 -3.52347386e-21
3750             -6.78154110e+01 1.20607247e+03 -7.89948529e-19 -7.49558144e+01 1.20613566e+03 -7.86886840e-19 7.14040337e+00 -6.31830040e-02 -3.06168920e-21
3760             -6.79431052e+01 1.20794197e+03 -7.10238964e-19 -7.50843670e+01 1.20800588e+03 -7.07124398e-19 7.14126184e+00 -6.39087558e-02 -3.11456562e-21
3770             -6.76651704e+01 1.20690928e+03 -7.20267527e-19 -7.48075808e+01 1.20697245e+03 -7.16927626e-19 7.14241040e+00 -6.31766542e-02 -3.33990033e-21
3780             -6.73922951e+01 1.20583762e+03 -7.28594802e-19 -7.45352004e+01 1.20589953e+03 -7.24879769e-19 7.14290530e+00 -6.19067039e-02 -3.71503367e-21
3790             -6.79932867e+01 1.20715774e+03 -7.06226502e-19 -7.51347888e+01 1.20722130e+03 -7.03745627e-19 7.14150211e+00 -6.35666198e-02 -2.48087464e-21
3800             -6.78476554e+01 1.20781522e+03 -7.38230462e-19 -7.49883547e+01 1.20787810e+03 -7.36185615e-19 7.14069931e+00 -6.28802799e-02 -2.04484701e-21
3810             -6.79317280e+01 1.20692507e+03 -7.36532923e-19 -7.50744315e+01 1.20698759e+03 -7.33512418e-19 7.14270342e+00 -6.25249115e-02 -3.02050427e-21
3820             -6.82222279e+01 1.21061850e+03 -7.42615740e-19 -7.53655101e+01 1.21068105e+03 -7.39946555e-19 7.14328218e+00 -6.25472670e-02 -2.66918451e-21
3830             -6.75981886e+01 1.20543982e+03 -7.17860295e-19 -7.47413390e+01 1.20550194e+03 -7.15257638e-19 7.14315034e+00 -6.21154507e-02 -2.60265673e-21
3840             -6.77691470e+01 1.20691271e+03 -7.48139481e-19 -7.49117501e+01 1.20697246e+03 -7.46463802e-19 7.14260306e+00 -5.97548559e-02 -1.67567934e-21
3850             -6.80752251e+01 1.20905262e+03 -7.24866154e-19 -7.52154326e+01 1.20911179e+03 -7.22713770e-19 7.14020758e+00 -5.91693122e-02 -2.15238423e-21
3860             -6.73542003e+01 1.20797056e+03 -7.16056654e-19 -7.44990968e+01 1.20802805e+03 -7.12318919e-19 7.14489646e+00 -5.74920351e-02 -3.73773443e-21
3870             -6.83565233e+01 1.20840615e+03 -7.30899967e-19 -7.55034493e+01 1.20846501e+03 -7.27866872e-19 7.14692600e+00 -5.88590987e-02 -3.03309486e-21
3880             -6.73082949e+01 1.20496528e+03 -7.14756188e-19 -7.44596031e+01 1.20502277e+03 -7.12259861e-19 7.15130816e+00 -5.74963229e-02 -2.49632757e-21
3890             -6.81189328e+01 1.20638112e+03 -7.55678952e-19 -7.52712483e+01 1.20643824e+03 -7.54057889e-19 7.15231557e+00 -5.71230770e-02 -1.62106212e-21
3900             -6.78991411e+01 1.20796577e+03 -7.58840300e-19 -7.50521599e+01 1.20802188e+03 -7.55332902e-19 7.15301877e+00 -5.61090524e-02 -3.50739773e-21
3910             -6.79394686e+01 1.20499336e+03 -7.42384681e-19 -7.50952557e+01 1.20505219e+03 -7.39786910e-19 7.15578710e+00 -5.88280197e-02 -2.59777033e-21
3920             -6.81687093e+01 1.20840538e+03 -7.41584430e-19 -7.53263380e+01 1.20846546e+03 -7.37379822e-19 7.15762877e+00 -6.00811516e-02 -4.20460884e-21
3930             -6.75198242e+01 1.20546244e+03 -7.30495864e-19 -7.46779916e+01 1.20552299e+03 -7.26716486e-19 7.15816741e+00 -6.05576866e-02 -3.77937799e-21
3940             -6.82547814e+01 1.20768883e+03 -7.74420723e-19 -7.54099556e+01 1.20774904e+03 -7.70651546e-19 7.15517415e+00 -6.02104115e-02 -3.76917743e-21
3950             -6.79763924e+01 1.20730103e+03 -7.09996270e-19 -7.51258240e+01 1.20736302e+03 -7.06624476e-19 7.14943156e+00 -6.19908851e-02 -3.37179439e-21
3960             -6.77898728e+01 1.20587190e+03 -7.48912696e-19 -7.49347799e+01 1.20593296e+03 -7.45634255e-19 7.14490712e+00 -6.10633674e-02 -3.27844034e-21
3970             -6.77712625e+01 1.20632043e+03 -7.39461859e-19 -7.49103437e+01 1.20637918e+03 -7.35901945e-19 7.13908114e+00 -5.87534432e-02 -3.55991398e-21
3980             -6.82839423e+01 1.20534880e+03 -7.45572138e-19 -7.54180738e+01 1.20540681e+03 -7.42965960e-19 7.13413146e+00 -5.80047590e-02 -2.60617865e-21
3990             -6.82442800e+01 1.20838629e+03 -7.32319489e-19 -7.53734703e+01 1.20844669e+03 -7.29737592e-19 7.12919030e+00 -6.04050201e-02 -2.58189717e-21
4000             -6.78745273e+01 1.20521593e+03 -7.79386951e-19 -7.49977458e+01 1.20527477e+03 -7.75662698e-19 7.12321850e+00 -5.88413099e-02 -3.72425325e-21
