# Moment        
# CofR          : (0.00000000e+00 0.00000000e+00 0.00000000e+00)
#
# Time          	total_x total_y total_z	pressure_x pressure_y pressure_z	viscous_x viscous_y viscous_z
10               -1.88717685e+03 2.76083328e+02 1.37090802e+03 -1.88698514e+03 2.79488941e+02 1.37101169e+03 -1.91704883e-01 -3.40561340e+00 -1.03667167e-01
20               -1.29246243e+02 3.80708691e+01 -3.27810587e+01 -1.28991255e+02 4.33471011e+01 -3.26306170e+01 -2.54988396e-01 -5.27623200e+00 -1.50441704e-01
30               1.07051660e+02 -9.01723025e+00 -1.77154239e+02 1.07372753e+02 -2.50862339e+00 -1.76991359e+02 -3.21093243e-01 -6.50860686e+00 -1.62879713e-01
40               8.05731882e+01 -9.84739726e+00 -1.41253654e+02 8.09316504e+01 -2.96583060e+00 -1.41107573e+02 -3.58462197e-01 -6.88156666e+00 -1.46081210e-01
50               6.61825341e+01 -1.08240710e+01 -1.18015803e+02 6.65423096e+01 -4.02319324e+00 -1.17884172e+02 -3.59775450e-01 -6.80087774e+00 -1.31630658e-01
60               4.98330156e+01 -1.08235967e+01 -8.97377694e+01 5.01869182e+01 -4.25593814e+00 -8.96221615e+01 -3.53902573e-01 -6.56765854e+00 -1.15607841e-01
70               3.01893795e+01 -1.03322379e+01 -5.34091777e+01 3.05404928e+01 -4.01786659e+00 -5.33144271e+01 -3.51113340e-01 -6.31437134e+00 -9.47506564e-02
80               1.63345744e+01 -8.95935292e+00 -2.91560419e+01 1.66856649e+01 -2.88355593e+00 -2.90845279e+01 -3.51090456e-01 -6.07579699e+00 -7.15140204e-02
90               1.02273117e+02 -1.55160701e+01 -1.19261684e+02 1.02617856e+02 -9.66763524e+00 -1.19204281e+02 -3.44739011e-01 -5.84843483e+00 -5.74032285e-02
100              2.23187769e+02 -2.35402337e+01 -2.56186764e+02 2.23513578e+02 -1.78902740e+01 -2.56120832e+02 -3.25809283e-01 -5.64995970e+00 -6.59320071e-02
110              3.31396129e+02 -2.71279823e+01 -3.82716407e+02 3.31695009e+02 -2.16647104e+01 -3.82630598e+02 -2.98879879e-01 -5.46327188e+00 -8.58094534e-02
120              4.07290403e+02 -2.31665225e+01 -4.78153923e+02 4.07557366e+02 -1.78653914e+01 -4.78038916e+02 -2.66962904e-01 -5.30113109e+00 -1.15006278e-01
130              4.58438935e+02 -1.80316325e+01 -5.45347277e+02 4.58674279e+02 -1.28642017e+01 -5.45200688e+02 -2.35344221e-01 -5.16743074e+00 -1.46588346e-01
140              4.97192812e+02 -1.13852360e+01 -5.98535065e+02 4.97396587e+02 -6.33208173e+00 -5.98357394e+02 -2.03775593e-01 -5.05315423e+00 -1.77670647e-01
150              5.33182977e+02 -6.55625357e+00 -6.42054219e+02 5.33354042e+02 -1.60006202e+00 -6.41843787e+02 -1.71064519e-01 -4.95619155e+00 -2.10432725e-01
160              5.57335224e+02 -2.73825273e+00 -6.71436260e+02 5.57479123e+02 2.14355037e+00 -6.71199260e+02 -1.43898894e-01 -4.88180311e+00 -2.37000039e-01
170              5.71461628e+02 1.35563499e+00 -6.89712272e+02 5.71584277e+02 6.17403558e+00 -6.89456789e+02 -1.22648685e-01 -4.81840059e+00 -2.55483654e-01
180              5.80774303e+02 4.81023484e+00 -7.04842550e+02 5.80879447e+02 9.57306006e+00 -7.04574046e+02 -1.05143877e-01 -4.76282522e+00 -2.68504784e-01
190              5.89594514e+02 7.20841970e+00 -7.17588118e+02 5.89683348e+02 1.19235520e+01 -7.17307933e+02 -8.88336565e-02 -4.71513230e+00 -2.80185575e-01
200              5.98298814e+02 9.50193641e+00 -7.29941853e+02 5.98373957e+02 1.41731128e+01 -7.29653476e+02 -7.51428255e-02 -4.67117642e+00 -2.88376692e-01
210              6.12482462e+02 1.18934813e+01 -7.47147116e+02 6.12545351e+02 1.65221831e+01 -7.46853179e+02 -6.28882959e-02 -4.62870183e+00 -2.93937608e-01
220              6.21424970e+02 1.41004560e+01 -7.58795849e+02 6.21478113e+02 1.86878165e+01 -7.58499539e+02 -5.31432298e-02 -4.58736041e+00 -2.96309362e-01
230              6.29678457e+02 1.55524370e+01 -7.68358519e+02 6.29721916e+02 2.00914088e+01 -7.68061348e+02 -4.34590103e-02 -4.53897171e+00 -2.97170547e-01
240              6.35545307e+02 1.72679316e+01 -7.75916068e+02 6.35576999e+02 2.17562035e+01 -7.75615282e+02 -3.16915270e-02 -4.48827190e+00 -3.00785421e-01
250              6.40529271e+02 1.89592465e+01 -7.82666289e+02 6.40550006e+02 2.33932101e+01 -7.82363780e+02 -2.07344458e-02 -4.43396367e+00 -3.02508803e-01
260              6.41431937e+02 2.07281692e+01 -7.85272207e+02 6.41441495e+02 2.51066698e+01 -7.84967102e+02 -9.55856839e-03 -4.37850054e+00 -3.05105002e-01
270              6.42966062e+02 2.14929339e+01 -7.87644206e+02 6.42964256e+02 2.58140818e+01 -7.87336181e+02 1.80605354e-03 -4.32114793e+00 -3.08024166e-01
280              6.44666739e+02 2.27111297e+01 -7.90065007e+02 6.44653694e+02 2.69741989e+01 -7.89754595e+02 1.30454531e-02 -4.26306917e+00 -3.10411190e-01
290              6.49191391e+02 2.38051436e+01 -7.95597223e+02 6.49167908e+02 2.80139085e+01 -7.95284726e+02 2.34832800e-02 -4.20876493e+00 -3.12497066e-01
300              6.51360993e+02 2.31756217e+01 -7.97748029e+02 6.51326027e+02 2.73315196e+01 -7.97431740e+02 3.49663694e-02 -4.15589787e+00 -3.16288832e-01
310              6.55455421e+02 2.39096865e+01 -8.01990186e+02 6.55411769e+02 2.80152833e+01 -8.01673930e+02 4.36520002e-02 -4.10559678e+00 -3.16255687e-01
320              6.58501867e+02 2.39695690e+01 -8.04997621e+02 6.58449609e+02 2.80285488e+01 -8.04680465e+02 5.22571230e-02 -4.05897987e+00 -3.17156450e-01
330              6.64208008e+02 2.49098930e+01 -8.11217061e+02 6.64148148e+02 2.89260529e+01 -8.10899640e+02 5.98597943e-02 -4.01615991e+00 -3.17420989e-01
340              6.67398951e+02 2.50241135e+01 -8.14185245e+02 6.67330522e+02 2.90007040e+01 -8.13865157e+02 6.84290097e-02 -3.97659049e+00 -3.20088336e-01
350              6.73324209e+02 2.53664701e+01 -8.20634423e+02 6.73248722e+02 2.93065020e+01 -8.20313426e+02 7.54870378e-02 -3.94003192e+00 -3.20997139e-01
360              6.77461847e+02 2.53343606e+01 -8.24237587e+02 6.77379198e+02 2.92425201e+01 -8.23914389e+02 8.26495295e-02 -3.90815945e+00 -3.23198028e-01
370              6.82127672e+02 2.61722078e+01 -8.29363099e+02 6.82037730e+02 3.00537609e+01 -8.29035732e+02 8.99418301e-02 -3.88155311e+00 -3.27366987e-01
380              6.82989076e+02 2.65468998e+01 -8.30277303e+02 6.82892331e+02 3.04083210e+01 -8.29944769e+02 9.67452920e-02 -3.86142121e+00 -3.32533826e-01
390              6.88562123e+02 2.69698006e+01 -8.37089951e+02 6.88457302e+02 3.08143235e+01 -8.36749463e+02 1.04821222e-01 -3.84452288e+00 -3.40487834e-01
400              6.90037873e+02 2.78899327e+01 -8.39016895e+02 6.89927581e+02 3.17220621e+01 -8.38671789e+02 1.10291986e-01 -3.83212935e+00 -3.45105276e-01
410              6.93723546e+02 2.84507157e+01 -8.43726818e+02 6.93609583e+02 3.22726969e+01 -8.43378480e+02 1.13962665e-01 -3.82198117e+00 -3.48337737e-01
420              6.95152617e+02 2.95430943e+01 -8.45617955e+02 6.95035932e+02 3.33563406e+01 -8.45267194e+02 1.16684802e-01 -3.81324632e+00 -3.50761421e-01
430              6.99587322e+02 2.93696612e+01 -8.49671497e+02 6.99467521e+02 3.31746204e+01 -8.49317975e+02 1.19800790e-01 -3.80495915e+00 -3.53522051e-01
440              7.01087516e+02 2.98925063e+01 -8.51653415e+02 7.00963311e+02 3.36914429e+01 -8.51295144e+02 1.24205071e-01 -3.79893655e+00 -3.58271266e-01
450              7.02286673e+02 3.05143079e+01 -8.52181827e+02 7.02160440e+02 3.43089164e+01 -8.51822155e+02 1.26233070e-01 -3.79460851e+00 -3.59671827e-01
460              7.03283882e+02 3.05678187e+01 -8.52661368e+02 7.03156212e+02 3.43580818e+01 -8.52300808e+02 1.27670137e-01 -3.79026314e+00 -3.60560113e-01
470              7.08029421e+02 3.05381276e+01 -8.56368726e+02 7.07899192e+02 3.43280941e+01 -8.56004999e+02 1.30229235e-01 -3.78996645e+00 -3.63726638e-01
480              7.06944034e+02 3.01734890e+01 -8.52920952e+02 7.06812974e+02 3.39664119e+01 -8.52556494e+02 1.31059492e-01 -3.79292288e+00 -3.64458737e-01
490              7.13696247e+02 3.05728160e+01 -8.57122808e+02 7.13566483e+02 3.43679278e+01 -8.56761596e+02 1.29763726e-01 -3.79511178e+00 -3.61212396e-01
500              7.16787670e+02 2.99938281e+01 -8.56221727e+02 7.16656828e+02 3.37934712e+01 -8.55859874e+02 1.30842546e-01 -3.79964310e+00 -3.61852644e-01
510              7.25724396e+02 2.91861150e+01 -8.59370014e+02 7.25592302e+02 3.29917116e+01 -8.59007530e+02 1.32093801e-01 -3.80559665e+00 -3.62483420e-01
520              7.30519771e+02 2.88542614e+01 -8.59907979e+02 7.30385955e+02 3.26682730e+01 -8.59544288e+02 1.33816055e-01 -3.81401157e+00 -3.63690588e-01
530              7.21677912e+02 2.89163145e+01 -8.51418593e+02 7.21543641e+02 3.27472572e+01 -8.51052465e+02 1.34270903e-01 -3.83094274e+00 -3.66127957e-01
540              6.88140885e+02 3.06468806e+01 -8.33229347e+02 6.88008870e+02 3.45144096e+01 -8.32861837e+02 1.32015045e-01 -3.86752901e+00 -3.67509523e-01
550              6.41617528e+02 3.39326364e+01 -8.10448415e+02 6.41496304e+02 3.78516123e+01 -8.10084541e+02 1.21223749e-01 -3.91897591e+00 -3.63874437e-01
560              6.38731463e+02 3.36064136e+01 -8.06697622e+02 6.38615352e+02 3.75647293e+01 -8.06337902e+02 1.16110583e-01 -3.95831570e+00 -3.59720782e-01
570              6.36670128e+02 3.36941445e+01 -8.04369609e+02 6.36557669e+02 3.76869474e+01 -8.04009807e+02 1.12458800e-01 -3.99280298e+00 -3.59801511e-01
580              6.31543384e+02 3.38084435e+01 -8.02032015e+02 6.31435470e+02 3.78421356e+01 -8.01670477e+02 1.07913747e-01 -4.03369203e+00 -3.61537994e-01
590              6.28795833e+02 3.36592771e+01 -7.99842086e+02 6.28692017e+02 3.77354779e+01 -7.99477263e+02 1.03815526e-01 -4.07620078e+00 -3.64822589e-01
600              6.26423806e+02 3.41124094e+01 -7.98325730e+02 6.26325089e+02 3.82249686e+01 -7.97960142e+02 9.87167321e-02 -4.11255915e+00 -3.65588843e-01
610              6.26745224e+02 3.37829484e+01 -7.98736420e+02 6.26651116e+02 3.79254355e+01 -7.98370482e+02 9.41076680e-02 -4.14248710e+00 -3.65937803e-01
620              6.22241263e+02 3.37467823e+01 -7.93847110e+02 6.22151046e+02 3.79154646e+01 -7.93480346e+02 9.02173785e-02 -4.16868229e+00 -3.66763940e-01
630              6.26031186e+02 3.34588685e+01 -7.98450277e+02 6.25944032e+02 3.76510683e+01 -7.98081899e+02 8.71542527e-02 -4.19219977e+00 -3.68378346e-01
640              6.22368200e+02 3.32063090e+01 -7.94119337e+02 6.22282914e+02 3.74218108e+01 -7.93747589e+02 8.52856246e-02 -4.21550183e+00 -3.71748241e-01
650              6.22108057e+02 3.31585082e+01 -7.94079430e+02 6.22025990e+02 3.73966354e+01 -7.93706637e+02 8.20665097e-02 -4.23812722e+00 -3.72792644e-01
660              6.19623490e+02 3.29062664e+01 -7.90877115e+02 6.19545747e+02 3.71665177e+01 -7.90505189e+02 7.77434835e-02 -4.26025126e+00 -3.71925796e-01
670              6.22403313e+02 3.28425128e+01 -7.94243920e+02 6.22330567e+02 3.71227912e+01 -7.93874173e+02 7.27461276e-02 -4.28027843e+00 -3.69746990e-01
680              6.21809494e+02 3.24408118e+01 -7.93062110e+02 6.21739752e+02 3.67419177e+01 -7.92691507e+02 6.97419365e-02 -4.30110590e+00 -3.70603783e-01
690              6.18914645e+02 3.20407898e+01 -7.89660760e+02 6.18847360e+02 3.63631110e+01 -7.89288440e+02 6.72844444e-02 -4.32232123e+00 -3.72319620e-01
700              6.24444382e+02 3.27556195e+01 -7.95629751e+02 6.24381578e+02 3.70979297e+01 -7.95259059e+02 6.28040950e-02 -4.34231022e+00 -3.70692232e-01
710              6.22925130e+02 3.16936720e+01 -7.93688724e+02 6.22865976e+02 3.60540600e+01 -7.93318371e+02 5.91540160e-02 -4.36038799e+00 -3.70353716e-01
720              6.23747827e+02 3.23979118e+01 -7.94648582e+02 6.23693102e+02 3.67754688e+01 -7.94279648e+02 5.47248756e-02 -4.37755706e+00 -3.68933706e-01
730              6.27893000e+02 3.27592407e+01 -7.99977609e+02 6.27841019e+02 3.71523458e+01 -7.99607583e+02 5.19818248e-02 -4.39310510e+00 -3.70025322e-01
740              6.25103827e+02 3.19455577e+01 -7.95811645e+02 6.25053689e+02 3.63535678e+01 -7.95439114e+02 5.01378721e-02 -4.40801015e+00 -3.72530398e-01
750              6.28365500e+02 3.24307212e+01 -8.00406346e+02 6.28318366e+02 3.68516602e+01 -8.00033168e+02 4.71338767e-02 -4.42093903e+00 -3.73178276e-01
760              6.30876072e+02 3.31263749e+01 -8.03220829e+02 6.30830959e+02 3.75601393e+01 -8.02845628e+02 4.51128944e-02 -4.43376434e+00 -3.75200472e-01
770              6.30142379e+02 3.21494195e+01 -8.01974533e+02 6.30098637e+02 3.65976428e+01 -8.01596299e+02 4.37425920e-02 -4.44822333e+00 -3.78234459e-01
780              6.31406243e+02 3.26654648e+01 -8.03857288e+02 6.31366035e+02 3.71241049e+01 -8.03480113e+02 4.02075469e-02 -4.45864007e+00 -3.77175544e-01
790              6.35887300e+02 3.33719608e+01 -8.09209539e+02 6.35849774e+02 3.78407577e+01 -8.08832290e+02 3.75261751e-02 -4.46879685e+00 -3.77248251e-01
800              6.34131741e+02 3.25661381e+01 -8.06576920e+02 6.34096194e+02 3.70452540e+01 -8.06198575e+02 3.55467681e-02 -4.47911589e+00 -3.78345013e-01
810              6.38042238e+02 3.30768910e+01 -8.11112294e+02 6.38009628e+02 3.75630517e+01 -8.10734862e+02 3.26104090e-02 -4.48616067e+00 -3.77432015e-01
820              6.41938755e+02 3.34925883e+01 -8.15571353e+02 6.41907245e+02 3.79858602e+01 -8.15192007e+02 3.15095482e-02 -4.49327196e+00 -3.79346406e-01
830              6.39036410e+02 3.30310455e+01 -8.11497479e+02 6.39004876e+02 3.75321337e+01 -8.11114447e+02 3.15341045e-02 -4.50108819e+00 -3.83031065e-01
840              6.45065080e+02 3.34222910e+01 -8.18591478e+02 6.45034650e+02 3.79307699e+01 -8.18206710e+02 3.04297358e-02 -4.50847882e+00 -3.84768029e-01
850              6.47572559e+02 3.36274955e+01 -8.21025393e+02 6.47543918e+02 3.81434988e+01 -8.20640035e+02 2.86410873e-02 -4.51600330e+00 -3.85357910e-01
860              6.46677932e+02 3.37274548e+01 -8.19461167e+02 6.46652630e+02 3.82493596e+01 -8.19078113e+02 2.53022861e-02 -4.52190483e+00 -3.83054846e-01
870              6.53282088e+02 3.40163213e+01 -8.27346841e+02 6.53258695e+02 3.85433957e+01 -8.26963858e+02 2.33922571e-02 -4.52707438e+00 -3.82982719e-01
880              6.53161234e+02 3.44052748e+01 -8.26978495e+02 6.53139368e+02 3.89375412e+01 -8.26595167e+02 2.18658273e-02 -4.53226641e+00 -3.83328276e-01
890              6.53822670e+02 3.41934059e+01 -8.27088245e+02 6.53802797e+02 3.87312577e+01 -8.26705257e+02 1.98731395e-02 -4.53785183e+00 -3.82987409e-01
900              6.57349748e+02 3.44440900e+01 -8.31432244e+02 6.57331891e+02 3.89853877e+01 -8.31049928e+02 1.78575774e-02 -4.54129765e+00 -3.82316222e-01
910              6.60874754e+02 3.52086350e+01 -8.35103253e+02 6.60858600e+02 3.97534899e+01 -8.34721245e+02 1.61539886e-02 -4.54485483e+00 -3.82007269e-01
920              6.58046529e+02 3.47619185e+01 -8.31278176e+02 6.58031520e+02 3.93112308e+01 -8.30895584e+02 1.50088693e-02 -4.54931236e+00 -3.82591165e-01
930              6.65901402e+02 3.47011373e+01 -8.39906938e+02 6.65886773e+02 3.92531858e+01 -8.39522792e+02 1.46281636e-02 -4.55204853e+00 -3.84146132e-01
940              6.64290588e+02 3.53719585e+01 -8.37848393e+02 6.64276433e+02 3.99278920e+01 -8.37462804e+02 1.41544742e-02 -4.55593344e+00 -3.85588472e-01
950              6.66020829e+02 3.53385160e+01 -8.39217857e+02 6.66008663e+02 3.98967688e+01 -8.38833373e+02 1.21655378e-02 -4.55825278e+00 -3.84483614e-01
960              6.72366484e+02 3.51025974e+01 -8.46134314e+02 6.72355292e+02 3.96638777e+01 -8.45749289e+02 1.11924624e-02 -4.56128031e+00 -3.85025334e-01
970              6.71717543e+02 3.55676666e+01 -8.45356112e+02 6.71708178e+02 4.01308769e+01 -8.44972112e+02 9.36533141e-03 -4.56321027e+00 -3.83999403e-01
980              6.73786409e+02 3.57339152e+01 -8.46870406e+02 6.73779679e+02 4.03005037e+01 -8.46488581e+02 6.73012611e-03 -4.56658842e+00 -3.81824482e-01
990              6.76460633e+02 3.55884697e+01 -8.49592133e+02 6.76457041e+02 4.01579302e+01 -8.49213370e+02 3.59204782e-03 -4.56946050e+00 -3.78763166e-01
1000             6.81493821e+02 3.63611336e+01 -8.54859290e+02 6.81492327e+02 4.09323338e+01 -8.54482162e+02 1.49403861e-03 -4.57120023e+00 -3.77127204e-01
1010             6.78644241e+02 3.60797047e+01 -8.51061462e+02 6.78643764e+02 4.06534210e+01 -8.50684139e+02 4.76549251e-04 -4.57371628e+00 -3.77323446e-01
1020             6.85393113e+02 3.58981120e+01 -8.57909768e+02 6.85395090e+02 4.04757779e+01 -8.57534289e+02 -1.97754422e-03 -4.57766590e+00 -3.75479046e-01
1030             6.86392340e+02 3.65678477e+01 -8.58941664e+02 6.86394931e+02 4.11493485e+01 -8.58565211e+02 -2.59123068e-03 -4.58150080e+00 -3.76452540e-01
1040             6.89320461e+02 3.61388904e+01 -8.61722006e+02 6.89322550e+02 4.07261963e+01 -8.61342605e+02 -2.08894056e-03 -4.58730600e+00 -3.79401143e-01
1050             6.90024034e+02 3.65570073e+01 -8.61706281e+02 6.90026479e+02 4.11509130e+01 -8.61325149e+02 -2.44505106e-03 -4.59390569e+00 -3.81132255e-01
1060             6.94851063e+02 3.67612540e+01 -8.66862849e+02 6.94852608e+02 4.13605392e+01 -8.66478216e+02 -1.54528040e-03 -4.59928523e+00 -3.84632768e-01
1070             6.94622785e+02 3.69098664e+01 -8.66768156e+02 6.94624282e+02 4.15158272e+01 -8.66381249e+02 -1.49672700e-03 -4.60596080e+00 -3.86907059e-01
1080             6.99238684e+02 3.68725178e+01 -8.70855137e+02 6.99242381e+02 4.14834814e+01 -8.70469754e+02 -3.69726103e-03 -4.61096363e+00 -3.85382150e-01
1090             7.02579008e+02 3.76076404e+01 -8.74623448e+02 7.02585722e+02 4.22213456e+01 -8.74241212e+02 -6.71348596e-03 -4.61370518e+00 -3.82235255e-01
1100             7.00518705e+02 3.72326097e+01 -8.71809223e+02 7.00528084e+02 4.18491899e+01 -8.71429680e+02 -9.37925088e-03 -4.61658024e+00 -3.79542847e-01
1110             7.06308838e+02 3.73382941e+01 -8.77516330e+02 7.06318804e+02 4.19579685e+01 -8.77136049e+02 -9.96567239e-03 -4.61967444e+00 -3.80281118e-01
1120             7.07145960e+02 3.75904846e+01 -8.78211945e+02 7.07154097e+02 4.22148694e+01 -8.77827068e+02 -8.13647802e-03 -4.62438486e+00 -3.84876807e-01
1130             7.08658445e+02 3.80516513e+01 -8.79704295e+02 7.08667432e+02 4.26806031e+01 -8.79319106e+02 -8.98644732e-03 -4.62895183e+00 -3.85188580e-01
1140             7.10969162e+02 3.77485134e+01 -8.81381736e+02 7.10980906e+02 4.23793483e+01 -8.80999664e+02 -1.17437183e-02 -4.63083482e+00 -3.82072695e-01
1150             7.13385518e+02 3.78670726e+01 -8.83857473e+02 7.13399671e+02 4.24972136e+01 -8.83478410e+02 -1.41532772e-02 -4.63014095e+00 -3.79062443e-01
1160             7.14507935e+02 3.79321058e+01 -8.85219173e+02 7.14522496e+02 4.25632159e+01 -8.84839789e+02 -1.45616094e-02 -4.63111013e+00 -3.79384317e-01
1170             7.17993217e+02 3.81579695e+01 -8.88387809e+02 7.18006511e+02 4.27902139e+01 -8.88005513e+02 -1.32934767e-02 -4.63224450e+00 -3.82296406e-01
1180             7.19075763e+02 3.87666476e+01 -8.89434198e+02 7.19089241e+02 4.34006457e+01 -8.89051242e+02 -1.34787836e-02 -4.63399803e+00 -3.82956912e-01
1190             7.19691874e+02 3.86854261e+01 -8.90006042e+02 7.19707023e+02 4.33203846e+01 -8.89624903e+02 -1.51492534e-02 -4.63495848e+00 -3.81139065e-01
1200             7.24383350e+02 3.87480626e+01 -8.94893933e+02 7.24402025e+02 4.33823050e+01 -8.94517718e+02 -1.86752988e-02 -4.63424239e+00 -3.76215068e-01
1210             7.23332885e+02 3.94650337e+01 -8.93244141e+02 7.23352675e+02 4.41003705e+01 -8.92868829e+02 -1.97901382e-02 -4.63533681e+00 -3.75311997e-01
1220             7.23100402e+02 3.86733403e+01 -8.92630967e+02 7.23119427e+02 4.33101472e+01 -8.92253513e+02 -1.90245700e-02 -4.63680693e+00 -3.77454663e-01
1230             7.26306009e+02 3.89708146e+01 -8.95967675e+02 7.26325292e+02 4.36094106e+01 -8.95589688e+02 -1.92827159e-02 -4.63859604e+00 -3.77986697e-01
1240             7.28503916e+02 3.91401272e+01 -8.98419653e+02 7.28522727e+02 4.37782370e+01 -8.98040342e+02 -1.88107891e-02 -4.63810983e+00 -3.79310801e-01
1250             7.30713691e+02 3.95630272e+01 -9.01140464e+02 7.30733453e+02 4.41994877e+01 -9.00762305e+02 -1.97616448e-02 -4.63646052e+00 -3.78159277e-01
1260             7.34621918e+02 3.96157089e+01 -9.05192467e+02 7.34643938e+02 4.42503381e+01 -9.04817655e+02 -2.20201078e-02 -4.63462922e+00 -3.74811743e-01
1270             7.32020103e+02 3.92155084e+01 -9.01760854e+02 7.32042978e+02 4.38458746e+01 -9.01387495e+02 -2.28742702e-02 -4.63036621e+00 -3.73358810e-01
1280             7.33847167e+02 4.00874310e+01 -9.03870493e+02 7.33870286e+02 4.47149951e+01 -9.03497405e+02 -2.31191789e-02 -4.62756403e+00 -3.73088701e-01
1290             7.37541039e+02 4.02325404e+01 -9.07657269e+02 7.37564805e+02 4.48565937e+01 -9.07285250e+02 -2.37657865e-02 -4.62405328e+00 -3.72018170e-01
1300             7.34957007e+02 3.90106140e+01 -9.04119055e+02 7.34982739e+02 4.36314903e+01 -9.03750149e+02 -2.57315359e-02 -4.62087631e+00 -3.68906321e-01
1310             7.38643172e+02 4.04386105e+01 -9.08875784e+02 7.38668484e+02 4.50555066e+01 -9.08506257e+02 -2.53119334e-02 -4.61689607e+00 -3.69527519e-01
1320             7.38769822e+02 4.11127175e+01 -9.08609919e+02 7.38795551e+02 4.57272471e+01 -9.08240885e+02 -2.57286393e-02 -4.61452963e+00 -3.69034458e-01
1330             7.39641624e+02 3.99871307e+01 -9.09152018e+02 7.39668851e+02 4.46005473e+01 -9.08785113e+02 -2.72273113e-02 -4.61341663e+00 -3.66905441e-01
1340             7.42227178e+02 4.05153239e+01 -9.12160102e+02 7.42254058e+02 4.51245888e+01 -9.11792819e+02 -2.68798410e-02 -4.60926488e+00 -3.67282429e-01
1350             7.43907183e+02 4.03254072e+01 -9.14495833e+02 7.43934300e+02 4.49321615e+01 -9.14128928e+02 -2.71169629e-02 -4.60675433e+00 -3.66905146e-01
1360             7.43438563e+02 4.08012283e+01 -9.13536844e+02 7.43465619e+02 4.54065826e+01 -9.13169571e+02 -2.70560512e-02 -4.60535432e+00 -3.67272857e-01
1370             7.43772901e+02 4.08374219e+01 -9.13717817e+02 7.43799229e+02 4.54431411e+01 -9.13348810e+02 -2.63278526e-02 -4.60571921e+00 -3.69007112e-01
1380             7.46121131e+02 4.06924114e+01 -9.16296143e+02 7.46147033e+02 4.52998924e+01 -9.15925707e+02 -2.59018352e-02 -4.60748098e+00 -3.70436903e-01
1390             7.44167812e+02 4.11241347e+01 -9.13907698e+02 7.44195518e+02 4.57333258e+01 -9.13539248e+02 -2.77062263e-02 -4.60919117e+00 -3.68450137e-01
1400             7.47073283e+02 4.15595707e+01 -9.17457346e+02 7.47100607e+02 4.61716553e+01 -9.17087181e+02 -2.73236714e-02 -4.61208460e+00 -3.70164681e-01
1410             7.47762985e+02 4.11609760e+01 -9.17793661e+02 7.47791555e+02 4.57753648e+01 -9.17424480e+02 -2.85704021e-02 -4.61438879e+00 -3.69181144e-01
1420             7.46737392e+02 4.10763464e+01 -9.16640400e+02 7.46766372e+02 4.56904479e+01 -9.16271176e+02 -2.89790215e-02 -4.61410152e+00 -3.69224429e-01
1430             7.49402178e+02 4.16110803e+01 -9.19852314e+02 7.49430589e+02 4.62243788e+01 -9.19481691e+02 -2.84111062e-02 -4.61329853e+00 -3.70623586e-01
1440             7.48802323e+02 4.14330759e+01 -9.18964998e+02 7.48831334e+02 4.60449687e+01 -9.18595030e+02 -2.90104985e-02 -4.61189282e+00 -3.69968208e-01
1450             7.50824574e+02 4.18623738e+01 -9.21133606e+02 7.50856981e+02 4.64684150e+01 -9.20769429e+02 -3.24073113e-02 -4.60604122e+00 -3.64177096e-01
1460             7.51111657e+02 4.17531091e+01 -9.21629387e+02 7.51143475e+02 4.63555589e+01 -9.21264441e+02 -3.18179684e-02 -4.60244975e+00 -3.64946265e-01
1470             7.50432040e+02 4.13354398e+01 -9.20337364e+02 7.50466379e+02 4.59330679e+01 -9.19976664e+02 -3.43389498e-02 -4.59762811e+00 -3.60700776e-01
1480             7.50588097e+02 4.18891304e+01 -9.20671381e+02 7.50623434e+02 4.64827730e+01 -9.20312370e+02 -3.53372377e-02 -4.59364258e+00 -3.59011482e-01
1490             7.54076146e+02 4.20449267e+01 -9.24996070e+02 7.54110889e+02 4.66365233e+01 -9.24635944e+02 -3.47432257e-02 -4.59159657e+00 -3.60125713e-01
1500             7.51555052e+02 4.18923875e+01 -9.21481935e+02 7.51592797e+02 4.64802098e+01 -9.21126567e+02 -3.77452235e-02 -4.58782232e+00 -3.55368467e-01
1510             7.52789178e+02 4.17577240e+01 -9.23151757e+02 7.52826998e+02 4.63430743e+01 -9.22796364e+02 -3.78203960e-02 -4.58535022e+00 -3.55392556e-01
1520             7.52574002e+02 4.18641140e+01 -9.22465256e+02 7.52613608e+02 4.64444609e+01 -9.22112921e+02 -3.96059608e-02 -4.58034685e+00 -3.52334725e-01
1530             7.54236619e+02 4.19659552e+01 -9.25073419e+02 7.54275608e+02 4.65406701e+01 -9.24720537e+02 -3.89892933e-02 -4.57471490e+00 -3.52882281e-01
1540             7.54415006e+02 4.17685463e+01 -9.24958259e+02 7.54456194e+02 4.63360789e+01 -9.24609654e+02 -4.11884309e-02 -4.56753265e+00 -3.48604229e-01
1550             7.54258058e+02 4.23527573e+01 -9.24820961e+02 7.54299668e+02 4.69105566e+01 -9.24474276e+02 -4.16102657e-02 -4.55779926e+00 -3.46684823e-01
1560             7.55826120e+02 4.23302602e+01 -9.26768499e+02 7.55868511e+02 4.68780123e+01 -9.26424483e+02 -4.23911710e-02 -4.54775209e+00 -3.44016258e-01
1570             7.54707192e+02 4.23288726e+01 -9.25095022e+02 7.54748608e+02 4.68667679e+01 -9.24750919e+02 -4.14153820e-02 -4.53789538e+00 -3.44102695e-01
1580             7.55758240e+02 4.21541611e+01 -9.26503029e+02 7.55799705e+02 4.66843606e+01 -9.26160216e+02 -4.14656726e-02 -4.53019951e+00 -3.42812368e-01
1590             7.57272896e+02 4.21379769e+01 -9.27978343e+02 7.57313539e+02 4.66612801e+01 -9.27635291e+02 -4.06427984e-02 -4.52330323e+00 -3.43052149e-01
1600             7.55398675e+02 4.22475307e+01 -9.25926428e+02 7.55440048e+02 4.67657573e+01 -9.25585279e+02 -4.13736754e-02 -4.51822665e+00 -3.41148739e-01
1610             7.58146670e+02 4.23270242e+01 -9.29278670e+02 7.58186573e+02 4.68460650e+01 -9.28935013e+02 -3.99026156e-02 -4.51904078e+00 -3.43657434e-01
1620             7.55771178e+02 4.27997240e+01 -9.26307064e+02 7.55810654e+02 4.73213356e+01 -9.25962140e+02 -3.94761681e-02 -4.52161158e+00 -3.44924400e-01
1630             7.57547132e+02 4.23287711e+01 -9.28158949e+02 7.57586491e+02 4.68555575e+01 -9.27812797e+02 -3.93589567e-02 -4.52678642e+00 -3.46152048e-01
1640             7.56804038e+02 4.26673299e+01 -9.27332239e+02 7.56845338e+02 4.71984049e+01 -9.26988078e+02 -4.13001376e-02 -4.53107502e+00 -3.44160952e-01
1650             7.57099728e+02 4.21562177e+01 -9.27993191e+02 7.57139955e+02 4.66953709e+01 -9.27645684e+02 -4.02267507e-02 -4.53915319e+00 -3.47506425e-01
1660             7.57375935e+02 4.21185715e+01 -9.28033968e+02 7.57415138e+02 4.66653852e+01 -9.27683204e+02 -3.92033687e-02 -4.54681364e+00 -3.50763589e-01
1670             7.58683513e+02 4.24712973e+01 -9.29683173e+02 7.58723824e+02 4.70258576e+01 -9.29332489e+02 -4.03107360e-02 -4.55456028e+00 -3.50683904e-01
1680             7.56222623e+02 4.21299721e+01 -9.26439565e+02 7.56263870e+02 4.66917636e+01 -9.26088786e+02 -4.12470595e-02 -4.56179151e+00 -3.50778804e-01
1690             7.58112692e+02 4.26754577e+01 -9.28604769e+02 7.58155103e+02 4.72422556e+01 -9.28254644e+02 -4.24110934e-02 -4.56679789e+00 -3.50124711e-01
1700             7.56516875e+02 4.24934631e+01 -9.26975330e+02 7.56560728e+02 4.70627548e+01 -9.26626737e+02 -4.38527807e-02 -4.56929174e+00 -3.48593030e-01
1710             7.60970595e+02 4.25332999e+01 -9.32263397e+02 7.61015052e+02 4.71043137e+01 -9.31915138e+02 -4.44569899e-02 -4.57101382e+00 -3.48259486e-01
1720             7.57110132e+02 4.23699954e+01 -9.27730455e+02 7.57156034e+02 4.69417701e+01 -9.27383990e+02 -4.59023468e-02 -4.57177470e+00 -3.46464994e-01
1730             7.58798447e+02 4.20466799e+01 -9.29265359e+02 7.58842935e+02 4.66219591e+01 -9.28915833e+02 -4.44887192e-02 -4.57527923e+00 -3.49525879e-01
1740             7.58453743e+02 4.28131977e+01 -9.29406701e+02 7.58498077e+02 4.73889663e+01 -9.29056629e+02 -4.43346307e-02 -4.57576859e+00 -3.50071229e-01
1750             7.58890201e+02 4.22993811e+01 -9.29567928e+02 7.58934300e+02 4.68739505e+01 -9.29217553e+02 -4.40992365e-02 -4.57456944e+00 -3.50375770e-01
1760             7.59623205e+02 4.28039785e+01 -9.30546126e+02 7.59667087e+02 4.73765362e+01 -9.30195589e+02 -4.38818333e-02 -4.57255774e+00 -3.50536885e-01
1770             7.59992346e+02 4.27327014e+01 -9.31247766e+02 7.60033943e+02 4.73051646e+01 -9.30893551e+02 -4.15975547e-02 -4.57246322e+00 -3.54214862e-01
1780             7.59531902e+02 4.24007006e+01 -9.30239800e+02 7.59573393e+02 4.69727501e+01 -9.29885407e+02 -4.14909970e-02 -4.57204946e+00 -3.54392906e-01
1790             7.59666582e+02 4.30180215e+01 -9.30738487e+02 7.59709469e+02 4.75859698e+01 -9.30386839e+02 -4.28873724e-02 -4.56794834e+00 -3.51647669e-01
1800             7.59303478e+02 4.23129827e+01 -9.29684260e+02 7.59344596e+02 4.68787018e+01 -9.29330165e+02 -4.11177412e-02 -4.56571914e+00 -3.54095224e-01
1810             7.62229158e+02 4.32145733e+01 -9.33753703e+02 7.62271892e+02 4.77770752e+01 -9.33402584e+02 -4.27337900e-02 -4.56250196e+00 -3.51119253e-01
1820             7.60587060e+02 4.24328707e+01 -9.31269613e+02 7.60630003e+02 4.69955516e+01 -9.30918650e+02 -4.29429673e-02 -4.56268094e+00 -3.50963167e-01
1830             7.60325841e+02 4.25373317e+01 -9.31131235e+02 7.60369848e+02 4.71005649e+01 -9.30781683e+02 -4.40074125e-02 -4.56323312e+00 -3.49551379e-01
1840             7.60285776e+02 4.27656884e+01 -9.30852183e+02 7.60330145e+02 4.73280013e+01 -9.30503126e+02 -4.43694113e-02 -4.56231291e+00 -3.49056934e-01
1850             7.59927422e+02 4.22492859e+01 -9.30085628e+02 7.59972904e+02 4.68113907e+01 -9.29738166e+02 -4.54817375e-02 -4.56210477e+00 -3.47462653e-01
1860             7.61511100e+02 4.30518081e+01 -9.32423276e+02 7.61558348e+02 4.76127312e+01 -9.32078505e+02 -4.72480048e-02 -4.56092318e+00 -3.44770795e-01
1870             7.60408277e+02 4.27353567e+01 -9.30771629e+02 7.60457631e+02 4.72954695e+01 -9.30429972e+02 -4.93535107e-02 -4.56011281e+00 -3.41657357e-01
1880             7.62317696e+02 4.26711456e+01 -9.33050847e+02 7.62366875e+02 4.72302710e+01 -9.32708856e+02 -4.91789609e-02 -4.55912534e+00 -3.41991429e-01
1890             7.61436907e+02 4.22801167e+01 -9.32219358e+02 7.61484734e+02 4.68350736e+01 -9.31875760e+02 -4.78268583e-02 -4.55495694e+00 -3.43597971e-01
1900             7.62209456e+02 4.26261634e+01 -9.33328609e+02 7.62257369e+02 4.71719104e+01 -9.32986672e+02 -4.79137773e-02 -4.54574700e+00 -3.41937464e-01
1910             7.61508572e+02 4.28869346e+01 -9.32254218e+02 7.61554586e+02 4.74221588e+01 -9.31911235e+02 -4.60146273e-02 -4.53522425e+00 -3.42983271e-01
1920             7.60800580e+02 4.27474746e+01 -9.31030340e+02 7.60847051e+02 4.72740510e+01 -9.30689756e+02 -4.64710971e-02 -4.52657633e+00 -3.40583913e-01
1930             7.61679749e+02 4.31522017e+01 -9.32642121e+02 7.61725848e+02 4.76718847e+01 -9.32302324e+02 -4.60987886e-02 -4.51968300e+00 -3.39797533e-01
1940             7.62338288e+02 4.26582588e+01 -9.33065431e+02 7.62383789e+02 4.71695318e+01 -9.32726265e+02 -4.55017643e-02 -4.51127296e+00 -3.39166153e-01
1950             7.62095405e+02 4.25652962e+01 -9.33161051e+02 7.62140268e+02 4.70709643e+01 -9.32822035e+02 -4.48628678e-02 -4.50566804e+00 -3.39015992e-01
1960             7.62471633e+02 4.27219036e+01 -9.33236262e+02 7.62515916e+02 4.72224458e+01 -9.32897298e+02 -4.42837809e-02 -4.50054218e+00 -3.38964011e-01
1970             7.61881764e+02 4.26429940e+01 -9.32499400e+02 7.61923875e+02 4.71452493e+01 -9.32156852e+02 -4.21105988e-02 -4.50225528e+00 -3.42547532e-01
1980             7.61773540e+02 4.30926869e+01 -9.32716575e+02 7.61816079e+02 4.75993812e+01 -9.32373988e+02 -4.25383717e-02 -4.50669432e+00 -3.42587632e-01
1990             7.62420661e+02 4.29715076e+01 -9.33132115e+02 7.62462410e+02 4.74846179e+01 -9.32787117e+02 -4.17488089e-02 -4.51311029e+00 -3.44998919e-01
2000             7.61887746e+02 4.27044939e+01 -9.32522842e+02 7.61930567e+02 4.72264288e+01 -9.32177885e+02 -4.28202138e-02 -4.52193494e+00 -3.44956876e-01
2010             7.61130866e+02 4.24276610e+01 -9.31879605e+02 7.61173180e+02 4.69565630e+01 -9.31532371e+02 -4.23141383e-02 -4.52890200e+00 -3.47234046e-01
2020             7.61856951e+02 4.27694056e+01 -9.32586056e+02 7.61900187e+02 4.73053359e+01 -9.32238775e+02 -4.32361050e-02 -4.53593034e+00 -3.47281516e-01
2030             7.61908037e+02 4.32660169e+01 -9.33001012e+02 7.61951598e+02 4.78070338e+01 -9.32653152e+02 -4.35611673e-02 -4.54101685e+00 -3.47859672e-01
2040             7.61310799e+02 4.24079717e+01 -9.32048569e+02 7.61352701e+02 4.69508219e+01 -9.31697704e+02 -4.19024269e-02 -4.54285024e+00 -3.50865008e-01
2050             7.65130172e+02 4.31401887e+01 -9.36987186e+02 7.65171127e+02 4.76819293e+01 -9.36635052e+02 -4.09549953e-02 -4.54174061e+00 -3.52134365e-01
2060             7.61129567e+02 4.26759167e+01 -9.31804689e+02 7.61170079e+02 4.72156126e+01 -9.31452436e+02 -4.05119625e-02 -4.53969589e+00 -3.52252376e-01
2070             7.62567284e+02 4.30392882e+01 -9.33550593e+02 7.62607089e+02 4.75768388e+01 -9.33197890e+02 -3.98051603e-02 -4.53755061e+00 -3.52703118e-01
2080             7.63038994e+02 4.31452362e+01 -9.33988664e+02 7.63079668e+02 4.76779318e+01 -9.33638288e+02 -4.06747848e-02 -4.53269554e+00 -3.50375825e-01
2090             7.61316462e+02 4.26891571e+01 -9.31905487e+02 7.61356310e+02 4.72190404e+01 -9.31554447e+02 -3.98473916e-02 -4.52988323e+00 -3.51039423e-01
2100             7.63262103e+02 4.29247373e+01 -9.34244102e+02 7.63301435e+02 4.74547710e+01 -9.33892383e+02 -3.93320892e-02 -4.53003369e+00 -3.51719101e-01
2110             7.62277653e+02 4.25920539e+01 -9.32974126e+02 7.62315839e+02 4.71250333e+01 -9.32620238e+02 -3.81864833e-02 -4.53297940e+00 -3.53887576e-01
2120             7.61537969e+02 4.26417925e+01 -9.31936867e+02 7.61577253e+02 4.71770434e+01 -9.31584411e+02 -3.92843796e-02 -4.53525090e+00 -3.52456493e-01
2130             7.62119118e+02 4.29584610e+01 -9.32461781e+02 7.62160131e+02 4.74940394e+01 -9.32111983e+02 -4.10120864e-02 -4.53557835e+00 -3.49797860e-01
2140             7.62669180e+02 4.26896640e+01 -9.33058401e+02 7.62709607e+02 4.72267115e+01 -9.32707445e+02 -4.04272450e-02 -4.53704753e+00 -3.50956017e-01
2150             7.63220276e+02 4.29920465e+01 -9.33887702e+02 7.63260312e+02 4.75286626e+01 -9.33536129e+02 -4.00364740e-02 -4.53661605e+00 -3.51573044e-01
2160             7.62518404e+02 4.27368024e+01 -9.32990630e+02 7.62560965e+02 4.72713581e+01 -9.32643301e+02 -4.25613996e-02 -4.53455568e+00 -3.47329036e-01
2170             7.63527127e+02 4.25084518e+01 -9.34070400e+02 7.63569584e+02 4.70404201e+01 -9.33723353e+02 -4.24568714e-02 -4.53196827e+00 -3.47046673e-01
2180             7.61382523e+02 4.31278153e+01 -9.31939914e+02 7.61425331e+02 4.76531718e+01 -9.31594497e+02 -4.28076936e-02 -4.52535652e+00 -3.45417104e-01
2190             7.61856744e+02 4.25383169e+01 -9.31937337e+02 7.61899713e+02 4.70547395e+01 -9.31593818e+02 -4.29682926e-02 -4.51642259e+00 -3.43518741e-01
2200             7.63471927e+02 4.32109575e+01 -9.34648769e+02 7.63514814e+02 4.77153689e+01 -9.34307343e+02 -4.28876222e-02 -4.50441145e+00 -3.41426699e-01
2210             7.61508729e+02 4.24981957e+01 -9.32068230e+02 7.61552332e+02 4.69901920e+01 -9.31730264e+02 -4.36032081e-02 -4.49199631e+00 -3.37965713e-01
2220             7.60234919e+02 4.26169603e+01 -9.30789841e+02 7.60278189e+02 4.70980571e+01 -9.30453528e+02 -4.32706182e-02 -4.48109686e+00 -3.36313113e-01
2230             7.61996969e+02 4.30838379e+01 -9.32767473e+02 7.62040528e+02 4.75520814e+01 -9.32434093e+02 -4.35588113e-02 -4.46824353e+00 -3.33380492e-01
2240             7.61209405e+02 4.28851993e+01 -9.32356999e+02 7.61250815e+02 4.73448603e+01 -9.32022015e+02 -4.14104340e-02 -4.45966105e+00 -3.34984822e-01
2250             7.60336585e+02 4.27734764e+01 -9.30666986e+02 7.60378375e+02 4.72274770e+01 -9.30333865e+02 -4.17906378e-02 -4.45400059e+00 -3.33121081e-01
2260             7.62085020e+02 4.29499863e+01 -9.33461881e+02 7.62125934e+02 4.73988079e+01 -9.33128532e+02 -4.09141588e-02 -4.44882162e+00 -3.33349539e-01
2270             7.61713724e+02 4.26699762e+01 -9.33065806e+02 7.61753747e+02 4.71164089e+01 -9.32731711e+02 -4.00237657e-02 -4.44643269e+00 -3.34094126e-01
2280             7.62202592e+02 4.26770268e+01 -9.33673984e+02 7.62242405e+02 4.71233495e+01 -9.33339652e+02 -3.98128083e-02 -4.44632265e+00 -3.34332262e-01
2290             7.59920089e+02 4.26026958e+01 -9.30930278e+02 7.59960442e+02 4.70536502e+01 -9.30596058e+02 -4.03530525e-02 -4.45095439e+00 -3.34219712e-01
2300             7.60139835e+02 4.30895729e+01 -9.31152283e+02 7.60179737e+02 4.75454964e+01 -9.30816453e+02 -3.99020056e-02 -4.45592347e+00 -3.35830489e-01
2310             7.60760305e+02 4.28752487e+01 -9.32301921e+02 7.60799457e+02 4.73365710e+01 -9.31963926e+02 -3.91521816e-02 -4.46132226e+00 -3.37994976e-01
2320             7.60010537e+02 4.27857938e+01 -9.30842752e+02 7.60050216e+02 4.72527301e+01 -9.30504489e+02 -3.96787150e-02 -4.46693630e+00 -3.38263660e-01
2330             7.58545178e+02 4.27014983e+01 -9.29651806e+02 7.58584708e+02 4.71761025e+01 -9.29311913e+02 -3.95292430e-02 -4.47460426e+00 -3.39893271e-01
2340             7.59222169e+02 4.25502422e+01 -9.30105527e+02 7.59261397e+02 4.70324737e+01 -9.29763809e+02 -3.92282153e-02 -4.48223152e+00 -3.41717950e-01
2350             7.60852236e+02 4.29737910e+01 -9.32416892e+02 7.60892241e+02 4.74586552e+01 -9.32075899e+02 -4.00046923e-02 -4.48486422e+00 -3.40992895e-01
2360             7.58881418e+02 4.27650027e+01 -9.30071170e+02 7.58922422e+02 4.72499669e+01 -9.29731726e+02 -4.10044690e-02 -4.48496425e+00 -3.39444199e-01
2370             7.60438838e+02 4.28246765e+01 -9.31636200e+02 7.60480154e+02 4.73084074e+01 -9.31297466e+02 -4.13162302e-02 -4.48373098e+00 -3.38734056e-01
2380             7.59883703e+02 4.29919011e+01 -9.31777651e+02 7.59924563e+02 4.74747134e+01 -9.31438427e+02 -4.08603596e-02 -4.48281234e+00 -3.39224533e-01
2390             7.59112947e+02 4.24722850e+01 -9.30094387e+02 7.59153666e+02 4.69549173e+01 -9.29755069e+02 -4.07187739e-02 -4.48263231e+00 -3.39317847e-01
2400             7.60055224e+02 4.27395002e+01 -9.32041927e+02 7.60096001e+02 4.72219920e+01 -9.31702764e+02 -4.07771196e-02 -4.48249181e+00 -3.39162610e-01
2410             7.57458333e+02 4.24409088e+01 -9.28821878e+02 7.57499319e+02 4.69240495e+01 -9.28483028e+02 -4.09854177e-02 -4.48314075e+00 -3.38849852e-01
2420             7.59000093e+02 4.30224238e+01 -9.30502263e+02 7.59040740e+02 4.75034890e+01 -9.30163248e+02 -4.06472040e-02 -4.48106528e+00 -3.39014560e-01
2430             7.57920392e+02 4.27353974e+01 -9.29479167e+02 7.57960590e+02 4.72163804e+01 -9.29139501e+02 -4.01989094e-02 -4.48098300e+00 -3.39665891e-01
2440             7.57822687e+02 4.28209632e+01 -9.29150381e+02 7.57864988e+02 4.73008614e+01 -9.28814181e+02 -4.23009219e-02 -4.47989825e+00 -3.36199884e-01
2450             7.57733990e+02 4.26444943e+01 -9.29295183e+02 7.57775680e+02 4.71235540e+01 -9.28958130e+02 -4.16902302e-02 -4.47905964e+00 -3.37052521e-01
2460             7.57022117e+02 4.25060917e+01 -9.28294174e+02 7.57062565e+02 4.69840756e+01 -9.27955421e+02 -4.04488100e-02 -4.47798395e+00 -3.38753054e-01
2470             7.58903223e+02 4.26969197e+01 -9.30528641e+02 7.58942117e+02 4.71742037e+01 -9.30187684e+02 -3.88940045e-02 -4.47728395e+00 -3.40956477e-01
2480             7.58058036e+02 4.23629733e+01 -9.29166549e+02 7.58099106e+02 4.68394146e+01 -9.28829339e+02 -4.10694492e-02 -4.47644130e+00 -3.37210523e-01
2490             7.58323670e+02 4.26752103e+01 -9.29597423e+02 7.58364383e+02 4.71500894e+01 -9.29260049e+02 -4.07126140e-02 -4.47487915e+00 -3.37373287e-01
2500             7.58524241e+02 4.25030968e+01 -9.29619730e+02 7.58563691e+02 4.69780681e+01 -9.29280517e+02 -3.94498262e-02 -4.47497127e+00 -3.39213269e-01
2510             7.58693756e+02 4.25892370e+01 -9.30019565e+02 7.58732114e+02 4.70657169e+01 -9.29678431e+02 -3.83574483e-02 -4.47647988e+00 -3.41133545e-01
2520             7.58064731e+02 4.20316958e+01 -9.29027666e+02 7.58102401e+02 4.65148285e+01 -9.28684399e+02 -3.76705459e-02 -4.48313279e+00 -3.43266266e-01
2530             7.57221920e+02 4.22754488e+01 -9.27890961e+02 7.57259994e+02 4.67628937e+01 -9.27547651e+02 -3.80745393e-02 -4.48744492e+00 -3.43310290e-01
2540             7.58976839e+02 4.28799749e+01 -9.30455610e+02 7.59014945e+02 4.73695107e+01 -9.30112057e+02 -3.81065418e-02 -4.48953571e+00 -3.43553360e-01
2550             7.56472104e+02 4.21860614e+01 -9.27249309e+02 7.56509013e+02 4.66783720e+01 -9.26903510e+02 -3.69091738e-02 -4.49231067e+00 -3.45799100e-01
2560             7.57276335e+02 4.23540235e+01 -9.28505310e+02 7.57313370e+02 4.68501634e+01 -9.28159106e+02 -3.70345957e-02 -4.49613992e+00 -3.46204695e-01
2570             7.57146919e+02 4.29089295e+01 -9.28527420e+02 7.57184872e+02 4.74075695e+01 -9.28182242e+02 -3.79526488e-02 -4.49864004e+00 -3.45177685e-01
2580             7.57534566e+02 4.24804175e+01 -9.28999357e+02 7.57570700e+02 4.69812646e+01 -9.28651000e+02 -3.61343993e-02 -4.50084717e+00 -3.48356552e-01
2590             7.56630796e+02 4.27571032e+01 -9.28058893e+02 7.56668121e+02 4.72572249e+01 -9.27712542e+02 -3.73255573e-02 -4.50012174e+00 -3.46350899e-01
2600             7.55988389e+02 4.25497231e+01 -9.26951157e+02 7.56025254e+02 4.70502899e+01 -9.26604038e+02 -3.68646438e-02 -4.50056679e+00 -3.47119214e-01
2610             7.57457230e+02 4.28863727e+01 -9.29371825e+02 7.57494047e+02 4.73874566e+01 -9.29024549e+02 -3.68169233e-02 -4.50108390e+00 -3.47275883e-01
2620             7.55508207e+02 4.21360203e+01 -9.26266519e+02 7.55545455e+02 4.66365117e+01 -9.25920079e+02 -3.72481409e-02 -4.50049144e+00 -3.46440132e-01
2630             7.57588198e+02 4.24319998e+01 -9.29104882e+02 7.57625217e+02 4.69298262e+01 -9.28758588e+02 -3.70185855e-02 -4.49782640e+00 -3.46293413e-01
2640             7.56402737e+02 4.26629291e+01 -9.27713481e+02 7.56439707e+02 4.71571649e+01 -9.27367790e+02 -3.69703685e-02 -4.49423580e+00 -3.45691445e-01
2650             7.56251550e+02 4.25924818e+01 -9.27347778e+02 7.56288668e+02 4.70838162e+01 -9.27002884e+02 -3.71184268e-02 -4.49133442e+00 -3.44893600e-01
2660             7.57314902e+02 4.28218252e+01 -9.28825229e+02 7.57352665e+02 4.73104904e+01 -9.28481860e+02 -3.77635751e-02 -4.48866517e+00 -3.43369452e-01
2670             7.55035615e+02 4.23056599e+01 -9.26200047e+02 7.55073212e+02 4.67919180e+01 -9.25856908e+02 -3.75971387e-02 -4.48625807e+00 -3.43138586e-01
2680             7.56575597e+02 4.27645417e+01 -9.27888777e+02 7.56612907e+02 4.72455399e+01 -9.27546159e+02 -3.73101451e-02 -4.48099821e+00 -3.42617662e-01
2690             7.55681690e+02 4.24138034e+01 -9.27282142e+02 7.55719296e+02 4.68889434e+01 -9.26941097e+02 -3.76058017e-02 -4.47514003e+00 -3.41045157e-01
2700             7.55791425e+02 4.18296791e+01 -9.27036216e+02 7.55828735e+02 4.63009160e+01 -9.26695522e+02 -3.73101600e-02 -4.47123694e+00 -3.40693587e-01
2710             7.54617923e+02 4.27043298e+01 -9.26184315e+02 7.54655253e+02 4.71717574e+01 -9.25844367e+02 -3.73299388e-02 -4.46742761e+00 -3.39948922e-01
2720             7.53901384e+02 4.24994599e+01 -9.25339678e+02 7.53939281e+02 4.69634150e+01 -9.25001308e+02 -3.78968845e-02 -4.46395515e+00 -3.38370308e-01
2730             7.56345538e+02 4.27269463e+01 -9.28281266e+02 7.56383841e+02 4.71860795e+01 -9.27944406e+02 -3.83039137e-02 -4.45913315e+00 -3.36859737e-01
2740             7.55900575e+02 4.23199110e+01 -9.28082520e+02 7.55938641e+02 4.67761554e+01 -9.27745867e+02 -3.80661032e-02 -4.45624434e+00 -3.36653400e-01
2750             7.54786932e+02 4.21416696e+01 -9.26003245e+02 7.54826209e+02 4.65957016e+01 -9.25668910e+02 -3.92763267e-02 -4.45403201e+00 -3.34335382e-01
2760             7.55824789e+02 4.28059362e+01 -9.27823620e+02 7.55864625e+02 4.72586674e+01 -9.27490395e+02 -3.98362846e-02 -4.45273122e+00 -3.33225171e-01
2770             7.54071588e+02 4.19178012e+01 -9.24780724e+02 7.54109507e+02 4.63732335e+01 -9.24444125e+02 -3.79188054e-02 -4.45543230e+00 -3.36598814e-01
2780             7.55647841e+02 4.29117508e+01 -9.26957736e+02 7.55685618e+02 4.73657804e+01 -9.26621157e+02 -3.77769656e-02 -4.45402957e+00 -3.36578337e-01
2790             7.57425328e+02 4.21674978e+01 -9.29192098e+02 7.57463898e+02 4.66216666e+01 -9.28856907e+02 -3.85701739e-02 -4.45416886e+00 -3.35190827e-01
2800             7.55286588e+02 4.20826503e+01 -9.26189867e+02 7.55326999e+02 4.65372113e+01 -9.25857594e+02 -4.04105087e-02 -4.45456107e+00 -3.32273090e-01
2810             7.56265978e+02 4.23506017e+01 -9.27428116e+02 7.56307554e+02 4.68050092e+01 -9.27097713e+02 -4.15758389e-02 -4.45440746e+00 -3.30403531e-01
2820             7.54954678e+02 4.22249520e+01 -9.25795829e+02 7.54994662e+02 4.66790361e+01 -9.25463043e+02 -3.99839946e-02 -4.45408410e+00 -3.32785934e-01
2830             7.55327603e+02 4.25386390e+01 -9.25653605e+02 7.55368879e+02 4.69899169e+01 -9.25323379e+02 -4.12755126e-02 -4.45127794e+00 -3.30225509e-01
2840             7.55771969e+02 4.18342033e+01 -9.26720527e+02 7.55811080e+02 4.62865099e+01 -9.26386894e+02 -3.91113957e-02 -4.45230661e+00 -3.33632626e-01
2850             7.56849763e+02 4.23321351e+01 -9.28116648e+02 7.56888042e+02 4.67844785e+01 -9.27781884e+02 -3.82792770e-02 -4.45234337e+00 -3.34764127e-01
2860             7.55122036e+02 4.21194316e+01 -9.25736433e+02 7.55158687e+02 4.65740737e+01 -9.25398904e+02 -3.66517732e-02 -4.45464210e+00 -3.37529314e-01
2870             7.55626197e+02 4.20226204e+01 -9.26484983e+02 7.55661348e+02 4.64808158e+01 -9.26144632e+02 -3.51513035e-02 -4.45819546e+00 -3.40351306e-01
2880             7.58109388e+02 4.24810083e+01 -9.30090246e+02 7.58141909e+02 4.69454065e+01 -9.29744867e+02 -3.25209097e-02 -4.46439820e+00 -3.45379628e-01
2890             7.56409358e+02 4.22590296e+01 -9.28041765e+02 7.56439883e+02 4.67305819e+01 -9.27692265e+02 -3.05251704e-02 -4.47155230e+00 -3.49500079e-01
2900             7.52074060e+02 4.19287477e+01 -9.22102408e+02 7.52106271e+02 4.64089602e+01 -9.21754262e+02 -3.22107155e-02 -4.48021257e+00 -3.48146097e-01
2910             7.55891368e+02 4.27908594e+01 -9.27096851e+02 7.55922479e+02 4.72800432e+01 -9.26745466e+02 -3.11116208e-02 -4.48918381e+00 -3.51384760e-01
2920             7.54403240e+02 4.22789509e+01 -9.25693367e+02 7.54434394e+02 4.67783365e+01 -9.25340287e+02 -3.11542448e-02 -4.49938564e+00 -3.53080256e-01
2930             7.53779649e+02 4.21534908e+01 -9.24661420e+02 7.53811352e+02 4.66623849e+01 -9.24307473e+02 -3.17028901e-02 -4.50889410e+00 -3.53947525e-01
2940             7.54017623e+02 4.22307370e+01 -9.25099706e+02 7.54051124e+02 4.67484470e+01 -9.24746895e+02 -3.35009681e-02 -4.51771005e+00 -3.52811072e-01
2950             7.54338149e+02 4.21151711e+01 -9.25674541e+02 7.54371133e+02 4.66414653e+01 -9.25319226e+02 -3.29843063e-02 -4.52629417e+00 -3.55315065e-01
2960             7.54857384e+02 4.25406165e+01 -9.26036940e+02 7.54893492e+02 4.70710062e+01 -9.25685509e+02 -3.61078299e-02 -4.53038968e+00 -3.51431086e-01
2970             7.54246144e+02 4.24068352e+01 -9.25623409e+02 7.54282483e+02 4.69386169e+01 -9.25271785e+02 -3.63384480e-02 -4.53178171e+00 -3.51623078e-01
2980             7.54327121e+02 4.24760246e+01 -9.25505422e+02 7.54363455e+02 4.70067950e+01 -9.25153748e+02 -3.63342751e-02 -4.53077034e+00 -3.51674532e-01
2990             7.54368955e+02 4.25049420e+01 -9.26128917e+02 7.54405319e+02 4.70308345e+01 -9.25777989e+02 -3.63640680e-02 -4.52589243e+00 -3.50928081e-01
3000             7.55625152e+02 4.21219708e+01 -9.27168714e+02 7.55663377e+02 4.66400781e+01 -9.26822012e+02 -3.82252097e-02 -4.51810723e+00 -3.46702380e-01
3010             7.54419059e+02 4.23591710e+01 -9.25680984e+02 7.54456600e+02 4.68674260e+01 -9.25334920e+02 -3.75413280e-02 -4.50825492e+00 -3.46064107e-01
3020             7.53089465e+02 4.25843759e+01 -9.24330418e+02 7.53125251e+02 4.70801226e+01 -9.23983751e+02 -3.57860219e-02 -4.49574665e+00 -3.46667208e-01
3030             7.54687032e+02 4.25012535e+01 -9.26017853e+02 7.54723819e+02 4.69842528e+01 -9.25675086e+02 -3.67866962e-02 -4.48299928e+00 -3.42767094e-01
3040             7.54135991e+02 4.21131807e+01 -9.25339305e+02 7.54172674e+02 4.65854854e+01 -9.24998333e+02 -3.66823595e-02 -4.47230470e+00 -3.40972012e-01
3050             7.54858320e+02 4.21434869e+01 -9.26386107e+02 7.54892433e+02 4.66103470e+01 -9.26042290e+02 -3.41126153e-02 -4.46686014e+00 -3.43817186e-01
3060             7.54460170e+02 4.24822644e+01 -9.25707906e+02 7.54493968e+02 4.69434763e+01 -9.25364807e+02 -3.37980882e-02 -4.46121192e+00 -3.43098932e-01
3070             7.54314474e+02 4.21815805e+01 -9.25602482e+02 7.54348434e+02 4.66380080e+01 -9.25260631e+02 -3.39605466e-02 -4.45642752e+00 -3.41851009e-01
3080             7.53654050e+02 4.29267233e+01 -9.25130528e+02 7.53689200e+02 4.73806924e+01 -9.24791033e+02 -3.51499194e-02 -4.45396912e+00 -3.39495768e-01
3090             7.53591090e+02 4.21560195e+01 -9.24639316e+02 7.53624671e+02 4.66118722e+01 -9.24297102e+02 -3.35802521e-02 -4.45585275e+00 -3.42213613e-01
3100             7.53520900e+02 4.23738683e+01 -9.24448905e+02 7.53555742e+02 4.68309282e+01 -9.24108448e+02 -3.48412869e-02 -4.45705984e+00 -3.40457275e-01
3110             7.55121791e+02 4.22191910e+01 -9.26909162e+02 7.55155011e+02 4.66802843e+01 -9.26565451e+02 -3.32200448e-02 -4.46109338e+00 -3.43711019e-01
3120             7.55118842e+02 4.21938151e+01 -9.26725664e+02 7.55152525e+02 4.66602580e+01 -9.26381751e+02 -3.36833719e-02 -4.46644292e+00 -3.43913132e-01
3130             7.52955545e+02 4.24220229e+01 -9.24211717e+02 7.52989728e+02 4.68923125e+01 -9.23867875e+02 -3.41834172e-02 -4.47028956e+00 -3.43841385e-01
3140             7.52631403e+02 4.23218726e+01 -9.23634074e+02 7.52665451e+02 4.67951730e+01 -9.23289476e+02 -3.40477167e-02 -4.47330036e+00 -3.44598310e-01
3150             7.51407244e+02 4.21595861e+01 -9.22471873e+02 7.51442339e+02 4.66358277e+01 -9.22128412e+02 -3.50949939e-02 -4.47624156e+00 -3.43461722e-01
3160             7.54653564e+02 4.24648860e+01 -9.26636585e+02 7.54688397e+02 4.69424204e+01 -9.26292425e+02 -3.48330856e-02 -4.47753441e+00 -3.44159659e-01
3170             7.52820976e+02 4.21727519e+01 -9.24124580e+02 7.52855290e+02 4.66509327e+01 -9.23779521e+02 -3.43144116e-02 -4.47818084e+00 -3.45058880e-01
3180             7.52288374e+02 4.24004553e+01 -9.23498668e+02 7.52324046e+02 4.68754935e+01 -9.23156345e+02 -3.56721582e-02 -4.47503824e+00 -3.42323215e-01
3190             7.52733254e+02 4.21949394e+01 -9.24034502e+02 7.52770917e+02 4.66664714e+01 -9.23695944e+02 -3.76630790e-02 -4.47153201e+00 -3.38557129e-01
3200             7.52742936e+02 4.24391146e+01 -9.24375863e+02 7.52780620e+02 4.69093457e+01 -9.24037555e+02 -3.76845244e-02 -4.47023108e+00 -3.38307755e-01
3210             7.53051479e+02 4.25700523e+01 -9.24863722e+02 7.53090495e+02 4.70398729e+01 -9.24527618e+02 -3.90156629e-02 -4.46982058e+00 -3.36103426e-01
3220             7.51530338e+02 4.21441668e+01 -9.22581286e+02 7.51569504e+02 4.66140538e+01 -9.22245373e+02 -3.91652401e-02 -4.46988692e+00 -3.35912493e-01
3230             7.53537038e+02 4.25171320e+01 -9.25294072e+02 7.53575945e+02 4.69858656e+01 -9.24957821e+02 -3.89071686e-02 -4.46873359e+00 -3.36251475e-01
3240             7.53287832e+02 4.24649614e+01 -9.25217401e+02 7.53326368e+02 4.69322074e+01 -9.24880683e+02 -3.85365309e-02 -4.46724603e+00 -3.36717748e-01
3250             7.53821941e+02 4.25424436e+01 -9.25763396e+02 7.53862820e+02 4.70071545e+01 -9.25430676e+02 -4.08795609e-02 -4.46471083e+00 -3.32720161e-01
3260             7.52480267e+02 4.21535268e+01 -9.23539949e+02 7.52520951e+02 4.66170636e+01 -9.23207085e+02 -4.06845698e-02 -4.46353683e+00 -3.32863763e-01
3270             7.53045778e+02 4.25527866e+01 -9.24759162e+02 7.53085658e+02 4.70138483e+01 -9.24425470e+02 -3.98799073e-02 -4.46106170e+00 -3.33692369e-01
3280             7.51654616e+02 4.20613119e+01 -9.22479088e+02 7.51692584e+02 4.65183795e+01 -9.22143166e+02 -3.79676735e-02 -4.45706765e+00 -3.35922332e-01
3290             7.53250122e+02 4.23824540e+01 -9.24791589e+02 7.53289062e+02 4.68375081e+01 -9.24457661e+02 -3.89403115e-02 -4.45505412e+00 -3.33928276e-01
3300             7.53264664e+02 4.24641315e+01 -9.24820418e+02 7.53304199e+02 4.69206126e+01 -9.24487207e+02 -3.95346138e-02 -4.45648118e+00 -3.33211101e-01
3310             7.52996913e+02 4.21632438e+01 -9.24119224e+02 7.53036758e+02 4.66233526e+01 -9.23785839e+02 -3.98444618e-02 -4.46010871e+00 -3.33384671e-01
3320             7.52884314e+02 4.23840823e+01 -9.24388493e+02 7.52922800e+02 4.68482593e+01 -9.24052217e+02 -3.84851805e-02 -4.46417697e+00 -3.36276761e-01
3330             7.53242513e+02 4.23960584e+01 -9.24636159e+02 7.53280441e+02 4.68647954e+01 -9.24298135e+02 -3.79278380e-02 -4.46873703e+00 -3.38024565e-01
3340             7.52494962e+02 4.20221202e+01 -9.23277668e+02 7.52535005e+02 4.64960589e+01 -9.22941970e+02 -4.00436473e-02 -4.47393867e+00 -3.35698144e-01
3350             7.53130805e+02 4.23858398e+01 -9.24452153e+02 7.53170319e+02 4.68629113e+01 -9.24114946e+02 -3.95139528e-02 -4.47707146e+00 -3.37207413e-01
3360             7.52293494e+02 4.21653978e+01 -9.23166692e+02 7.52332928e+02 4.66443311e+01 -9.22828919e+02 -3.94336007e-02 -4.47893329e+00 -3.37772816e-01
3370             7.52914670e+02 4.25677031e+01 -9.24299334e+02 7.52954700e+02 4.70477832e+01 -9.23962167e+02 -4.00302794e-02 -4.48008015e+00 -3.37167625e-01
3380             7.52942817e+02 4.20106628e+01 -9.23877399e+02 7.52984579e+02 4.64911931e+01 -9.23542760e+02 -4.17612678e-02 -4.48053030e+00 -3.34638764e-01
3390             7.54395928e+02 4.23621119e+01 -9.25857940e+02 7.54436828e+02 4.68425810e+01 -9.25521847e+02 -4.08994747e-02 -4.48046906e+00 -3.36093230e-01
3400             7.53442556e+02 4.21273181e+01 -9.24425384e+02 7.53482886e+02 4.66073224e+01 -9.24088426e+02 -4.03291993e-02 -4.48000433e+00 -3.36957735e-01
3410             7.55294888e+02 4.25621693e+01 -9.26812166e+02 7.55336573e+02 4.70392459e+01 -9.26477668e+02 -4.16846949e-02 -4.47707657e+00 -3.34497177e-01
3420             7.52650526e+02 4.23774541e+01 -9.23424306e+02 7.52694219e+02 4.68530015e+01 -9.23093066e+02 -4.36929941e-02 -4.47554740e+00 -3.31240345e-01
3430             7.53931569e+02 4.22639448e+01 -9.24882737e+02 7.53974551e+02 4.67375019e+01 -9.24550690e+02 -4.29823169e-02 -4.47355702e+00 -3.32046682e-01
3440             7.53158575e+02 4.24357021e+01 -9.24112684e+02 7.53200124e+02 4.69055160e+01 -9.23779039e+02 -4.15487067e-02 -4.46981388e+00 -3.33644899e-01
3450             7.53619914e+02 4.23567618e+01 -9.24447827e+02 7.53661029e+02 4.68215239e+01 -9.24114472e+02 -4.11155812e-02 -4.46476217e+00 -3.33354894e-01
3460             7.55332490e+02 4.23654496e+01 -9.26999200e+02 7.55373640e+02 4.68277539e+01 -9.26666498e+02 -4.11503375e-02 -4.46230431e+00 -3.32702293e-01
3470             7.54256948e+02 4.22085729e+01 -9.25258759e+02 7.54298377e+02 4.66683812e+01 -9.24927108e+02 -4.14292211e-02 -4.45980830e+00 -3.31650530e-01
3480             7.53802866e+02 4.23441194e+01 -9.25186199e+02 7.53844022e+02 4.68012640e+01 -9.24854746e+02 -4.11559308e-02 -4.45714454e+00 -3.31453187e-01
3490             7.53858735e+02 4.25563500e+01 -9.25235045e+02 7.53899455e+02 4.70128562e+01 -9.24903197e+02 -4.07204535e-02 -4.45650621e+00 -3.31847389e-01
3500             7.52622902e+02 4.23381248e+01 -9.24040596e+02 7.52662923e+02 4.67960844e+01 -9.23707554e+02 -4.00211669e-02 -4.45795956e+00 -3.33041613e-01
3510             7.55472480e+02 4.26395911e+01 -9.27824145e+02 7.55511012e+02 4.70981952e+01 -9.27488710e+02 -3.85323634e-02 -4.45860414e+00 -3.35434201e-01
3520             7.53386213e+02 4.24282614e+01 -9.25100934e+02 7.53425384e+02 4.68886103e+01 -9.24766247e+02 -3.91712408e-02 -4.46034894e+00 -3.34686524e-01
3530             7.53519010e+02 4.25416049e+01 -9.25572300e+02 7.53558858e+02 4.70062050e+01 -9.25237914e+02 -3.98472637e-02 -4.46460007e+00 -3.34385353e-01
3540             7.52373389e+02 4.21910688e+01 -9.24048219e+02 7.52412703e+02 4.66621633e+01 -9.23711799e+02 -3.93141448e-02 -4.47109452e+00 -3.36419853e-01
3550             7.50986594e+02 4.25321208e+01 -9.22383664e+02 7.51028258e+02 4.70064962e+01 -9.22050234e+02 -4.16645362e-02 -4.47437537e+00 -3.33430114e-01
3560             7.53314177e+02 4.26330501e+01 -9.25448468e+02 7.53356169e+02 4.71095804e+01 -9.25115063e+02 -4.19921816e-02 -4.47653028e+00 -3.33405066e-01
3570             7.51601829e+02 4.23145719e+01 -9.22864092e+02 7.51643850e+02 4.67914226e+01 -9.22530578e+02 -4.20202624e-02 -4.47685074e+00 -3.33514074e-01
3580             7.52180089e+02 4.23708548e+01 -9.23742628e+02 7.52220989e+02 4.68468996e+01 -9.23407476e+02 -4.08998063e-02 -4.47604480e+00 -3.35151184e-01
3590             7.54924173e+02 4.26109478e+01 -9.26929906e+02 7.54964621e+02 4.70842717e+01 -9.26594459e+02 -4.04488199e-02 -4.47332390e+00 -3.35446199e-01
3600             7.53162700e+02 4.21688590e+01 -9.24127463e+02 7.53203652e+02 4.66413197e+01 -9.23792938e+02 -4.09522277e-02 -4.47246065e+00 -3.34525001e-01
3610             7.53570052e+02 4.25513314e+01 -9.25231281e+02 7.53610888e+02 4.70212590e+01 -9.24897005e+02 -4.08363042e-02 -4.46992761e+00 -3.34276912e-01
3620             7.55011783e+02 4.23592394e+01 -9.26436086e+02 7.55051341e+02 4.68253991e+01 -9.26100448e+02 -3.95582268e-02 -4.46615973e+00 -3.35637765e-01
3630             7.53782033e+02 4.24240799e+01 -9.25255301e+02 7.53822623e+02 4.68874417e+01 -9.24921829e+02 -4.05902594e-02 -4.46336172e+00 -3.33471239e-01
3640             7.55046544e+02 4.22238038e+01 -9.26163976e+02 7.55087784e+02 4.66866080e+01 -9.25831657e+02 -4.12395079e-02 -4.46280421e+00 -3.32319133e-01
3650             7.55442442e+02 4.25195341e+01 -9.27328743e+02 7.55483906e+02 4.69821287e+01 -9.26996807e+02 -4.14637450e-02 -4.46259468e+00 -3.31935941e-01
3660             7.54324656e+02 4.23857698e+01 -9.25670428e+02 7.54364431e+02 4.68484411e+01 -9.25335821e+02 -3.97748586e-02 -4.46267128e+00 -3.34606911e-01
3670             7.53197647e+02 4.21731923e+01 -9.23947127e+02 7.53237916e+02 4.66364409e+01 -9.23613211e+02 -4.02698101e-02 -4.46324854e+00 -3.33915821e-01
3680             7.54077028e+02 4.21770221e+01 -9.25409985e+02 7.54116469e+02 4.66427546e+01 -9.25074365e+02 -3.94409889e-02 -4.46573255e+00 -3.35619649e-01
3690             7.54888565e+02 4.26046557e+01 -9.26288710e+02 7.54928253e+02 4.70707499e+01 -9.25953441e+02 -3.96881914e-02 -4.46609421e+00 -3.35268894e-01
3700             7.53208953e+02 4.21581278e+01 -9.24268647e+02 7.53249222e+02 4.66240990e+01 -9.23934362e+02 -4.02691413e-02 -4.46597117e+00 -3.34284972e-01
3710             7.54780571e+02 4.24526796e+01 -9.25944387e+02 7.54821264e+02 4.69180202e+01 -9.25610940e+02 -4.06929807e-02 -4.46534059e+00 -3.33447555e-01
3720             7.55069446e+02 4.24597351e+01 -9.26780886e+02 7.55109288e+02 4.69254944e+01 -9.26446136e+02 -3.98422858e-02 -4.46575926e+00 -3.34750195e-01
3730             7.54554841e+02 4.24822640e+01 -9.25524066e+02 7.54594197e+02 4.69468380e+01 -9.25188869e+02 -3.93557695e-02 -4.46457397e+00 -3.35196585e-01
3740             7.54237494e+02 4.23606217e+01 -9.25335248e+02 7.54277366e+02 4.68241427e+01 -9.25001173e+02 -3.98716537e-02 -4.46352096e+00 -3.34075465e-01
3750             7.53795296e+02 4.23846319e+01 -9.24845002e+02 7.53834786e+02 4.68473840e+01 -9.24510485e+02 -3.94893775e-02 -4.46275210e+00 -3.34517295e-01
3760             7.54963732e+02 4.24644407e+01 -9.26353373e+02 7.55003675e+02 4.69277294e+01 -9.26019524e+02 -3.99429724e-02 -4.46328865e+00 -3.33849225e-01
3770             7.54318298e+02 4.22907315e+01 -9.25686085e+02 7.54357784e+02 4.67547380e+01 -9.25351478e+02 -3.94854089e-02 -4.46400650e+00 -3.34606864e-01
3780             7.53648515e+02 4.21201845e+01 -9.24412639e+02 7.53687206e+02 4.65845003e+01 -9.24076820e+02 -3.86916899e-02 -4.46431581e+00 -3.35818064e-01
3790             7.54473585e+02 4.24958042e+01 -9.25707968e+02 7.54513314e+02 4.69592430e+01 -9.25373994e+02 -3.97291374e-02 -4.46343882e+00 -3.33973867e-01
3800             7.54884513e+02 4.24047846e+01 -9.25950776e+02 7.54923813e+02 4.68677217e+01 -9.25616238e+02 -3.93001750e-02 -4.46293707e+00 -3.34537545e-01
3810             7.54328166e+02 4.24573300e+01 -9.25653867e+02 7.54367244e+02 4.69215197e+01 -9.25318795e+02 -3.90780697e-02 -4.46418963e+00 -3.35072147e-01
3820             7.56636562e+02 4.26388925e+01 -9.28170884e+02 7.56675654e+02 4.71034438e+01 -9.27835781e+02 -3.90920419e-02 -4.46455136e+00 -3.35103280e-01
3830             7.53399890e+02 4.22488679e+01 -9.24103307e+02 7.53438713e+02 4.67133369e+01 -9.23767808e+02 -3.88221567e-02 -4.46446896e+00 -3.35498417e-01
3840             7.54320444e+02 4.23557169e+01 -9.25085610e+02 7.54357790e+02 4.68198438e+01 -9.24747935e+02 -3.73467849e-02 -4.46412691e+00 -3.37674887e-01
3850             7.55657887e+02 4.25470157e+01 -9.26980418e+02 7.55694868e+02 4.70096454e+01 -9.26642499e+02 -3.69808201e-02 -4.46262974e+00 -3.37918973e-01
3860             7.54981602e+02 4.20963752e+01 -9.25825592e+02 7.55017534e+02 4.65619355e+01 -9.25485630e+02 -3.59325219e-02 -4.46556029e+00 -3.39962594e-01
3870             7.55253845e+02 4.27228270e+01 -9.26686488e+02 7.55290632e+02 4.71896558e+01 -9.26347685e+02 -3.67869367e-02 -4.46682875e+00 -3.38802571e-01
3880             7.53103299e+02 4.20676843e+01 -9.23559713e+02 7.53139234e+02 4.65372519e+01 -9.23219159e+02 -3.59352018e-02 -4.46956760e+00 -3.40554000e-01
3890             7.53988198e+02 4.25743330e+01 -9.24970773e+02 7.54023900e+02 4.70445302e+01 -9.24629700e+02 -3.57019231e-02 -4.47019723e+00 -3.41072763e-01
3900             7.54978606e+02 4.24369632e+01 -9.26175895e+02 7.55013675e+02 4.69076000e+01 -9.25833720e+02 -3.50681578e-02 -4.47063673e+00 -3.42175578e-01
3910             7.53120849e+02 4.24621678e+01 -9.23780286e+02 7.53157617e+02 4.69345348e+01 -9.23440436e+02 -3.67675123e-02 -4.47236694e+00 -3.39849770e-01
3920             7.55253361e+02 4.26054433e+01 -9.26737608e+02 7.55290912e+02 4.70789613e+01 -9.26398706e+02 -3.75507197e-02 -4.47351798e+00 -3.38902828e-01
3930             7.53414023e+02 4.21998901e+01 -9.24137430e+02 7.53451871e+02 4.66737447e+01 -9.23798881e+02 -3.78485541e-02 -4.47385463e+00 -3.38549281e-01
3940             7.54805521e+02 4.26592384e+01 -9.26596590e+02 7.54843152e+02 4.71312222e+01 -9.26257939e+02 -3.76315072e-02 -4.47198385e+00 -3.38650425e-01
3950             7.54563146e+02 4.24852452e+01 -9.25987974e+02 7.54601890e+02 4.69536400e+01 -9.25651685e+02 -3.87443032e-02 -4.46839472e+00 -3.36288603e-01
3960             7.53669935e+02 4.23686705e+01 -9.24965682e+02 7.53708099e+02 4.68342375e+01 -9.24628977e+02 -3.81646046e-02 -4.46556695e+00 -3.36705177e-01
3970             7.53950269e+02 4.23570391e+01 -9.25436770e+02 7.53986990e+02 4.68189648e+01 -9.25098394e+02 -3.67209020e-02 -4.46192572e+00 -3.38376073e-01
3980             7.53343000e+02 4.26774639e+01 -9.24896425e+02 7.53379253e+02 4.71362961e+01 -9.24557869e+02 -3.62529743e-02 -4.45883216e+00 -3.38555320e-01
3990             7.55241430e+02 4.26526750e+01 -9.27239783e+02 7.55279183e+02 4.71084189e+01 -9.26904178e+02 -3.77531375e-02 -4.45574394e+00 -3.35604722e-01
4000             7.53259955e+02 4.24215796e+01 -9.24355430e+02 7.53296731e+02 4.68735911e+01 -9.24019038e+02 -3.67758187e-02 -4.45201156e+00 -3.36391549e-01
