# Force and moment coefficients
# dragDir       : (1.00000000e+00 0.00000000e+00 0.00000000e+00)
# sideDir       : (0.00000000e+00 0.00000000e+00 -1.00000000e+00)
# liftDir       : (0.00000000e+00 1.00000000e+00 0.00000000e+00)
# rollAxis      : (1.00000000e+00 0.00000000e+00 0.00000000e+00)
# pitchAxis     : (0.00000000e+00 0.00000000e+00 -1.00000000e+00)
# yawAxis       : (0.00000000e+00 1.00000000e+00 0.00000000e+00)
# magUInf       : 1.00000000e+02
# lRef          : 1.00000000e+00
# Aref          : 2.50000000e-01
# CofR          : (0.00000000e+00 0.00000000e+00 0.00000000e+00)
#
# Time          	Cd              	Cd(f)           	Cd(r)           	Cl              	Cl(f)           	Cl(r)           	CmPitch         	CmRoll          	CmYaw           	Cs              	Cs(f)           	Cs(r)           
10              	-2.02649994e-01	-6.44773961e-01	4.42123967e-01	-8.69518343e-01	-8.02336903e-01	-6.71814397e-02	-3.67577732e-01	-5.43448964e-01	1.26656246e-01	2.11216520e-22	1.26656246e-01	-1.26656246e-01
20              	-2.35528543e-02	-8.05042421e-03	-1.55024300e-02	5.96160467e-03	8.38040593e-02	-7.78424546e-02	8.08232570e-02	3.72600292e-03	1.47205339e-02	-9.15294803e-22	1.47205339e-02	-1.47205339e-02
30              	1.80615100e-02	1.28811345e-01	-1.10749835e-01	1.91648944e-01	2.54623440e-01	-6.29744964e-02	1.58798968e-01	1.19780590e-01	-1.12884438e-02	-9.79172630e-22	-1.12884438e-02	1.12884438e-02
40              	1.94192853e-02	1.36259777e-01	-1.16840492e-01	2.02480215e-01	2.61237522e-01	-5.87573063e-02	1.59997414e-01	1.26550135e-01	-1.21370533e-02	-9.45569453e-22	-1.21370533e-02	1.21370533e-02
50              	1.88588523e-02	1.40621810e-01	-1.21762957e-01	2.09907813e-01	2.68047246e-01	-5.81394326e-02	1.63093339e-01	1.31192383e-01	-1.17867827e-02	-9.31787639e-22	-1.17867827e-02	1.17867827e-02
60              	1.86942842e-02	1.45415784e-01	-1.26721500e-01	2.17709828e-01	2.75399023e-01	-5.76891953e-02	1.66544109e-01	1.36068642e-01	-1.16839277e-02	-9.44410265e-22	-1.16839277e-02	1.16839277e-02
70              	1.82767159e-02	1.43897213e-01	-1.25620497e-01	2.15614169e-01	2.71121985e-01	-5.55078162e-02	1.63314900e-01	1.34758855e-01	-1.14229475e-02	-9.34750240e-22	-1.14229475e-02	1.14229475e-02
80              	1.93571900e-02	1.49029442e-01	-1.29672252e-01	2.22961355e-01	2.77124375e-01	-5.41630195e-02	1.65643697e-01	1.39350847e-01	-1.20982437e-02	-9.45148052e-22	-1.20982437e-02	1.20982437e-02
90              	2.09043896e-02	1.64747664e-01	-1.43843275e-01	2.46872751e-01	3.04457036e-01	-5.75842841e-02	1.81020660e-01	1.54295470e-01	-1.30652435e-02	-9.75038194e-22	-1.30652435e-02	1.30652435e-02
100             	2.16863170e-02	1.94665721e-01	-1.72979404e-01	2.94116100e-01	3.61672304e-01	-6.75562040e-02	2.14614254e-01	1.83822562e-01	-1.35539481e-02	-9.94988673e-22	-1.35539481e-02	1.35539481e-02
110             	2.08490829e-02	2.25145071e-01	-2.04295988e-01	3.43552848e-01	4.22584465e-01	-7.90316170e-02	2.50808041e-01	2.14720530e-01	-1.30306768e-02	-9.56241197e-22	-1.30306768e-02	1.30306768e-02
120             	1.98714446e-02	2.48691973e-01	-2.28820528e-01	3.82010000e-01	4.71234273e-01	-8.92242726e-02	2.80229273e-01	2.38756250e-01	-1.24196529e-02	-9.19523812e-22	-1.24196529e-02	1.24196529e-02
130             	1.80903097e-02	2.66941448e-01	-2.48851139e-01	4.12634070e-01	5.09808818e-01	-9.71747485e-02	3.03491783e-01	2.57896294e-01	-1.13064435e-02	-8.87262284e-22	-1.13064435e-02	1.13064435e-02
140             	1.63077681e-02	2.81214935e-01	-2.64907167e-01	4.36897681e-01	5.39463069e-01	-1.02565388e-01	3.21014229e-01	2.73061051e-01	-1.01923550e-02	-8.38866160e-22	-1.01923550e-02	1.01923550e-02
150             	1.54734589e-02	2.90189173e-01	-2.74715714e-01	4.51923910e-01	5.58625801e-01	-1.06701892e-01	3.32663846e-01	2.82452444e-01	-9.67091184e-03	-7.92904788e-22	-9.67091184e-03	9.67091184e-03
160             	1.37722617e-02	2.95196831e-01	-2.81424570e-01	4.61297121e-01	5.71959635e-01	-1.10662515e-01	3.41311075e-01	2.88310701e-01	-8.60766358e-03	-7.71615639e-22	-8.60766358e-03	8.60766358e-03
170             	1.26059301e-02	2.97903780e-01	-2.85297850e-01	4.66561304e-01	5.80137711e-01	-1.13576408e-01	3.46857060e-01	2.91600815e-01	-7.87870633e-03	-7.38021681e-22	-7.87870633e-03	7.87870633e-03
180             	1.14140464e-02	3.01219168e-01	-2.89805121e-01	4.72819431e-01	5.88787663e-01	-1.15968232e-01	3.52377948e-01	2.95512144e-01	-7.13377898e-03	-6.94968380e-22	-7.13377898e-03	7.13377898e-03
190             	1.01132711e-02	3.04423770e-01	-2.94310499e-01	4.78987415e-01	5.96780133e-01	-1.17792718e-01	3.57286426e-01	2.99367134e-01	-6.32079444e-03	-6.63832121e-22	-6.32079444e-03	6.32079444e-03
200             	9.74018516e-03	3.07122271e-01	-2.97382086e-01	4.83603486e-01	6.03997780e-01	-1.20394295e-01	3.62196037e-01	3.02252178e-01	-6.08761573e-03	-6.87700486e-22	-6.08761573e-03	6.08761573e-03
210             	9.18226398e-03	3.09350519e-01	-3.00168255e-01	4.87615019e-01	6.09250015e-01	-1.21634996e-01	3.65442505e-01	3.04759387e-01	-5.73891499e-03	-6.83692259e-22	-5.73891499e-03	5.73891499e-03
220             	8.42397026e-03	3.11264186e-01	-3.02840216e-01	4.91283522e-01	6.13938899e-01	-1.22655377e-01	3.68297138e-01	3.07052201e-01	-5.26498141e-03	-6.62868678e-22	-5.26498141e-03	5.26498141e-03
230             	7.96089096e-03	3.12987589e-01	-3.05026698e-01	4.94411430e-01	6.17782512e-01	-1.23371082e-01	3.70576797e-01	3.09007144e-01	-4.97555685e-03	-6.45839312e-22	-4.97555685e-03	4.97555685e-03
240             	7.53905983e-03	3.14038014e-01	-3.06498955e-01	4.96429575e-01	6.20865057e-01	-1.24435482e-01	3.72650269e-01	3.10268484e-01	-4.71191239e-03	-6.40007623e-22	-4.71191239e-03	4.71191239e-03
250             	6.75840141e-03	3.14163039e-01	-3.07404637e-01	4.97254141e-01	6.22581149e-01	-1.25327008e-01	3.73954079e-01	3.10783838e-01	-4.22400088e-03	-6.25959278e-22	-4.22400088e-03	4.22400088e-03
260             	6.35970725e-03	3.15043464e-01	-3.08683757e-01	4.98981777e-01	6.25080855e-01	-1.26099077e-01	3.75589966e-01	3.11863611e-01	-3.97481703e-03	-6.15529931e-22	-3.97481703e-03	3.97481703e-03
270             	6.03716868e-03	3.15978394e-01	-3.09941225e-01	5.00735695e-01	6.27588740e-01	-1.26853044e-01	3.77220892e-01	3.12959810e-01	-3.77323042e-03	-6.17866354e-22	-3.77323042e-03	3.77323042e-03
280             	5.81585129e-03	3.15592333e-01	-3.09776481e-01	5.00295051e-01	6.27323463e-01	-1.27028412e-01	3.77175938e-01	3.12684407e-01	-3.63490706e-03	-6.12387907e-22	-3.63490706e-03	3.63490706e-03
290             	5.41802655e-03	3.16623543e-01	-3.11205516e-01	5.02263247e-01	6.29986992e-01	-1.27723745e-01	3.78855369e-01	3.13914530e-01	-3.38626659e-03	-6.13181784e-22	-3.38626659e-03	3.38626659e-03
300             	5.28059598e-03	3.17556675e-01	-3.12276079e-01	5.03866204e-01	6.31868930e-01	-1.28002727e-01	3.79935829e-01	3.14916377e-01	-3.30037249e-03	-6.07645857e-22	-3.30037249e-03	3.30037249e-03
310             	5.23706868e-03	3.17875270e-01	-3.12638201e-01	5.04410777e-01	6.32456078e-01	-1.28045301e-01	3.80250689e-01	3.15256736e-01	-3.27316793e-03	-6.08170933e-22	-3.27316793e-03	3.27316793e-03
320             	5.00756034e-03	3.18241007e-01	-3.13233446e-01	5.05179562e-01	6.33542637e-01	-1.28363074e-01	3.80952856e-01	3.15737226e-01	-3.12972521e-03	-6.08266937e-22	-3.12972521e-03	3.12972521e-03
330             	4.80490512e-03	3.19228447e-01	-3.14423542e-01	5.06921591e-01	6.35829311e-01	-1.28907719e-01	3.82368515e-01	3.16825995e-01	-3.00306570e-03	-6.08282821e-22	-3.00306570e-03	3.00306570e-03
340             	4.61114243e-03	3.19507926e-01	-3.14896784e-01	5.07523768e-01	6.36846436e-01	-1.29322668e-01	3.83084552e-01	3.17202355e-01	-2.88196402e-03	-6.09506330e-22	-2.88196402e-03	2.88196402e-03
350             	4.44667945e-03	3.19925469e-01	-3.15478790e-01	5.08323407e-01	6.37982418e-01	-1.29659011e-01	3.83820715e-01	3.17702129e-01	-2.77917466e-03	-6.09308571e-22	-2.77917466e-03	2.77917466e-03
360             	4.39076716e-03	3.19755843e-01	-3.15365076e-01	5.08096736e-01	6.37914565e-01	-1.29817830e-01	3.83866198e-01	3.17560460e-01	-2.74422948e-03	-6.06692768e-22	-2.74422948e-03	2.74422948e-03
370             	3.46295955e-03	3.19323834e-01	-3.15860874e-01	5.08147767e-01	6.38537370e-01	-1.30389603e-01	3.84463486e-01	3.17592354e-01	-2.16434972e-03	-5.89923091e-22	-2.16434972e-03	2.16434972e-03
380             	3.06834393e-03	3.19687532e-01	-3.16619188e-01	5.09045376e-01	6.39878484e-01	-1.30833108e-01	3.85355796e-01	3.18153360e-01	-1.91771496e-03	-5.69371520e-22	-1.91771496e-03	1.91771496e-03
390             	2.73748310e-03	3.20780139e-01	-3.18042656e-01	5.11058236e-01	6.42863428e-01	-1.31805193e-01	3.87334310e-01	3.19411397e-01	-1.71092694e-03	-5.75236638e-22	-1.71092694e-03	1.71092694e-03
400             	2.71145220e-03	3.19474880e-01	-3.16763427e-01	5.08990646e-01	6.40867253e-01	-1.31876607e-01	3.86371930e-01	3.18119153e-01	-1.69465762e-03	-5.71889093e-22	-1.69465762e-03	1.69465762e-03
410             	2.42692607e-03	3.19307021e-01	-3.16880095e-01	5.08949693e-01	6.41756243e-01	-1.32806550e-01	3.87281396e-01	3.18093558e-01	-1.51682880e-03	-5.80534220e-22	-1.51682880e-03	1.51682880e-03
420             	2.50647036e-03	3.18433750e-01	-3.15927280e-01	5.07488824e-01	6.40597064e-01	-1.33108240e-01	3.86852652e-01	3.17180515e-01	-1.56654398e-03	-5.81437971e-22	-1.56654398e-03	1.56654398e-03
430             	2.57663984e-03	3.17136754e-01	-3.14560114e-01	5.05357494e-01	6.38487708e-01	-1.33130214e-01	3.85808961e-01	3.15848434e-01	-1.61039990e-03	-5.83528616e-22	-1.61039990e-03	1.61039990e-03
440             	2.33579073e-03	3.16757495e-01	-3.14421704e-01	5.04943359e-01	6.38814649e-01	-1.33871289e-01	3.86342969e-01	3.15589599e-01	-1.45986921e-03	-5.87095708e-22	-1.45986921e-03	1.45986921e-03
450             	2.09795670e-03	3.17163488e-01	-3.15065531e-01	5.05783215e-01	6.40640675e-01	-1.34857460e-01	3.87749067e-01	3.16114509e-01	-1.31122294e-03	-5.81746931e-22	-1.31122294e-03	1.31122294e-03
460             	2.21025114e-03	3.14674239e-01	-3.12463987e-01	5.01710581e-01	6.36154861e-01	-1.34444280e-01	3.85299570e-01	3.13569113e-01	-1.38140696e-03	-5.84532286e-22	-1.38140696e-03	1.38140696e-03
470             	2.05961667e-03	3.14004690e-01	-3.11945073e-01	5.00759810e-01	6.35756340e-01	-1.34996530e-01	3.85376435e-01	3.12974882e-01	-1.28726042e-03	-5.84961074e-22	-1.28726042e-03	1.28726042e-03
480             	2.09921790e-03	3.13330096e-01	-3.11230878e-01	4.99648780e-01	6.34487155e-01	-1.34838375e-01	3.84662765e-01	3.12280487e-01	-1.31201118e-03	-5.86894270e-22	-1.31201118e-03	1.31201118e-03
490             	1.98236930e-03	3.12837719e-01	-3.10855350e-01	4.98954456e-01	6.34082619e-01	-1.35128163e-01	3.84605391e-01	3.11846535e-01	-1.23898081e-03	-5.91927405e-22	-1.23898081e-03	1.23898081e-03
500             	1.72587221e-03	3.12424010e-01	-3.10698137e-01	4.98497718e-01	6.33944579e-01	-1.35446862e-01	3.84695721e-01	3.11561074e-01	-1.07867013e-03	-5.88676807e-22	-1.07867013e-03	1.07867013e-03
510             	1.83205025e-03	3.11470931e-01	-3.09638880e-01	4.96887849e-01	6.32120469e-01	-1.35232620e-01	3.83676544e-01	3.10554905e-01	-1.14503141e-03	-5.91449656e-22	-1.14503141e-03	1.14503141e-03
520             	1.42855270e-03	3.10777370e-01	-3.09348817e-01	4.96100949e-01	6.31635835e-01	-1.35534885e-01	3.83585360e-01	3.10063093e-01	-8.92845437e-04	-5.89526750e-22	-8.92845437e-04	8.92845437e-04
530             	1.26342174e-03	3.10001361e-01	-3.08737939e-01	4.94991440e-01	6.30587180e-01	-1.35595740e-01	3.83091460e-01	3.09369650e-01	-7.89638590e-04	-5.82023185e-22	-7.89638590e-04	7.89638590e-04
540             	1.21381773e-03	3.08697660e-01	-3.07483842e-01	4.92945202e-01	6.28357643e-01	-1.35412441e-01	3.81885042e-01	3.08090751e-01	-7.58636080e-04	-5.81394525e-22	-7.58636080e-04	7.58636080e-04
550             	9.50069614e-04	3.08525791e-01	-3.07575722e-01	4.92881210e-01	6.28704809e-01	-1.35823599e-01	3.82264204e-01	3.08050757e-01	-5.93793509e-04	-5.81827224e-22	-5.93793509e-04	5.93793509e-04
560             	8.45864021e-04	3.06965409e-01	-3.06119545e-01	4.90467964e-01	6.26136975e-01	-1.35669012e-01	3.80902994e-01	3.06542477e-01	-5.28665013e-04	-5.79264619e-22	-5.28665013e-04	5.28665013e-04
570             	5.69667359e-04	3.05455336e-01	-3.04885669e-01	4.88272804e-01	6.23996013e-01	-1.35723209e-01	3.79859611e-01	3.05170503e-01	-3.56042099e-04	-5.76607536e-22	-3.56042099e-04	3.56042099e-04
580             	1.42572167e-04	3.05245081e-01	-3.05102509e-01	4.88278071e-01	6.24741973e-01	-1.36463902e-01	3.80602937e-01	3.05173795e-01	-8.91076043e-05	-5.72790561e-22	-8.91076043e-05	8.91076043e-05
590             	1.38819982e-04	3.04606587e-01	-3.04467767e-01	4.87259483e-01	6.24088805e-01	-1.36829322e-01	3.80459063e-01	3.04537177e-01	-8.67624886e-05	-5.74320063e-22	-8.67624886e-05	8.67624886e-05
600             	2.77976557e-04	3.01800041e-01	-3.01522065e-01	4.82657685e-01	6.18890227e-01	-1.36232541e-01	3.77561384e-01	3.01661053e-01	-1.73735348e-04	-5.81531206e-22	-1.73735348e-04	1.73735348e-04
610             	4.32068413e-04	3.01882333e-01	-3.01450265e-01	4.82666079e-01	6.19280285e-01	-1.36614206e-01	3.77947245e-01	3.01666299e-01	-2.70042758e-04	-5.87732214e-22	-2.70042758e-04	2.70042758e-04
620             	4.99017983e-04	3.02063606e-01	-3.01564588e-01	4.82902556e-01	6.19755049e-01	-1.36852493e-01	3.78303771e-01	3.01814097e-01	-3.11886239e-04	-5.93594107e-22	-3.11886239e-04	3.11886239e-04
630             	7.31421891e-04	3.01892038e-01	-3.01160616e-01	4.82442124e-01	6.18913016e-01	-1.36470892e-01	3.77691954e-01	3.01526327e-01	-4.57138682e-04	-5.99747680e-22	-4.57138682e-04	4.57138682e-04
640             	1.29506303e-03	3.02410782e-01	-3.01115719e-01	4.82821200e-01	6.18536901e-01	-1.35715701e-01	3.77126301e-01	3.01763250e-01	-8.09414392e-04	-6.03630260e-22	-8.09414392e-04	8.09414392e-04
650             	1.61752112e-03	3.03738214e-01	-3.02120693e-01	4.84687125e-01	6.20259470e-01	-1.35572345e-01	3.77915907e-01	3.02929453e-01	-1.01095070e-03	-6.09008652e-22	-1.01095070e-03	1.01095070e-03
660             	1.73671031e-03	3.04946741e-01	-3.03210031e-01	4.86525417e-01	6.21614278e-01	-1.35088861e-01	3.78351570e-01	3.04078386e-01	-1.08544395e-03	-5.99007154e-22	-1.08544395e-03	1.08544395e-03
670             	1.62812922e-03	3.07392034e-01	-3.05763905e-01	4.90524752e-01	6.25980836e-01	-1.35456085e-01	3.80718461e-01	3.06577970e-01	-1.01758076e-03	-5.93483709e-22	-1.01758076e-03	1.01758076e-03
680             	1.96496178e-03	3.07246630e-01	-3.05281668e-01	4.90022638e-01	6.24455285e-01	-1.34432647e-01	3.79443966e-01	3.06264149e-01	-1.22810111e-03	-5.93459146e-22	-1.22810111e-03	1.22810111e-03
690             	1.66689917e-03	3.07616025e-01	-3.05949126e-01	4.90852120e-01	6.25332933e-01	-1.34480813e-01	3.79906873e-01	3.06782575e-01	-1.04181198e-03	-5.76072828e-22	-1.04181198e-03	1.04181198e-03
700             	1.39229005e-03	3.08531783e-01	-3.07139493e-01	4.92537021e-01	6.27514429e-01	-1.34977409e-01	3.81245919e-01	3.07835638e-01	-8.70181282e-04	-5.71232245e-22	-8.70181282e-04	8.70181282e-04
710             	1.22466076e-03	3.08075526e-01	-3.06850866e-01	4.91941113e-01	6.27458511e-01	-1.35517398e-01	3.81487955e-01	3.07463196e-01	-7.65412976e-04	-5.74991675e-22	-7.65412976e-04	7.65412976e-04
720             	8.87930965e-04	3.07019477e-01	-3.06131546e-01	4.90520818e-01	6.26706066e-01	-1.36185248e-01	3.81445657e-01	3.06575511e-01	-5.54956853e-04	-5.69752620e-22	-5.54956853e-04	5.54956853e-04
730             	5.32301641e-04	3.05277790e-01	-3.04745488e-01	4.88018622e-01	6.24881671e-01	-1.36863049e-01	3.80872360e-01	3.05011639e-01	-3.32688526e-04	-5.67738372e-22	-3.32688526e-04	3.32688526e-04
740             	1.60598997e-04	3.03411367e-01	-3.03250768e-01	4.85329708e-01	6.23270358e-01	-1.37940650e-01	3.80605504e-01	3.03331068e-01	-1.00374373e-04	-5.69811278e-22	-1.00374373e-04	1.00374373e-04
750             	-5.20030480e-05	3.01818804e-01	-3.01870807e-01	4.82951689e-01	6.21492299e-01	-1.38540610e-01	3.80016455e-01	3.01844805e-01	3.25019050e-05	-5.73712995e-22	3.25019050e-05	-3.25019050e-05
760             	1.56880463e-04	3.00303031e-01	-3.00146151e-01	4.80359346e-01	6.18583679e-01	-1.38224334e-01	3.78404006e-01	3.00224591e-01	-9.80502897e-05	-5.76368845e-22	-9.80502897e-05	9.80502897e-05
770             	4.78433232e-04	3.01616563e-01	-3.01138130e-01	4.82203754e-01	6.19850518e-01	-1.37646764e-01	3.78748641e-01	3.01377346e-01	-2.99020770e-04	-5.68915382e-22	-2.99020770e-04	2.99020770e-04
780             	7.11563117e-04	3.04294938e-01	-3.03583375e-01	4.86302650e-01	6.24223513e-01	-1.37920863e-01	3.81072188e-01	3.03939156e-01	-4.44726948e-04	-5.89631995e-22	-4.44726948e-04	4.44726948e-04
790             	1.08843047e-03	3.05514863e-01	-3.04426433e-01	4.87953037e-01	6.25383602e-01	-1.37430565e-01	3.81407084e-01	3.04970648e-01	-6.80269047e-04	-5.93531543e-22	-6.80269047e-04	6.80269047e-04
800             	1.40683680e-03	3.06131591e-01	-3.04724754e-01	4.88685076e-01	6.25574334e-01	-1.36889258e-01	3.81231796e-01	3.05428173e-01	-8.79272998e-04	-5.93257390e-22	-8.79272998e-04	8.79272998e-04
810             	1.25056470e-03	3.07661203e-01	-3.06410638e-01	4.91257473e-01	6.28524756e-01	-1.37267283e-01	3.82896019e-01	3.07035921e-01	-7.81602935e-04	-5.96187964e-22	-7.81602935e-04	7.81602935e-04
820             	1.69845656e-03	3.08813525e-01	-3.07115068e-01	4.92742875e-01	6.29652157e-01	-1.36909282e-01	3.83280719e-01	3.07964297e-01	-1.06153535e-03	-6.03740231e-22	-1.06153535e-03	1.06153535e-03
830             	1.34988228e-03	3.09886246e-01	-3.08536363e-01	4.94738087e-01	6.31938913e-01	-1.37200825e-01	3.84569869e-01	3.09211305e-01	-8.43676424e-04	-5.91192838e-22	-8.43676424e-04	8.43676424e-04
840             	1.41256864e-03	3.10785497e-01	-3.09372928e-01	4.96126740e-01	6.33065079e-01	-1.36938339e-01	3.85001709e-01	3.10079213e-01	-8.82855402e-04	-5.94641620e-22	-8.82855402e-04	8.82855402e-04
850             	1.20085804e-03	3.11506796e-01	-3.10305938e-01	4.97450187e-01	6.34368705e-01	-1.36918518e-01	3.85643611e-01	3.10906367e-01	-7.50536272e-04	-5.86113901e-22	-7.50536272e-04	7.50536272e-04
860             	1.05457898e-03	3.13323820e-01	-3.12269241e-01	5.00474449e-01	6.37656671e-01	-1.37182222e-01	3.87419447e-01	3.12796530e-01	-6.59111863e-04	-5.78018970e-22	-6.59111863e-04	6.59111863e-04
870             	9.50770853e-04	3.14763683e-01	-3.13812912e-01	5.02861275e-01	6.40057356e-01	-1.37196080e-01	3.88626718e-01	3.14288297e-01	-5.94231783e-04	-5.70536017e-22	-5.94231783e-04	5.94231783e-04
880             	7.97270491e-04	3.15811974e-01	-3.15014703e-01	5.04661342e-01	6.41793138e-01	-1.37131796e-01	3.89462467e-01	3.15413339e-01	-4.98294057e-04	-5.58713024e-22	-4.98294057e-04	4.98294057e-04
890             	5.57719060e-04	3.16861571e-01	-3.16303851e-01	5.06532338e-01	6.43656711e-01	-1.37124373e-01	3.90390542e-01	3.16582711e-01	-3.48574413e-04	-5.48340451e-22	-3.48574413e-04	3.48574413e-04
900             	7.33516149e-04	3.18461087e-01	-3.17727570e-01	5.08950926e-01	6.46288701e-01	-1.37337775e-01	3.91813238e-01	3.18094328e-01	-4.58447593e-04	-5.59423827e-22	-4.58447593e-04	4.58447593e-04
910             	8.57684005e-04	3.19521020e-01	-3.18663336e-01	5.10547486e-01	6.47745777e-01	-1.37198291e-01	3.92472034e-01	3.19092178e-01	-5.36052503e-04	-5.46534880e-22	-5.36052503e-04	5.36052503e-04
920             	8.83135771e-04	3.21207295e-01	-3.20324159e-01	5.13225163e-01	6.50525401e-01	-1.37300238e-01	3.93912819e-01	3.20765727e-01	-5.51959857e-04	-5.48059892e-22	-5.51959857e-04	5.51959857e-04
930             	9.94401473e-04	3.21966172e-01	-3.20971770e-01	5.14350354e-01	6.51794248e-01	-1.37443894e-01	3.94619071e-01	3.21468971e-01	-6.21500920e-04	-5.58307262e-22	-6.21500920e-04	6.21500920e-04
940             	1.28827797e-03	3.24105987e-01	-3.22817709e-01	5.17538957e-01	6.55092694e-01	-1.37553737e-01	3.96323216e-01	3.23461848e-01	-8.05173732e-04	-5.59934519e-22	-8.05173732e-04	8.05173732e-04
950             	1.18384672e-03	3.25597664e-01	-3.24413817e-01	5.20009185e-01	6.58116441e-01	-1.38107256e-01	3.98111848e-01	3.25005741e-01	-7.39904201e-04	-5.75279654e-22	-7.39904201e-04	7.39904201e-04
960             	1.52320550e-03	3.26572749e-01	-3.25049543e-01	5.21297834e-01	6.59022418e-01	-1.37724585e-01	3.98373501e-01	3.25811146e-01	-9.52003440e-04	-5.71903961e-22	-9.52003440e-04	9.52003440e-04
970             	1.46220890e-03	3.27375581e-01	-3.25913372e-01	5.22631162e-01	6.60474284e-01	-1.37843122e-01	3.99158703e-01	3.26644476e-01	-9.13880562e-04	-5.63828474e-22	-9.13880562e-04	9.13880562e-04
980             	1.72284624e-03	3.28665506e-01	-3.26942660e-01	5.24486533e-01	6.62315247e-01	-1.37828714e-01	4.00071980e-01	3.27804083e-01	-1.07677890e-03	-5.76497749e-22	-1.07677890e-03	1.07677890e-03
990             	1.71514237e-03	3.29370367e-01	-3.27655225e-01	5.25620474e-01	6.63258636e-01	-1.37638162e-01	4.00448399e-01	3.28512796e-01	-1.07196398e-03	-5.62902658e-22	-1.07196398e-03	1.07196398e-03
1000            	1.54627274e-03	3.30902037e-01	-3.29355764e-01	5.28206240e-01	6.66166914e-01	-1.37960674e-01	4.02063794e-01	3.30128900e-01	-9.66420463e-04	-5.65116441e-22	-9.66420463e-04	9.66420463e-04
1010            	1.53061754e-03	3.31772865e-01	-3.30242247e-01	5.29612089e-01	6.67742142e-01	-1.38130052e-01	4.02936097e-01	3.31007556e-01	-9.56635964e-04	-5.65880932e-22	-9.56635964e-04	9.56635964e-04
1020            	1.43055648e-03	3.32749997e-01	-3.31319441e-01	5.31255550e-01	6.69287447e-01	-1.38031897e-01	4.03659672e-01	3.32034719e-01	-8.94097801e-04	-5.56487459e-22	-8.94097801e-04	8.94097801e-04
1030            	1.33306995e-03	3.34563596e-01	-3.33230526e-01	5.34235297e-01	6.72795901e-01	-1.38560604e-01	4.05678252e-01	3.33897061e-01	-8.33168718e-04	-5.55745611e-22	-8.33168718e-04	8.33168718e-04
1040            	1.21581451e-03	3.34648928e-01	-3.33433114e-01	5.34465634e-01	6.72767848e-01	-1.38302215e-01	4.05535032e-01	3.34041021e-01	-7.59884066e-04	-5.40204376e-22	-7.59884066e-04	7.59884066e-04
1050            	1.07349694e-03	3.36067531e-01	-3.34994034e-01	5.36849252e-01	6.75518592e-01	-1.38669340e-01	4.07093966e-01	3.35530783e-01	-6.70935585e-04	-5.45785544e-22	-6.70935585e-04	6.70935585e-04
1060            	8.57320893e-04	3.36900074e-01	-3.36042753e-01	5.38354261e-01	6.76975424e-01	-1.38621163e-01	4.07798294e-01	3.36471413e-01	-5.35825558e-04	-5.24068067e-22	-5.35825558e-04	5.35825558e-04
1070            	5.70445264e-04	3.38705137e-01	-3.38134692e-01	5.41471863e-01	6.80595430e-01	-1.39123567e-01	4.09859498e-01	3.38419914e-01	-3.56528290e-04	-5.30851262e-22	-3.56528290e-04	3.56528290e-04
1080            	5.97368073e-04	3.38499702e-01	-3.37902334e-01	5.41121629e-01	6.80174937e-01	-1.39053308e-01	4.09614123e-01	3.38201018e-01	-3.73355046e-04	-5.22793170e-22	-3.73355046e-04	3.73355046e-04
1090            	5.66068653e-04	3.39614809e-01	-3.39048740e-01	5.42930839e-01	6.81930204e-01	-1.38999365e-01	4.10464784e-01	3.39331775e-01	-3.53792908e-04	-5.18976464e-22	-3.53792908e-04	3.53792908e-04
1100            	2.67885110e-04	3.41349646e-01	-3.41081760e-01	5.45945125e-01	6.85609236e-01	-1.39664111e-01	4.12636673e-01	3.41215703e-01	-1.67428194e-04	-5.08675165e-22	-1.67428194e-04	1.67428194e-04
1110            	3.80389638e-04	3.41281096e-01	-3.40900706e-01	5.45745441e-01	6.85078467e-01	-1.39333026e-01	4.12205746e-01	3.41090901e-01	-2.37743524e-04	-5.08256839e-22	-2.37743524e-04	2.37743524e-04
1120            	8.31897711e-05	3.42752694e-01	-3.42669504e-01	5.48337759e-01	6.88290155e-01	-1.39952396e-01	4.14121276e-01	3.42711099e-01	-5.19936069e-05	-5.07191351e-22	-5.19936069e-05	5.19936069e-05
1130            	1.95048022e-04	3.43498771e-01	-3.43303723e-01	5.49441995e-01	6.89286359e-01	-1.39844364e-01	4.14565361e-01	3.43401247e-01	-1.21905014e-04	-5.04397439e-22	-1.21905014e-04	1.21905014e-04
1140            	3.69346486e-04	3.43379579e-01	-3.43010233e-01	5.49111849e-01	6.88936896e-01	-1.39825046e-01	4.14380971e-01	3.43194906e-01	-2.30841554e-04	-5.13001755e-22	-2.30841554e-04	2.30841554e-04
1150            	3.98542097e-04	3.44540685e-01	-3.44142143e-01	5.50946263e-01	6.90791184e-01	-1.39844921e-01	4.15318053e-01	3.44341414e-01	-2.49088811e-04	-5.13518533e-22	-2.49088811e-04	2.49088811e-04
1160            	5.58016394e-04	3.45514246e-01	-3.44956230e-01	5.52376381e-01	6.92572759e-01	-1.40196378e-01	4.16384568e-01	3.45235238e-01	-3.48760246e-04	-5.19360290e-22	-3.48760246e-04	3.48760246e-04
1170            	4.95007790e-04	3.45693629e-01	-3.45198621e-01	5.52713801e-01	6.92881188e-01	-1.40167387e-01	4.16524287e-01	3.45446125e-01	-3.09379868e-04	-5.18167651e-22	-3.09379868e-04	3.09379868e-04
1180            	5.08897652e-04	3.48053933e-01	-3.47545035e-01	5.56479174e-01	6.97329059e-01	-1.40849885e-01	4.19089472e-01	3.47799484e-01	-3.18061032e-04	-5.18013845e-22	-3.18061032e-04	3.18061032e-04
1190            	5.00351955e-04	3.46619392e-01	-3.46119041e-01	5.54190746e-01	6.94395882e-01	-1.40205136e-01	4.17300509e-01	3.46369216e-01	-3.12719972e-04	-5.08870643e-22	-3.12719972e-04	3.12719972e-04
1200            	4.21690559e-04	3.48118894e-01	-3.47697203e-01	5.56652877e-01	6.97442763e-01	-1.40789886e-01	4.19116325e-01	3.47908048e-01	-2.63556599e-04	-5.16897209e-22	-2.63556599e-04	2.63556599e-04
1210            	7.01402714e-04	3.49146523e-01	-3.48445121e-01	5.58073315e-01	6.99050882e-01	-1.40977566e-01	4.20014224e-01	3.48795822e-01	-4.38376696e-04	-5.28310034e-22	-4.38376696e-04	4.38376696e-04
1220            	7.51319779e-04	3.48040471e-01	-3.47289151e-01	5.56263698e-01	6.96688258e-01	-1.40424560e-01	4.18556409e-01	3.47664811e-01	-4.69574862e-04	-5.20035618e-22	-4.69574862e-04	4.69574862e-04
1230            	6.11407068e-04	3.49350174e-01	-3.48738767e-01	5.58471152e-01	6.99398727e-01	-1.40927575e-01	4.20163151e-01	3.49044470e-01	-3.82129417e-04	-5.19004789e-22	-3.82129417e-04	3.82129417e-04
1240            	4.38430873e-04	3.49956498e-01	-3.49518067e-01	5.59579652e-01	7.00633336e-01	-1.41053684e-01	4.20843510e-01	3.49737283e-01	-2.74019295e-04	-5.18576624e-22	-2.74019295e-04	2.74019295e-04
1250            	4.06445426e-04	3.49329229e-01	-3.48922784e-01	5.58601611e-01	6.99357216e-01	-1.40755606e-01	4.20056411e-01	3.49126007e-01	-2.54028391e-04	-5.06645807e-22	-2.54028391e-04	2.54028391e-04
1260            	2.19508158e-05	3.50952230e-01	-3.50930279e-01	5.61506007e-01	7.02868743e-01	-1.41362736e-01	4.22115740e-01	3.50941255e-01	-1.37192599e-05	-5.00886379e-22	-1.37192599e-05	1.37192599e-05
1270            	4.69681470e-05	3.51004272e-01	-3.50957304e-01	5.61569260e-01	7.02959406e-01	-1.41390146e-01	4.22174776e-01	3.50980788e-01	-2.93550919e-05	-4.97568916e-22	-2.93550919e-05	2.93550919e-05
1280            	-9.32439870e-05	3.49887084e-01	-3.49980328e-01	5.59893930e-01	7.00679967e-01	-1.40786037e-01	4.20733002e-01	3.49933706e-01	5.82774919e-05	-4.93472144e-22	5.82774919e-05	-5.82774919e-05
1290            	-4.09513055e-04	3.51589322e-01	-3.51998835e-01	5.62870525e-01	7.04445894e-01	-1.41575369e-01	4.23010632e-01	3.51794078e-01	2.55945659e-04	-4.95775782e-22	2.55945659e-04	-2.55945659e-04
1300            	-4.72297951e-04	3.51616980e-01	-3.52089278e-01	5.62965006e-01	7.04412247e-01	-1.41447241e-01	4.22929744e-01	3.51853129e-01	2.95186220e-04	-4.82665700e-22	2.95186220e-04	-2.95186220e-04
1310            	-5.57546094e-04	3.51141571e-01	-3.51699118e-01	5.62272551e-01	7.03635752e-01	-1.41363201e-01	4.22499477e-01	3.51420344e-01	3.48466309e-04	-4.77815303e-22	3.48466309e-04	-3.48466309e-04
1320            	-1.60499983e-04	3.52601755e-01	-3.52762255e-01	5.64291208e-01	7.05780529e-01	-1.41489321e-01	4.23634925e-01	3.52682005e-01	1.00312489e-04	-4.87369048e-22	1.00312489e-04	-1.00312489e-04
1330            	-2.14255171e-04	3.51984668e-01	-3.52198923e-01	5.63346873e-01	7.04816536e-01	-1.41469663e-01	4.23143099e-01	3.52091796e-01	1.33909482e-04	-4.92712872e-22	1.33909482e-04	-1.33909482e-04
1340            	-1.48022974e-04	3.53656178e-01	-3.53804201e-01	5.65968303e-01	7.08028420e-01	-1.42060117e-01	4.25044269e-01	3.53730189e-01	9.25143590e-05	-4.92701768e-22	9.25143590e-05	-9.25143590e-05
1350            	1.46601574e-04	3.52630896e-01	-3.52484295e-01	5.64092153e-01	7.05615898e-01	-1.41523745e-01	4.23569822e-01	3.52557596e-01	-9.16259839e-05	-5.07091687e-22	-9.16259839e-05	9.16259839e-05
1360            	3.24722609e-04	3.52938733e-01	-3.52614011e-01	5.64442195e-01	7.05913209e-01	-1.41471013e-01	4.23692111e-01	3.52776372e-01	-2.02951630e-04	-5.13587186e-22	-2.02951630e-04	2.02951630e-04
1370            	-8.44983746e-05	3.53612623e-01	-3.53697121e-01	5.65847795e-01	7.07874414e-01	-1.42026619e-01	4.24950517e-01	3.53654872e-01	5.28114841e-05	-4.88061498e-22	5.28114841e-05	-5.28114841e-05
1380            	-1.41253487e-04	3.54540576e-01	-3.54681829e-01	5.67377924e-01	7.09653378e-01	-1.42275454e-01	4.25964416e-01	3.54611203e-01	8.82834291e-05	-4.91777161e-22	8.82834291e-05	-8.82834291e-05
1390            	-1.58890275e-05	3.53218348e-01	-3.53234237e-01	5.65162068e-01	7.06924822e-01	-1.41762754e-01	4.24343788e-01	3.53226293e-01	9.93064221e-06	-4.85675365e-22	9.93064221e-06	-9.93064221e-06
1400            	-1.11945254e-04	3.53624494e-01	-3.53736440e-01	5.65888747e-01	7.07603198e-01	-1.41714451e-01	4.24658825e-01	3.53680467e-01	6.99657840e-05	-4.91203491e-22	6.99657840e-05	-6.99657840e-05
1410            	-3.96598739e-04	3.53845026e-01	-3.54241625e-01	5.66469320e-01	7.08494524e-01	-1.42025203e-01	4.25259864e-01	3.54043325e-01	2.47874212e-04	-4.86765450e-22	2.47874212e-04	-2.47874212e-04
1420            	-9.48178598e-04	3.54129249e-01	-3.55077427e-01	5.67365341e-01	7.09821088e-01	-1.42455748e-01	4.26138418e-01	3.54603338e-01	5.92611624e-04	-4.60157172e-22	5.92611624e-04	-5.92611624e-04
1430            	-9.01886900e-04	3.55397781e-01	-3.56299668e-01	5.69357959e-01	7.12012669e-01	-1.42654710e-01	4.27333690e-01	3.55848724e-01	5.63679312e-04	-4.62289987e-22	5.63679312e-04	-5.63679312e-04
1440            	-1.07493788e-03	3.54707478e-01	-3.55782416e-01	5.68391916e-01	7.10969024e-01	-1.42577108e-01	4.26773066e-01	3.55244947e-01	6.71836175e-04	-4.55452413e-22	6.71836175e-04	-6.71836175e-04
1450            	-7.74454106e-04	3.55594421e-01	-3.56368875e-01	5.69570637e-01	7.12391246e-01	-1.42820609e-01	4.27605928e-01	3.55981648e-01	4.84033816e-04	-4.57259761e-22	4.84033816e-04	-4.84033816e-04
1460            	-4.99130848e-04	3.54474345e-01	-3.54973475e-01	5.67558256e-01	7.09764237e-01	-1.42205981e-01	4.25985109e-01	3.54723910e-01	3.11956780e-04	-4.74306051e-22	3.11956780e-04	-3.11956780e-04
1470            	-1.85673129e-04	3.55310424e-01	-3.55496097e-01	5.68645216e-01	7.11248426e-01	-1.42603209e-01	4.26925818e-01	3.55403260e-01	1.16045706e-04	-4.73721757e-22	1.16045706e-04	-1.16045706e-04
1480            	4.41675188e-05	3.55246777e-01	-3.55202609e-01	5.68359509e-01	7.10642218e-01	-1.42282709e-01	4.26462464e-01	3.55224693e-01	-2.76046992e-05	-4.91663023e-22	-2.76046992e-05	2.76046992e-05
1490            	6.58211082e-06	3.55206786e-01	-3.55200204e-01	5.68325592e-01	7.10729823e-01	-1.42404231e-01	4.26567027e-01	3.55203495e-01	-4.11381926e-06	-4.96648694e-22	-4.11381926e-06	4.11381926e-06
1500            	-4.00558581e-04	3.55308706e-01	-3.55709264e-01	5.68814376e-01	7.11215918e-01	-1.42401542e-01	4.26808730e-01	3.55508985e-01	2.50349113e-04	-4.87384197e-22	2.50349113e-04	-2.50349113e-04
1510            	-6.99772034e-04	3.54891859e-01	-3.55591631e-01	5.68386792e-01	7.10859520e-01	-1.42472729e-01	4.26666124e-01	3.55241745e-01	4.37357521e-04	-4.67578774e-22	4.37357521e-04	-4.37357521e-04
1520            	-9.05138477e-04	3.56509014e-01	-3.57414153e-01	5.71138533e-01	7.14149375e-01	-1.43010841e-01	4.28580108e-01	3.56961583e-01	5.65711548e-04	-4.63741378e-22	5.65711548e-04	-5.65711548e-04
1530            	-1.07505845e-03	3.55340641e-01	-3.56415699e-01	5.69405072e-01	7.12153406e-01	-1.42748334e-01	4.27450870e-01	3.55878170e-01	6.71911531e-04	-4.60190527e-22	6.71911531e-04	-6.71911531e-04
1540            	-1.14816130e-03	3.55215919e-01	-3.56364080e-01	5.69263999e-01	7.11860551e-01	-1.42596553e-01	4.27228552e-01	3.55789999e-01	7.17600815e-04	-4.48324539e-22	7.17600815e-04	-7.17600815e-04
1550            	-1.00422893e-03	3.56347204e-01	-3.57351433e-01	5.70958909e-01	7.14100821e-01	-1.43141911e-01	4.28621366e-01	3.56849318e-01	6.27643081e-04	-4.54106194e-22	6.27643081e-04	-6.27643081e-04
1560            	-5.74414030e-04	3.56048877e-01	-3.56623291e-01	5.70137734e-01	7.12921667e-01	-1.42783933e-01	4.27852800e-01	3.56336084e-01	3.59008769e-04	-4.59908298e-22	3.59008769e-04	-3.59008769e-04
1570            	-2.10115259e-04	3.56048205e-01	-3.56258320e-01	5.69845219e-01	7.12437645e-01	-1.42592426e-01	4.27515035e-01	3.56153262e-01	1.31322037e-04	-4.79198551e-22	1.31322037e-04	-1.31322037e-04
1580            	-2.39864854e-04	3.56701556e-01	-3.56941421e-01	5.70914382e-01	7.13966797e-01	-1.43052415e-01	4.28509606e-01	3.56821489e-01	1.49915534e-04	-4.90232649e-22	1.49915534e-04	-1.49915534e-04
1590            	-4.10999880e-05	3.55424980e-01	-3.55466080e-01	5.68712849e-01	7.10865373e-01	-1.42152524e-01	4.26508949e-01	3.55445530e-01	2.56874925e-05	-4.86168005e-22	2.56874925e-05	-2.56874925e-05
1600            	-4.55664658e-04	3.55371438e-01	-3.55827102e-01	5.68958832e-01	7.11385490e-01	-1.42426658e-01	4.26906074e-01	3.55599270e-01	2.84790411e-04	-4.82192404e-22	2.84790411e-04	-2.84790411e-04
1610            	-1.05647221e-03	3.57004520e-01	-3.58060992e-01	5.72052410e-01	7.15387635e-01	-1.43335225e-01	4.29361430e-01	3.57532756e-01	6.60295134e-04	-4.67101686e-22	6.60295134e-04	-6.60295134e-04
1620            	-1.14559764e-03	3.56176775e-01	-3.57322372e-01	5.70799318e-01	7.13847997e-01	-1.43048679e-01	4.28448338e-01	3.56749574e-01	7.15998523e-04	-4.56709256e-22	7.15998523e-04	-7.15998523e-04
1630            	-1.24185715e-03	3.56853594e-01	-3.58095452e-01	5.71959237e-01	7.15393987e-01	-1.43434751e-01	4.29414369e-01	3.57474523e-01	7.76160716e-04	-4.48342145e-22	7.76160716e-04	-7.76160716e-04
1640            	-1.06515590e-03	3.55839071e-01	-3.56904227e-01	5.70194638e-01	7.13150710e-01	-1.42956071e-01	4.28053391e-01	3.56371649e-01	6.65722438e-04	-4.48023342e-22	6.65722438e-04	-6.65722438e-04
1650            	-8.95754878e-04	3.58010742e-01	-3.58906497e-01	5.73533792e-01	7.17206257e-01	-1.43672465e-01	4.30439361e-01	3.58458620e-01	5.59846799e-04	-4.63351700e-22	5.59846799e-04	-5.59846799e-04
1660            	-8.24336074e-04	3.57116513e-01	-3.57940849e-01	5.72045889e-01	7.15570541e-01	-1.43524651e-01	4.29547596e-01	3.57528681e-01	5.15210047e-04	-4.67370445e-22	5.15210047e-04	-5.15210047e-04
1670            	-2.14734312e-04	3.56518730e-01	-3.56733464e-01	5.70601756e-01	7.13374044e-01	-1.42772288e-01	4.28073166e-01	3.56626097e-01	1.34208945e-04	-4.76517574e-22	1.34208945e-04	-1.34208945e-04
1680            	-2.95715211e-04	3.56568512e-01	-3.56864227e-01	5.70746191e-01	7.13754388e-01	-1.43008197e-01	4.28381293e-01	3.56716370e-01	1.84822007e-04	-4.89294786e-22	1.84822007e-04	-1.84822007e-04
1690            	-2.04635747e-04	3.56922872e-01	-3.57127508e-01	5.71240304e-01	7.14063689e-01	-1.42823385e-01	4.28443537e-01	3.57025190e-01	1.27897342e-04	-4.87101263e-22	1.27897342e-04	-1.27897342e-04
1700            	-5.43774551e-04	3.56051220e-01	-3.56594995e-01	5.70116972e-01	7.12871784e-01	-1.42754812e-01	4.27813298e-01	3.56323108e-01	3.39859095e-04	-4.80469952e-22	3.39859095e-04	-3.39859095e-04
1710            	-9.84878834e-04	3.56062695e-01	-3.57047574e-01	5.70488215e-01	7.13322410e-01	-1.42834194e-01	4.28078302e-01	3.56555135e-01	6.15549271e-04	-4.65093442e-22	6.15549271e-04	-6.15549271e-04
1720            	-1.41179527e-03	3.57149445e-01	-3.58561240e-01	5.72568548e-01	7.16017896e-01	-1.43449349e-01	4.29733622e-01	3.57855342e-01	8.82372046e-04	-4.47672346e-22	8.82372046e-04	-8.82372046e-04
1730            	-1.26066535e-03	3.58139105e-01	-3.59399771e-01	5.74031101e-01	7.17830943e-01	-1.43799842e-01	4.30815392e-01	3.58769438e-01	7.87915846e-04	-4.51042121e-22	7.87915846e-04	-7.87915846e-04
1740            	-1.14835918e-03	3.56594677e-01	-3.57743036e-01	5.71470171e-01	7.14654971e-01	-1.43184800e-01	4.28919885e-01	3.57168857e-01	7.17724485e-04	-4.56776479e-22	7.17724485e-04	-7.17724485e-04
1750            	-7.90778700e-04	3.57269456e-01	-3.58060234e-01	5.72263752e-01	7.15415529e-01	-1.43151777e-01	4.29283653e-01	3.57664845e-01	4.94236688e-04	-4.57753263e-22	4.94236688e-04	-4.94236688e-04
1760            	-6.87630622e-04	3.57780796e-01	-3.58468427e-01	5.72999379e-01	7.16554991e-01	-1.43555613e-01	4.30055302e-01	3.58124612e-01	4.29769139e-04	-4.70517290e-22	4.29769139e-04	-4.29769139e-04
1770            	-2.84823892e-04	3.56970850e-01	-3.57255674e-01	5.71381219e-01	7.14266880e-01	-1.42885662e-01	4.28576271e-01	3.57113262e-01	1.78014932e-04	-4.77637854e-22	1.78014932e-04	-1.78014932e-04
1780            	-1.28220147e-04	3.58038537e-01	-3.58166757e-01	5.72964235e-01	7.16344408e-01	-1.43380173e-01	4.29862290e-01	3.58102647e-01	8.01375921e-05	-5.00877061e-22	8.01375921e-05	-8.01375921e-05
1790            	-5.96236016e-04	3.57844096e-01	-3.58440332e-01	5.73027542e-01	7.16252613e-01	-1.43225071e-01	4.29738842e-01	3.58142214e-01	3.72647510e-04	-4.78301516e-22	3.72647510e-04	-3.72647510e-04
1800            	-6.53198175e-04	3.57621113e-01	-3.58274311e-01	5.72716339e-01	7.16042091e-01	-1.43325751e-01	4.29683921e-01	3.57947712e-01	4.08248860e-04	-4.80959616e-22	4.08248860e-04	-4.08248860e-04
1810            	-1.12562141e-03	3.58127635e-01	-3.59253257e-01	5.73904713e-01	7.17432663e-01	-1.43527949e-01	4.30480306e-01	3.58690446e-01	7.03513383e-04	-4.61511459e-22	7.03513383e-04	-7.03513383e-04
1820            	-1.30662143e-03	3.57908040e-01	-3.59214661e-01	5.73698160e-01	7.17241115e-01	-1.43542955e-01	4.30392035e-01	3.58561350e-01	8.16638393e-04	-4.52462694e-22	8.16638393e-04	-8.16638393e-04
1830            	-1.19636559e-03	3.58442133e-01	-3.59638498e-01	5.74464505e-01	7.18190076e-01	-1.43725571e-01	4.30957823e-01	3.59040315e-01	7.47728495e-04	-4.43992299e-22	7.47728495e-04	-7.47728495e-04
1840            	-1.00218920e-03	3.57871641e-01	-3.58873831e-01	5.73396378e-01	7.16775703e-01	-1.43379326e-01	4.30077514e-01	3.58372736e-01	6.26368252e-04	-4.57273743e-22	6.26368252e-04	-6.26368252e-04
1850            	-4.03462402e-04	3.58258462e-01	-3.58661924e-01	5.73536309e-01	7.16865454e-01	-1.43329145e-01	4.30097300e-01	3.58460193e-01	2.52164001e-04	-4.67723819e-22	2.52164001e-04	-2.52164001e-04
1860            	-4.09510038e-04	3.58467995e-01	-3.58877505e-01	5.73876400e-01	7.17283171e-01	-1.43406771e-01	4.30344971e-01	3.58672750e-01	2.55943774e-04	-4.82122307e-22	2.55943774e-04	-2.55943774e-04
1870            	-2.59313933e-04	3.57723888e-01	-3.57983202e-01	5.72565672e-01	7.15560337e-01	-1.42994665e-01	4.29277501e-01	3.57853545e-01	1.62071208e-04	-4.86560121e-22	1.62071208e-04	-1.62071208e-04
1880            	-4.44213357e-04	3.57636739e-01	-3.58080952e-01	5.72574153e-01	7.15552041e-01	-1.42977888e-01	4.29264965e-01	3.57858845e-01	2.77633348e-04	-4.88089078e-22	2.77633348e-04	-2.77633348e-04
1890            	-8.04442947e-04	3.58456503e-01	-3.59260946e-01	5.74173960e-01	7.17630847e-01	-1.43456888e-01	4.30543868e-01	3.58858725e-01	5.02776842e-04	-4.76750486e-22	5.02776842e-04	-5.02776842e-04
1900            	-1.17448349e-03	3.58198033e-01	-3.59372517e-01	5.74056440e-01	7.17637461e-01	-1.43581021e-01	4.30609241e-01	3.58785275e-01	7.34052178e-04	-4.59084605e-22	7.34052178e-04	-7.34052178e-04
1910            	-1.44903182e-03	3.58517128e-01	-3.59966160e-01	5.74786631e-01	7.18490318e-01	-1.43703687e-01	4.31097002e-01	3.59241644e-01	9.05644887e-04	-4.42605710e-22	9.05644887e-04	-9.05644887e-04
1920            	-1.04749494e-03	3.59432780e-01	-3.60480275e-01	5.75930445e-01	7.20038803e-01	-1.44108359e-01	4.32073581e-01	3.59956528e-01	6.54684336e-04	-4.53697123e-22	6.54684336e-04	-6.54684336e-04
1930            	-7.96916696e-04	3.58313277e-01	-3.59110194e-01	5.73938777e-01	7.17412820e-01	-1.43474043e-01	4.30443432e-01	3.58711736e-01	4.98072935e-04	-4.59199374e-22	4.98072935e-04	-4.98072935e-04
1940            	-3.82956021e-04	3.59105646e-01	-3.59488602e-01	5.74875398e-01	7.18602864e-01	-1.43727466e-01	4.31165165e-01	3.59297124e-01	2.39347513e-04	-4.84593033e-22	2.39347513e-04	-2.39347513e-04
1950            	-2.22528945e-04	3.57301024e-01	-3.57523553e-01	5.71859661e-01	7.14631346e-01	-1.42771685e-01	4.28701515e-01	3.57412288e-01	1.39080590e-04	-4.83607820e-22	1.39080590e-04	-1.39080590e-04
1960            	-4.41012688e-04	3.58093077e-01	-3.58534090e-01	5.73301733e-01	7.16333370e-01	-1.43031636e-01	4.29682503e-01	3.58313583e-01	2.75632930e-04	-4.83648877e-22	2.75632930e-04	-2.75632930e-04
1970            	-7.78988434e-04	3.57854974e-01	-3.58633963e-01	5.73191150e-01	7.16454023e-01	-1.43262874e-01	4.29858449e-01	3.58244469e-01	4.86867771e-04	-4.68217813e-22	4.86867771e-04	-4.86867771e-04
1980            	-1.36098187e-03	3.58411925e-01	-3.59772907e-01	5.74547866e-01	7.18109003e-01	-1.43561137e-01	4.30835070e-01	3.59092416e-01	8.50613672e-04	-4.52865689e-22	8.50613672e-04	-8.50613672e-04
1990            	-1.27345120e-03	3.58293614e-01	-3.59567066e-01	5.74288544e-01	7.17854792e-01	-1.43566248e-01	4.30710520e-01	3.58930340e-01	7.95906998e-04	-4.52944297e-22	7.95906998e-04	-7.95906998e-04
2000            	-1.35172498e-03	3.58189145e-01	-3.59540870e-01	5.74184013e-01	7.17772793e-01	-1.43588780e-01	4.30680787e-01	3.58865008e-01	8.44828112e-04	-4.40536724e-22	8.44828112e-04	-8.44828112e-04
2010            	-1.14602786e-03	3.59801297e-01	-3.60947325e-01	5.76598897e-01	7.20853353e-01	-1.44254456e-01	4.32553905e-01	3.60374311e-01	7.16267414e-04	-4.56760555e-22	7.16267414e-04	-7.16267414e-04
2020            	-6.35801010e-04	3.58085035e-01	-3.58720836e-01	5.73444697e-01	7.16707692e-01	-1.43262995e-01	4.29985343e-01	3.58402936e-01	3.97375631e-04	-4.64122821e-22	3.97375631e-04	-3.97375631e-04
2030            	-2.07008623e-04	3.57955322e-01	-3.58162331e-01	5.72894123e-01	7.15916859e-01	-1.43022736e-01	4.29469797e-01	3.58058827e-01	1.29380390e-04	-4.85667317e-22	1.29380390e-04	-1.29380390e-04
2040            	-3.89329633e-04	3.59023867e-01	-3.59413196e-01	5.74749651e-01	7.18293047e-01	-1.43543397e-01	4.30918222e-01	3.59218532e-01	2.43331021e-04	-4.85283847e-22	2.43331021e-04	-2.43331021e-04
2050            	-4.70388875e-04	3.57708282e-01	-3.58178671e-01	5.72709563e-01	7.15514676e-01	-1.42805114e-01	4.29159895e-01	3.57943477e-01	2.93993047e-04	-4.75652794e-22	2.93993047e-04	-2.93993047e-04
2060            	-9.79203406e-04	3.58143406e-01	-3.59122609e-01	5.73812812e-01	7.17197693e-01	-1.43384881e-01	4.30291287e-01	3.58633008e-01	6.12002129e-04	-4.68246087e-22	6.12002129e-04	-6.12002129e-04
2070            	-1.40752128e-03	3.59139330e-01	-3.60546851e-01	5.75748944e-01	7.19572240e-01	-1.43823296e-01	4.31697768e-01	3.59843090e-01	8.79700798e-04	-4.48396226e-22	8.79700798e-04	-8.79700798e-04
2080            	-1.23135023e-03	3.58796531e-01	-3.60027881e-01	5.75059530e-01	7.18834398e-01	-1.43774869e-01	4.31304633e-01	3.59412206e-01	7.69593894e-04	-4.53982618e-22	7.69593894e-04	-7.69593894e-04
2090            	-1.22383068e-03	3.58342472e-01	-3.59566303e-01	5.74327020e-01	7.17760243e-01	-1.43433222e-01	4.30596733e-01	3.58954388e-01	7.64894173e-04	-4.43998664e-22	7.64894173e-04	-7.64894173e-04
2100            	-8.36520675e-04	3.59547784e-01	-3.60384305e-01	5.75945672e-01	7.19929980e-01	-1.43984308e-01	4.31957144e-01	3.59966045e-01	5.22825422e-04	-4.64329466e-22	5.22825422e-04	-5.22825422e-04
2110            	-6.25923226e-04	3.59058714e-01	-3.59684638e-01	5.74994682e-01	7.18598134e-01	-1.43603452e-01	4.31100793e-01	3.59371676e-01	3.91202016e-04	-4.69827454e-22	3.91202016e-04	-3.91202016e-04
2120            	-3.28116955e-04	3.58380264e-01	-3.58708381e-01	5.73670916e-01	7.16779605e-01	-1.43108688e-01	4.29944147e-01	3.58544323e-01	2.05073097e-04	-4.77547853e-22	2.05073097e-04	-2.05073097e-04
2130            	-5.91961801e-04	3.58383734e-01	-3.58975696e-01	5.73887544e-01	7.17202734e-01	-1.43315190e-01	4.30258962e-01	3.58679715e-01	3.69976126e-04	-4.80139611e-22	3.69976126e-04	-3.69976126e-04
2140            	-6.67688387e-04	3.59074687e-01	-3.59742375e-01	5.75053649e-01	7.18608752e-01	-1.43555102e-01	4.31081927e-01	3.59408531e-01	4.17305242e-04	-4.74810343e-22	4.17305242e-04	-4.17305242e-04
2150            	-1.14191081e-03	3.58631467e-01	-3.59773378e-01	5.74723877e-01	7.18196582e-01	-1.43472705e-01	4.30834644e-01	3.59202423e-01	7.13694254e-04	-4.56196058e-22	7.13694254e-04	-7.13694254e-04
2160            	-1.57959553e-03	3.59391502e-01	-3.60971097e-01	5.76290079e-01	7.20315571e-01	-1.44025492e-01	4.32170531e-01	3.60181299e-01	9.87247203e-04	-4.44062672e-22	9.87247203e-04	-9.87247203e-04
2170            	-1.18255241e-03	3.59429704e-01	-3.60612256e-01	5.76033568e-01	7.20043873e-01	-1.44010304e-01	4.32027088e-01	3.60020980e-01	7.39095259e-04	-4.56702227e-22	7.39095259e-04	-7.39095259e-04
2180            	-1.10436484e-03	3.59450152e-01	-3.60554517e-01	5.76003735e-01	7.19833571e-01	-1.43829836e-01	4.31831704e-01	3.60002334e-01	6.90228025e-04	-4.48749992e-22	6.90228025e-04	-6.90228025e-04
2190            	-3.80100751e-04	3.58728708e-01	-3.59108809e-01	5.74270014e-01	7.17533165e-01	-1.43263151e-01	4.30398158e-01	3.58918759e-01	2.37562969e-04	-4.78886564e-22	2.37562969e-04	-2.37562969e-04
2200            	-4.95569738e-04	3.59188074e-01	-3.59683644e-01	5.75097375e-01	7.18701947e-01	-1.43604572e-01	4.31153259e-01	3.59435859e-01	3.09731086e-04	-4.75723437e-22	3.09731086e-04	-3.09731086e-04
2210            	-3.13078411e-04	3.59045114e-01	-3.59358192e-01	5.74722645e-01	7.18035036e-01	-1.43312391e-01	4.30673714e-01	3.59201653e-01	1.95674007e-04	-4.83567322e-22	1.95674007e-04	-1.95674007e-04
2220            	-8.10335875e-04	3.58453426e-01	-3.59263762e-01	5.74173750e-01	7.17543786e-01	-1.43370036e-01	4.30456911e-01	3.58858594e-01	5.06459922e-04	-4.70199393e-22	5.06459922e-04	-5.06459922e-04
2230            	-9.07552397e-04	3.58809736e-01	-3.59717288e-01	5.74821619e-01	7.18142137e-01	-1.43320518e-01	4.30731327e-01	3.59263512e-01	5.67220248e-04	-4.60801304e-22	5.67220248e-04	-5.67220248e-04
2240            	-1.16676518e-03	3.58959524e-01	-3.60126289e-01	5.75268651e-01	7.18862986e-01	-1.43594336e-01	4.31228661e-01	3.59542907e-01	7.29228235e-04	-4.51579821e-22	7.29228235e-04	-7.29228235e-04
2250            	-1.43553977e-03	3.59361977e-01	-3.60797517e-01	5.76127595e-01	7.20035336e-01	-1.43907741e-01	4.31971539e-01	3.60079747e-01	8.97212355e-04	-4.41674154e-22	8.97212355e-04	-8.97212355e-04
2260            	-1.15758770e-03	3.59359623e-01	-3.60517211e-01	5.75901467e-01	7.19705569e-01	-1.43804102e-01	4.31754836e-01	3.59938417e-01	7.23492311e-04	-4.46997514e-22	7.23492311e-04	-7.23492311e-04
2270            	-8.89936675e-04	3.59417666e-01	-3.60307603e-01	5.75780215e-01	7.19562665e-01	-1.43782450e-01	4.31672558e-01	3.59862634e-01	5.56210422e-04	-4.54450204e-22	5.56210422e-04	-5.56210422e-04
2280            	-4.33586292e-04	3.58557632e-01	-3.58991218e-01	5.74039080e-01	7.17225204e-01	-1.43186124e-01	4.30205664e-01	3.58774425e-01	2.70991432e-04	-4.70088384e-22	2.70991432e-04	-2.70991432e-04
2290            	-5.02874113e-04	3.59675571e-01	-3.60178445e-01	5.75883213e-01	7.19473927e-01	-1.43590714e-01	4.31532320e-01	3.59927008e-01	3.14296320e-04	-4.80873005e-22	3.14296320e-04	-3.14296320e-04
2300            	-6.26768707e-04	3.59027876e-01	-3.59654644e-01	5.74946016e-01	7.18427897e-01	-1.43481881e-01	4.30954889e-01	3.59341260e-01	3.91730442e-04	-4.77510751e-22	3.91730442e-04	-3.91730442e-04
2310            	-7.41046337e-04	3.58943065e-01	-3.59684111e-01	5.74901741e-01	7.18131027e-01	-1.43229286e-01	4.30680157e-01	3.59313588e-01	4.63153961e-04	-4.64597472e-22	4.63153961e-04	-4.63153961e-04
2320            	-1.21236917e-03	3.59150563e-01	-3.60362932e-01	5.75610796e-01	7.19115600e-01	-1.43504804e-01	4.31310202e-01	3.59756748e-01	7.57730730e-04	-4.49348894e-22	7.57730730e-04	-7.57730730e-04
2330            	-1.33173409e-03	3.59479845e-01	-3.60811579e-01	5.76233139e-01	7.20140829e-01	-1.43907690e-01	4.32024260e-01	3.60145712e-01	8.32333805e-04	-4.47585931e-22	8.32333805e-04	-8.32333805e-04
2340            	-1.30558901e-03	3.59957559e-01	-3.61263148e-01	5.76976565e-01	7.20894377e-01	-1.43917812e-01	4.32406094e-01	3.60610353e-01	8.15993134e-04	-4.41753716e-22	8.15993134e-04	-8.15993134e-04
2350            	-9.18513869e-04	3.59862333e-01	-3.60780847e-01	5.76514544e-01	7.20632580e-01	-1.44118037e-01	4.32375309e-01	3.60321590e-01	5.74071168e-04	-4.60247822e-22	5.74071168e-04	-5.74071168e-04
2360            	-6.36772745e-04	3.59705073e-01	-3.60341845e-01	5.76037534e-01	7.19638739e-01	-1.43601205e-01	4.31619972e-01	3.60023459e-01	3.97982966e-04	-4.61151521e-22	3.97982966e-04	-3.97982966e-04
2370            	-5.08389435e-04	3.59219891e-01	-3.59728280e-01	5.75158537e-01	7.18585331e-01	-1.43426794e-01	4.31006062e-01	3.59474086e-01	3.17743397e-04	-4.80581367e-22	3.17743397e-04	-3.17743397e-04
2380            	-4.43915136e-04	3.59227082e-01	-3.59670997e-01	5.75118464e-01	7.18388997e-01	-1.43270533e-01	4.30829765e-01	3.59449040e-01	2.77446960e-04	-4.78212951e-22	2.77446960e-04	-2.77446960e-04
2390            	-7.95616282e-04	3.59370000e-01	-3.60165616e-01	5.75628492e-01	7.19094058e-01	-1.43465566e-01	4.31279812e-01	3.59767808e-01	4.97260176e-04	-4.78189292e-22	4.97260176e-04	-4.97260176e-04
2400            	-1.31060980e-03	3.60240430e-01	-3.61551040e-01	5.77433176e-01	7.21655691e-01	-1.44222515e-01	4.32939103e-01	3.60895735e-01	8.19131127e-04	-4.59968984e-22	8.19131127e-04	-8.19131127e-04
2410            	-1.47089689e-03	3.60013353e-01	-3.61484250e-01	5.77198082e-01	7.21245802e-01	-1.44047719e-01	4.32646760e-01	3.60748802e-01	9.19310555e-04	-4.47377173e-22	9.19310555e-04	-9.19310555e-04
2420            	-1.12474432e-03	3.59304393e-01	-3.60429137e-01	5.75786824e-01	7.19409969e-01	-1.43623145e-01	4.31516557e-01	3.59866765e-01	7.02965199e-04	-4.46645717e-22	7.02965199e-04	-7.02965199e-04
2430            	-1.17749384e-03	3.59801125e-01	-3.60978619e-01	5.76623796e-01	7.20524476e-01	-1.43900680e-01	4.32212578e-01	3.60389872e-01	7.35933647e-04	-4.51252170e-22	7.35933647e-04	-7.35933647e-04
2440            	-6.42909336e-04	3.60835986e-01	-3.61478895e-01	5.77851905e-01	7.21938930e-01	-1.44087025e-01	4.33012977e-01	3.61157441e-01	4.01818335e-04	-4.67155072e-22	4.01818335e-04	-4.01818335e-04
2450            	-1.95375979e-04	3.58138263e-01	-3.58333639e-01	5.73177521e-01	7.16055159e-01	-1.42877638e-01	4.29466398e-01	3.58235951e-01	1.22109987e-04	-4.76507157e-22	1.22109987e-04	-1.22109987e-04
2460            	-4.33973360e-04	3.59410836e-01	-3.59844810e-01	5.75404517e-01	7.18649754e-01	-1.43245237e-01	4.30947495e-01	3.59627823e-01	2.71233350e-04	-4.82662089e-22	2.71233350e-04	-2.71233350e-04
2470            	-7.21545387e-04	3.60066108e-01	-3.60787653e-01	5.76683009e-01	7.20554510e-01	-1.43871501e-01	4.32213005e-01	3.60426881e-01	4.50965867e-04	-4.75715333e-22	4.50965867e-04	-4.50965867e-04
2480            	-1.28527478e-03	3.58786976e-01	-3.60072251e-01	5.75087382e-01	7.18459294e-01	-1.43371912e-01	4.30915603e-01	3.59429613e-01	8.03296738e-04	-4.51767932e-22	8.03296738e-04	-8.03296738e-04
2490            	-1.45998409e-03	3.60065889e-01	-3.61525873e-01	5.77273410e-01	7.21274660e-01	-1.44001250e-01	4.32637955e-01	3.60795881e-01	9.12490057e-04	-4.51486752e-22	9.12490057e-04	-9.12490057e-04
2500            	-1.30722251e-03	3.60428271e-01	-3.61735494e-01	5.77731012e-01	7.22049034e-01	-1.44318022e-01	4.33183528e-01	3.61081883e-01	8.17014070e-04	-4.47963186e-22	8.17014070e-04	-8.17014070e-04
2510            	-1.36571968e-03	3.59880865e-01	-3.61246584e-01	5.76901959e-01	7.20832802e-01	-1.43930843e-01	4.32381822e-01	3.60563724e-01	8.53574800e-04	-4.43234921e-22	8.53574800e-04	-8.53574800e-04
2520            	-4.83318727e-04	3.60232553e-01	-3.60715872e-01	5.76758740e-01	7.20568600e-01	-1.43809861e-01	4.32189230e-01	3.60474212e-01	3.02074205e-04	-4.72408796e-22	3.02074205e-04	-3.02074205e-04
2530            	-3.13166537e-04	3.59232395e-01	-3.59545562e-01	5.75022366e-01	7.18212115e-01	-1.43189749e-01	4.30700932e-01	3.59388979e-01	1.95729085e-04	-4.69181143e-22	1.95729085e-04	-1.95729085e-04
2540            	-3.90849244e-04	3.59745153e-01	-3.60136003e-01	5.75904925e-01	7.19457753e-01	-1.43552829e-01	4.31505291e-01	3.59940578e-01	2.44280778e-04	-4.90531030e-22	2.44280778e-04	-2.44280778e-04
2550            	-5.84778353e-04	3.58268370e-01	-3.58853148e-01	5.73697214e-01	7.16641664e-01	-1.42944450e-01	4.29793057e-01	3.58560759e-01	3.65486471e-04	-4.71932121e-22	3.65486471e-04	-3.65486471e-04
2560            	-1.19109798e-03	3.59436098e-01	-3.60627196e-01	5.76050635e-01	7.19660556e-01	-1.43609921e-01	4.31635239e-01	3.60031647e-01	7.44436236e-04	-4.66028381e-22	7.44436236e-04	-7.44436236e-04
2570            	-1.33739559e-03	3.59702481e-01	-3.61039877e-01	5.76593886e-01	7.20463869e-01	-1.43869982e-01	4.32166926e-01	3.60371179e-01	8.35872244e-04	-4.49120817e-22	8.35872244e-04	-8.35872244e-04
2580            	-1.59748221e-03	3.60409643e-01	-3.62007126e-01	5.77933415e-01	7.22093821e-01	-1.44160406e-01	4.33127113e-01	3.61208384e-01	9.98426381e-04	-4.40011892e-22	9.98426381e-04	-9.98426381e-04
2590            	-1.23614982e-03	3.60164160e-01	-3.61400309e-01	5.77251575e-01	7.21291319e-01	-1.44039744e-01	4.32665532e-01	3.60782234e-01	7.72593639e-04	-4.47398482e-22	7.72593639e-04	-7.72593639e-04
2600            	-7.93459740e-04	3.60048853e-01	-3.60842312e-01	5.76712932e-01	7.20456070e-01	-1.43743138e-01	4.32099604e-01	3.60445582e-01	4.95912338e-04	-4.46923631e-22	4.95912338e-04	-4.95912338e-04
2610            	-6.16517895e-04	3.60292390e-01	-3.60908908e-01	5.76961039e-01	7.20841853e-01	-1.43880814e-01	4.32361334e-01	3.60600649e-01	3.85323685e-04	-4.81725061e-22	3.85323685e-04	-3.85323685e-04
2620            	-3.61579081e-04	3.59556237e-01	-3.59917816e-01	5.75579243e-01	7.18936682e-01	-1.43357439e-01	4.31147060e-01	3.59737027e-01	2.25986926e-04	-4.76131114e-22	2.25986926e-04	-2.25986926e-04
2630            	-5.55227471e-04	3.59422265e-01	-3.59977492e-01	5.75519806e-01	7.18833264e-01	-1.43313458e-01	4.31073361e-01	3.59699879e-01	3.47017169e-04	-4.83056546e-22	3.47017169e-04	-3.47017169e-04
2640            	-8.47745993e-04	3.60265662e-01	-3.61113408e-01	5.77103256e-01	7.20887207e-01	-1.43783951e-01	4.32335579e-01	3.60689535e-01	5.29841245e-04	-4.72799696e-22	5.29841245e-04	-5.29841245e-04
2650            	-1.38006352e-03	3.59758473e-01	-3.61138537e-01	5.76717608e-01	7.20504846e-01	-1.43787238e-01	4.32146042e-01	3.60448505e-01	8.62539700e-04	-4.53183893e-22	8.62539700e-04	-8.62539700e-04
2660            	-1.55129227e-03	3.60231535e-01	-3.61782827e-01	5.77611490e-01	7.21762685e-01	-1.44151195e-01	4.32956940e-01	3.61007181e-01	9.69557667e-04	-4.45770676e-22	9.69557667e-04	-9.69557667e-04
2670            	-1.52741927e-03	3.60607535e-01	-3.62134955e-01	5.78193992e-01	7.22412582e-01	-1.44218590e-01	4.33315586e-01	3.61371245e-01	9.54637045e-04	-4.38267390e-22	9.54637045e-04	-9.54637045e-04
2680            	-9.32584098e-04	3.60516026e-01	-3.61448610e-01	5.77571709e-01	7.21588826e-01	-1.44017116e-01	4.32802971e-01	3.60982318e-01	5.82865061e-04	-4.53264914e-22	5.82865061e-04	-5.82865061e-04
2690            	-7.70240417e-04	3.60000591e-01	-3.60770831e-01	5.76617138e-01	7.20323701e-01	-1.43706564e-01	4.32015133e-01	3.60385711e-01	4.81400261e-04	-4.59387594e-22	4.81400261e-04	-4.81400261e-04
2700            	-2.96436109e-04	3.59861897e-01	-3.60158333e-01	5.76016184e-01	7.19488172e-01	-1.43471989e-01	4.31480081e-01	3.60010115e-01	1.85272568e-04	-4.86234464e-22	1.85272568e-04	-1.85272568e-04
2710            	-5.46422922e-04	3.59956336e-01	-3.60502759e-01	5.76367277e-01	7.20015148e-01	-1.43647872e-01	4.31831510e-01	3.60229548e-01	3.41514326e-04	-4.73917489e-22	3.41514326e-04	-3.41514326e-04
2720            	-8.17402265e-04	3.59676317e-01	-3.60493720e-01	5.76136030e-01	7.19535828e-01	-1.43399799e-01	4.31467814e-01	3.60085019e-01	5.10876416e-04	-4.72531010e-22	5.10876416e-04	-5.10876416e-04
2730            	-9.73929082e-04	3.59530224e-01	-3.60504153e-01	5.76027502e-01	7.19557366e-01	-1.43529864e-01	4.31543615e-01	3.60017189e-01	6.08705677e-04	-4.59127480e-22	6.08705677e-04	-6.08705677e-04
2740            	-1.55059107e-03	3.60432222e-01	-3.61982813e-01	5.77932028e-01	7.22067763e-01	-1.44135735e-01	4.33101749e-01	3.61207517e-01	9.69119417e-04	-4.40635456e-22	9.69119417e-04	-9.69119417e-04
2750            	-1.36871545e-03	3.60268469e-01	-3.61637184e-01	5.77524523e-01	7.21499515e-01	-1.43974992e-01	4.32737254e-01	3.60952827e-01	8.55447159e-04	-4.49566831e-22	8.55447159e-04	-8.55447159e-04
2760            	-1.06090099e-03	3.59940560e-01	-3.61001461e-01	5.76753616e-01	7.20436286e-01	-1.43682670e-01	4.32059478e-01	3.60471010e-01	6.63063116e-04	-4.43265251e-22	6.63063116e-04	-6.63063116e-04
2770            	-7.46913829e-04	3.60568033e-01	-3.61314947e-01	5.77506384e-01	7.21467004e-01	-1.43960620e-01	4.32713812e-01	3.60941490e-01	4.66821143e-04	-4.64969396e-22	4.66821143e-04	-4.66821143e-04
2780            	-4.27280721e-04	3.59913013e-01	-3.60340294e-01	5.76202646e-01	7.19661339e-01	-1.43458693e-01	4.31560016e-01	3.60126654e-01	2.67050451e-04	-4.75623755e-22	2.67050451e-04	-2.67050451e-04
2790            	-4.07719744e-04	3.60095038e-01	-3.60502758e-01	5.76478237e-01	7.20179985e-01	-1.43701748e-01	4.31940867e-01	3.60298898e-01	2.54824840e-04	-4.87769315e-22	2.54824840e-04	-2.54824840e-04
2800            	-6.67899727e-04	3.59191243e-01	-3.59859143e-01	5.75240309e-01	7.18360016e-01	-1.43119707e-01	4.30739861e-01	3.59525193e-01	4.17437330e-04	-4.73319310e-22	4.17437330e-04	-4.17437330e-04
2810            	-8.30135122e-04	3.59847434e-01	-3.60677569e-01	5.76420002e-01	7.19996708e-01	-1.43576707e-01	4.31786707e-01	3.60262501e-01	5.18834451e-04	-4.69023259e-22	5.18834451e-04	-5.18834451e-04
2820            	-1.60678089e-03	3.60241328e-01	-3.61848109e-01	5.77671549e-01	7.21803695e-01	-1.44132146e-01	4.32967920e-01	3.61044718e-01	1.00423806e-03	-4.49729976e-22	1.00423806e-03	-1.00423806e-03
2830            	-1.36428511e-03	3.60167606e-01	-3.61531891e-01	5.77359597e-01	7.21229391e-01	-1.43869795e-01	4.32549593e-01	3.60849748e-01	8.52678194e-04	-4.40798101e-22	8.52678194e-04	-8.52678194e-04
2840            	-1.19970715e-03	3.60354303e-01	-3.61554010e-01	5.77526650e-01	7.21511439e-01	-1.43984789e-01	4.32748114e-01	3.60954156e-01	7.49816970e-04	-4.36041381e-22	7.49816970e-04	-7.49816970e-04
2850            	-8.49594893e-04	3.60075523e-01	-3.60925118e-01	5.76800513e-01	7.20491305e-01	-1.43690792e-01	4.32091048e-01	3.60500321e-01	5.30996808e-04	-4.64843374e-22	5.30996808e-04	-5.30996808e-04
2860            	-4.90035296e-04	3.60276639e-01	-3.60766674e-01	5.76834650e-01	7.20724724e-01	-1.43890074e-01	4.32307399e-01	3.60521656e-01	3.06272060e-04	-4.70745712e-22	3.06272060e-04	-3.06272060e-04
2870            	-4.41730662e-04	3.59858096e-01	-3.60299826e-01	5.76126338e-01	7.19544025e-01	-1.43417688e-01	4.31480857e-01	3.60078961e-01	2.76081664e-04	-4.79983679e-22	2.76081664e-04	-2.76081664e-04
2880            	-2.27997001e-04	3.59790990e-01	-3.60018987e-01	5.75847982e-01	7.19229255e-01	-1.43381272e-01	4.31305263e-01	3.59904989e-01	1.42498125e-04	-4.82590610e-22	1.42498125e-04	-1.42498125e-04
2890            	-9.59888062e-04	3.60279005e-01	-3.61238893e-01	5.77214318e-01	7.21008929e-01	-1.43794612e-01	4.32401770e-01	3.60758949e-01	5.99930039e-04	-4.68181108e-22	5.99930039e-04	-5.99930039e-04
2900            	-1.19507230e-03	3.59528682e-01	-3.60723755e-01	5.76201950e-01	7.19754923e-01	-1.43552973e-01	4.31653948e-01	3.60126218e-01	7.46920186e-04	-4.52879186e-22	7.46920186e-04	-7.46920186e-04
2910            	-1.30372327e-03	3.60953176e-01	-3.62256899e-01	5.78568060e-01	7.22875428e-01	-1.44307368e-01	4.33591398e-01	3.61605037e-01	8.14827041e-04	-4.58787528e-22	8.14827041e-04	-8.14827041e-04
2920            	-1.51562594e-03	3.59367922e-01	-3.60883548e-01	5.76201176e-01	7.19782661e-01	-1.43581485e-01	4.31682073e-01	3.60125735e-01	9.47266212e-04	-4.34010104e-22	9.47266212e-04	-9.47266212e-04
2930            	-9.41039209e-04	3.60902203e-01	-3.61843242e-01	5.78196356e-01	7.22397357e-01	-1.44201001e-01	4.33299179e-01	3.61372723e-01	5.88149506e-04	-4.50152306e-22	5.88149506e-04	-5.88149506e-04
2940            	-7.51700911e-04	3.59760199e-01	-3.60511900e-01	5.76217679e-01	7.19793372e-01	-1.43575693e-01	4.31684533e-01	3.60136050e-01	4.69813069e-04	-4.55749943e-22	4.69813069e-04	-4.69813069e-04
2950            	-4.50675640e-04	3.60451965e-01	-3.60902641e-01	5.77083685e-01	7.20928515e-01	-1.43844830e-01	4.32386672e-01	3.60677303e-01	2.81672275e-04	-4.76238244e-22	2.81672275e-04	-2.81672275e-04
2960            	-5.35872642e-04	3.60110521e-01	-3.60646393e-01	5.76605531e-01	7.20359922e-01	-1.43754391e-01	4.32057157e-01	3.60378457e-01	3.34920401e-04	-4.80401376e-22	3.34920401e-04	-3.34920401e-04
2970            	-4.70397539e-04	3.58980633e-01	-3.59451030e-01	5.74745331e-01	7.17847873e-01	-1.43102542e-01	4.30475207e-01	3.59215832e-01	2.93998462e-04	-4.81681403e-22	2.93998462e-04	-2.93998462e-04
2980            	-1.00854665e-03	3.60122352e-01	-3.61130898e-01	5.77002600e-01	7.20770426e-01	-1.43767826e-01	4.32269126e-01	3.60626625e-01	6.30341654e-04	-4.64000785e-22	6.30341654e-04	-6.30341654e-04
2990            	-1.30036419e-03	3.59399945e-01	-3.60700310e-01	5.76080204e-01	7.19672928e-01	-1.43592724e-01	4.31632826e-01	3.60050127e-01	8.12727616e-04	-4.59681216e-22	8.12727616e-04	-8.12727616e-04
3000            	-1.48858871e-03	3.60994037e-01	-3.62482626e-01	5.78781331e-01	7.23109812e-01	-1.44328482e-01	4.33719147e-01	3.61738332e-01	9.30367945e-04	-4.38130098e-22	9.30367945e-04	-9.30367945e-04
3010            	-1.17282834e-03	3.60542089e-01	-3.61714917e-01	5.77805605e-01	7.21910331e-01	-1.44104726e-01	4.33007528e-01	3.61128503e-01	7.33017712e-04	-4.38308747e-22	7.33017712e-04	-7.33017712e-04
3020            	-1.06691436e-03	3.60269532e-01	-3.61336446e-01	5.77284783e-01	7.21079587e-01	-1.43794805e-01	4.32437196e-01	3.60802989e-01	6.66821476e-04	-4.52006593e-22	6.66821476e-04	-6.66821476e-04
3030            	-5.34489826e-04	3.59754975e-01	-3.60289464e-01	5.76035551e-01	7.19605503e-01	-1.43569952e-01	4.31587728e-01	3.60022219e-01	3.34056141e-04	-4.60860321e-22	3.34056141e-04	-3.34056141e-04
3040            	-5.68440610e-04	3.60903798e-01	-3.61472239e-01	5.77900830e-01	7.21941853e-01	-1.44041024e-01	4.32991439e-01	3.61188019e-01	3.55275382e-04	-4.81372977e-22	3.55275382e-04	-3.55275382e-04
3050            	-2.81458387e-04	3.59547313e-01	-3.59828772e-01	5.75500868e-01	7.18679441e-01	-1.43178573e-01	4.30929007e-01	3.59688043e-01	1.75911492e-04	-4.76801232e-22	1.75911492e-04	-1.75911492e-04
3060            	-9.45421567e-04	3.59863124e-01	-3.60808545e-01	5.76537335e-01	7.20161104e-01	-1.43623769e-01	4.31892437e-01	3.60335835e-01	5.90888479e-04	-4.73458446e-22	5.90888479e-04	-5.90888479e-04
3070            	-1.21820268e-03	3.60005613e-01	-3.61223816e-01	5.76983543e-01	7.20789269e-01	-1.43805727e-01	4.32297498e-01	3.60614714e-01	7.61376673e-04	-4.59096615e-22	7.61376673e-04	-7.61376673e-04
3080            	-1.62575746e-03	3.59903926e-01	-3.61529684e-01	5.77146888e-01	7.20959348e-01	-1.43812460e-01	4.32385904e-01	3.60716805e-01	1.01609841e-03	-4.38011381e-22	1.01609841e-03	-1.01609841e-03
3090            	-1.30930989e-03	3.61030631e-01	-3.62339941e-01	5.78696457e-01	7.23137842e-01	-1.44441384e-01	4.33789613e-01	3.61685286e-01	8.18318679e-04	-4.47750223e-22	8.18318679e-04	-8.18318679e-04
3100            	-9.84736649e-04	3.59953048e-01	-3.60937784e-01	5.76712666e-01	7.20331837e-01	-1.43619171e-01	4.31975504e-01	3.60445416e-01	6.15460405e-04	-4.45254565e-22	6.15460405e-04	-6.15460405e-04
3110            	-6.35476430e-04	3.59789329e-01	-3.60424806e-01	5.76171308e-01	7.19701161e-01	-1.43529853e-01	4.31615507e-01	3.60107068e-01	3.97172768e-04	-4.71952017e-22	3.97172768e-04	-3.97172768e-04
3120            	-3.51006644e-04	3.59942358e-01	-3.60293364e-01	5.76188578e-01	7.19671320e-01	-1.43482742e-01	4.31577031e-01	3.60117861e-01	2.19379152e-04	-4.76396503e-22	2.19379152e-04	-2.19379152e-04
3130            	-4.39581053e-04	3.59520038e-01	-3.59959619e-01	5.75583726e-01	7.18767306e-01	-1.43183580e-01	4.30975443e-01	3.59739829e-01	2.74738158e-04	-4.76826835e-22	2.74738158e-04	-2.74738158e-04
3140            	-7.43944815e-04	3.60521618e-01	-3.61265562e-01	5.77429744e-01	7.21351122e-01	-1.43921378e-01	4.32636250e-01	3.60893590e-01	4.64965509e-04	-4.75846187e-22	4.64965509e-04	-4.64965509e-04
3150            	-1.09821679e-03	3.59458798e-01	-3.60557015e-01	5.76012650e-01	7.19368926e-01	-1.43356276e-01	4.31362601e-01	3.60007906e-01	6.86385491e-04	-4.53479020e-22	6.86385491e-04	-6.86385491e-04
3160            	-1.50483829e-03	3.60453086e-01	-3.61957924e-01	5.77928808e-01	7.22149709e-01	-1.44220901e-01	4.33185305e-01	3.61205505e-01	9.40523930e-04	-4.45171697e-22	9.40523930e-04	-9.40523930e-04
3170            	-1.53480276e-03	3.60364627e-01	-3.61899430e-01	5.77811246e-01	7.21796338e-01	-1.43985092e-01	4.32890715e-01	3.61132029e-01	9.59251728e-04	-4.42002203e-22	9.59251728e-04	-9.59251728e-04
3180            	-9.38085092e-04	3.60795057e-01	-3.61733142e-01	5.78022559e-01	7.22131938e-01	-1.44109380e-01	4.33120659e-01	3.61264099e-01	5.86303182e-04	-4.48411428e-22	5.86303182e-04	-5.86303182e-04
3190            	-7.56924714e-04	3.60659148e-01	-3.61416072e-01	5.77660176e-01	7.21617762e-01	-1.43957586e-01	4.32787674e-01	3.61037610e-01	4.73077946e-04	-4.66115214e-22	4.73077946e-04	-4.73077946e-04
3200            	-4.42247636e-04	3.60577566e-01	-3.61019814e-01	5.77277904e-01	7.21046020e-01	-1.43768116e-01	4.32407068e-01	3.60798690e-01	2.76404773e-04	-4.77574569e-22	2.76404773e-04	-2.76404773e-04
3210            	-5.32916810e-04	3.60138190e-01	-3.60671106e-01	5.76647437e-01	7.20262771e-01	-1.43615334e-01	4.31939053e-01	3.60404648e-01	3.33073006e-04	-4.81673956e-22	3.33073006e-04	-3.33073006e-04
3220            	-5.84715795e-04	3.59340139e-01	-3.59924854e-01	5.75411994e-01	7.18520480e-01	-1.43108486e-01	4.30814483e-01	3.59632496e-01	3.65447372e-04	-4.73702795e-22	3.65447372e-04	-3.65447372e-04
3230            	-1.01351231e-03	3.59675843e-01	-3.60689355e-01	5.76292158e-01	7.19768426e-01	-1.43476268e-01	4.31622347e-01	3.60182599e-01	6.33445196e-04	-4.56909708e-22	6.33445196e-04	-6.33445196e-04
3240            	-1.35770494e-03	3.60101570e-01	-3.61459275e-01	5.77248677e-01	7.21091809e-01	-1.43843133e-01	4.32467471e-01	3.60780423e-01	8.48565586e-04	-4.49125209e-22	8.48565586e-04	-8.48565586e-04
3250            	-1.48473646e-03	3.61169616e-01	-3.62654352e-01	5.79059174e-01	7.23401334e-01	-1.44342160e-01	4.33871747e-01	3.61911984e-01	9.27960290e-04	-4.47541802e-22	9.27960290e-04	-9.27960290e-04
3260            	-1.23666856e-03	3.60539988e-01	-3.61776657e-01	5.77853316e-01	7.22077647e-01	-1.44224332e-01	4.33150990e-01	3.61158322e-01	7.72917849e-04	-4.45914179e-22	7.72917849e-04	-7.72917849e-04
3270            	-7.05774475e-04	3.61021583e-01	-3.61727357e-01	5.78199152e-01	7.22142929e-01	-1.43943777e-01	4.33043353e-01	3.61374470e-01	4.41109047e-04	-4.68502555e-22	4.41109047e-04	-4.41109047e-04
3280            	-4.41795107e-04	3.59807639e-01	-3.60249434e-01	5.76045659e-01	7.19552511e-01	-1.43506852e-01	4.31529681e-01	3.60028537e-01	2.76121942e-04	-4.72241430e-22	2.76121942e-04	-2.76121942e-04
3290            	-5.68996867e-04	3.61133572e-01	-3.61702569e-01	5.78268913e-01	7.22261037e-01	-1.43992125e-01	4.33126581e-01	3.61418070e-01	3.55623042e-04	-4.89774480e-22	3.55623042e-04	-3.55623042e-04
3300            	-6.34263640e-04	3.59689532e-01	-3.60323796e-01	5.76010662e-01	7.19516801e-01	-1.43506139e-01	4.31511470e-01	3.60006664e-01	3.96414775e-04	-4.73613576e-22	3.96414775e-04	-3.96414775e-04
3310            	-1.07467418e-03	3.59665855e-01	-3.60740529e-01	5.76325107e-01	7.19694678e-01	-1.43369571e-01	4.31532125e-01	3.60203192e-01	6.71671364e-04	-4.56431443e-22	6.71671364e-04	-6.71671364e-04
3320            	-1.44488675e-03	3.60660081e-01	-3.62104967e-01	5.78212038e-01	7.22444920e-01	-1.44232881e-01	4.33338900e-01	3.61382524e-01	9.03054217e-04	-4.45633645e-22	9.03054217e-04	-9.03054217e-04
3330            	-1.51875878e-03	3.60766547e-01	-3.62285306e-01	5.78441482e-01	7.22598674e-01	-1.44157191e-01	4.33377932e-01	3.61525927e-01	9.49224236e-04	-4.36638531e-22	9.49224236e-04	-9.49224236e-04
3340            	-1.20069838e-03	3.60932691e-01	-3.62133390e-01	5.78452865e-01	7.22607553e-01	-1.44154688e-01	4.33381120e-01	3.61533040e-01	7.50436489e-04	-4.47475722e-22	7.50436489e-04	-7.50436489e-04
3350            	-7.77303235e-04	3.60329718e-01	-3.61107022e-01	5.77149392e-01	7.21106908e-01	-1.43957516e-01	4.32532212e-01	3.60718370e-01	4.85814522e-04	-4.54046531e-22	4.85814522e-04	-4.85814522e-04
3360            	-6.31026766e-04	3.60012452e-01	-3.60643478e-01	5.76524744e-01	7.20006583e-01	-1.43481839e-01	4.31744211e-01	3.60327965e-01	3.94391729e-04	-4.69238809e-22	3.94391729e-04	-3.94391729e-04
3370            	-3.92640432e-04	3.60429441e-01	-3.60822082e-01	5.77001218e-01	7.20775852e-01	-1.43774634e-01	4.32275243e-01	3.60625761e-01	2.45400270e-04	-4.75468553e-22	2.45400270e-04	-2.45400270e-04
3380            	-6.76397084e-04	3.59339650e-01	-3.60016047e-01	5.75484557e-01	7.18737923e-01	-1.43253366e-01	4.30995645e-01	3.59677848e-01	4.22748178e-04	-4.77982012e-22	4.22748178e-04	-4.22748178e-04
3390            	-9.62449157e-04	3.60706313e-01	-3.61668762e-01	5.77900060e-01	7.21748637e-01	-1.43848578e-01	4.32798608e-01	3.61187537e-01	6.01530723e-04	-4.73660032e-22	6.01530723e-04	-6.01530723e-04
3400            	-1.28182407e-03	3.60357835e-01	-3.61639659e-01	5.77597996e-01	7.21645330e-01	-1.44047334e-01	4.32846332e-01	3.60998747e-01	8.01140047e-04	-4.58098616e-22	8.01140047e-04	-8.01140047e-04
3410            	-1.62106207e-03	3.60950160e-01	-3.62571222e-01	5.78817105e-01	7.23056043e-01	-1.44238937e-01	4.33647490e-01	3.61760691e-01	1.01316380e-03	-4.41036892e-22	1.01316380e-03	-1.01316380e-03
3420            	-1.16004155e-03	3.60202141e-01	-3.61362183e-01	5.77251460e-01	7.21135046e-01	-1.43883586e-01	4.32509316e-01	3.60782162e-01	7.25025972e-04	-4.44825442e-22	7.25025972e-04	-7.25025972e-04
3430            	-1.02969665e-03	3.60698787e-01	-3.61728483e-01	5.77941816e-01	7.21822656e-01	-1.43880840e-01	4.32851748e-01	3.61213635e-01	6.43560404e-04	-4.47311555e-22	6.43560404e-04	-6.43560404e-04
3440            	-4.28552923e-04	3.60229864e-01	-3.60658417e-01	5.76710625e-01	7.20181835e-01	-1.43471210e-01	4.31826523e-01	3.60444140e-01	2.67845577e-04	-4.61740254e-22	2.67845577e-04	-2.67845577e-04
3450            	-6.46464649e-04	3.60712813e-01	-3.61359278e-01	5.77657672e-01	7.21595829e-01	-1.43938157e-01	4.32766993e-01	3.61036045e-01	4.04040406e-04	-4.74869984e-22	4.04040406e-04	-4.04040406e-04
3460            	-4.94044301e-04	3.60676653e-01	-3.61170697e-01	5.77477880e-01	7.21182567e-01	-1.43704687e-01	4.32443627e-01	3.60923675e-01	3.08777688e-04	-4.79857456e-22	3.08777688e-04	-3.08777688e-04
3470            	-6.77660685e-04	3.59182719e-01	-3.59860380e-01	5.75234480e-01	7.18362127e-01	-1.43127647e-01	4.30744887e-01	3.59521550e-01	4.23537928e-04	-4.69611496e-22	4.23537928e-04	-4.23537928e-04
3480            	-1.19087068e-03	3.60281454e-01	-3.61472324e-01	5.77403022e-01	7.21167039e-01	-1.43764017e-01	4.32465528e-01	3.60876889e-01	7.44294174e-04	-4.54579501e-22	7.44294174e-04	-7.44294174e-04
3490            	-1.33762358e-03	3.60090599e-01	-3.61428223e-01	5.77215057e-01	7.21134095e-01	-1.43919038e-01	4.32526566e-01	3.60759411e-01	8.36014738e-04	-4.49044394e-22	8.36014738e-04	-8.36014738e-04
3500            	-1.45280233e-03	3.61077755e-01	-3.62530557e-01	5.78886649e-01	7.23093180e-01	-1.44206531e-01	4.33649855e-01	3.61804156e-01	9.08001456e-04	-4.45520922e-22	9.08001456e-04	-9.08001456e-04
3510            	-8.57378862e-04	3.60283698e-01	-3.61141077e-01	5.77139820e-01	7.21025292e-01	-1.43885472e-01	4.32455382e-01	3.60712387e-01	5.35861789e-04	-4.56110119e-22	5.35861789e-04	-5.35861789e-04
3520            	-6.95075902e-04	3.60979954e-01	-3.61675029e-01	5.78123986e-01	7.22074306e-01	-1.43950320e-01	4.33012313e-01	3.61327491e-01	4.34422439e-04	-4.64269395e-22	4.34422439e-04	-4.34422439e-04
3530            	-5.69391882e-04	3.60101103e-01	-3.60670495e-01	5.76617279e-01	7.20368211e-01	-1.43750932e-01	4.32059571e-01	3.60385799e-01	3.55869926e-04	-4.70220346e-22	3.55869926e-04	-3.55869926e-04
3540            	-5.44941192e-04	3.60587162e-01	-3.61132103e-01	5.77375413e-01	7.20917701e-01	-1.43542289e-01	4.32229995e-01	3.60859633e-01	3.40588245e-04	-4.72034537e-22	3.40588245e-04	-3.40588245e-04
3550            	-7.16997410e-04	3.59276196e-01	-3.59993194e-01	5.75415512e-01	7.18790927e-01	-1.43375414e-01	4.31083170e-01	3.59634695e-01	4.48123381e-04	-4.77126469e-22	4.48123381e-04	-4.48123381e-04
3560            	-1.12065373e-03	3.60435479e-01	-3.61556132e-01	5.77593289e-01	7.21355562e-01	-1.43762273e-01	4.32558918e-01	3.60995806e-01	7.00408583e-04	-4.58109471e-22	7.00408583e-04	-7.00408583e-04
3570            	-1.19969892e-03	3.59897187e-01	-3.61096886e-01	5.76795259e-01	7.20383564e-01	-1.43588305e-01	4.31985934e-01	3.60497037e-01	7.49811827e-04	-4.47563529e-22	7.49811827e-04	-7.49811827e-04
3580            	-1.59372498e-03	3.60671950e-01	-3.62265675e-01	5.78350101e-01	7.22546189e-01	-1.44196089e-01	4.33371139e-01	3.61468813e-01	9.96078113e-04	-4.40677839e-22	9.96078113e-04	-9.96078113e-04
3590            	-1.16342578e-03	3.61154075e-01	-3.62317501e-01	5.78777261e-01	7.23204338e-01	-1.44427077e-01	4.33815707e-01	3.61735788e-01	7.27141115e-04	-4.51546137e-22	7.27141115e-04	-7.27141115e-04
3600            	-6.89110616e-04	3.60223910e-01	-3.60913021e-01	5.76909545e-01	7.20621368e-01	-1.43711823e-01	4.32166595e-01	3.60568465e-01	4.30694135e-04	-4.62574267e-22	4.30694135e-04	-4.30694135e-04
3610            	-3.71504332e-04	3.59491438e-01	-3.59862942e-01	5.75483504e-01	7.18644884e-01	-1.43161380e-01	4.30903132e-01	3.59677190e-01	2.32190207e-04	-4.66631008e-22	2.32190207e-04	-2.32190207e-04
3620            	-5.21926093e-04	3.60868682e-01	-3.61390608e-01	5.77807432e-01	7.21735413e-01	-1.43927980e-01	4.32831696e-01	3.61129645e-01	3.26203808e-04	-4.82824317e-22	3.26203808e-04	-3.26203808e-04
3630            	-7.25256254e-04	3.59979798e-01	-3.60705054e-01	5.76547881e-01	7.20071296e-01	-1.43523415e-01	4.31797355e-01	3.60342426e-01	4.53285159e-04	-4.71427303e-22	4.53285159e-04	-4.53285159e-04
3640            	-1.02890368e-03	3.59755926e-01	-3.60784830e-01	5.76432604e-01	7.19990380e-01	-1.43557776e-01	4.31774078e-01	3.60270378e-01	6.43064803e-04	-4.64728501e-22	6.43064803e-04	-6.43064803e-04
3650            	-1.53480123e-03	3.61089012e-01	-3.62623813e-01	5.78970259e-01	7.23348951e-01	-1.44378692e-01	4.33863821e-01	3.61856412e-01	9.59250768e-04	-4.55351337e-22	9.59250768e-04	-9.59250768e-04
3660            	-1.41204712e-03	3.60339655e-01	-3.61751702e-01	5.77673086e-01	7.21690744e-01	-1.44017658e-01	4.32854201e-01	3.61045679e-01	8.82529449e-04	-4.39851198e-22	8.82529449e-04	-8.82529449e-04
3670            	-1.25039599e-03	3.59750943e-01	-3.61001339e-01	5.76601825e-01	7.20091426e-01	-1.43489601e-01	4.31790514e-01	3.60376141e-01	7.81497491e-04	-4.38336824e-22	7.81497491e-04	-7.81497491e-04
3680            	-8.02511819e-04	3.61099697e-01	-3.61902209e-01	5.78401525e-01	7.22564456e-01	-1.44162931e-01	4.33363693e-01	3.61500953e-01	5.01569887e-04	-4.55832804e-22	5.01569887e-04	-5.01569887e-04
3690            	-4.04359663e-04	3.60056479e-01	-3.60460839e-01	5.76413854e-01	7.19933513e-01	-1.43519659e-01	4.31726586e-01	3.60258659e-01	2.52724789e-04	-4.78323639e-22	2.52724789e-04	-2.52724789e-04
3700            	-2.71454921e-04	3.59825439e-01	-3.60096894e-01	5.75937867e-01	7.19291590e-01	-1.43353722e-01	4.31322656e-01	3.59961167e-01	1.69659325e-04	-4.86475870e-22	1.69659325e-04	-1.69659325e-04
3710            	-7.58515306e-04	3.60328635e-01	-3.61087150e-01	5.77132628e-01	7.20844471e-01	-1.43711843e-01	4.32278157e-01	3.60707892e-01	4.74072066e-04	-4.73943484e-22	4.74072066e-04	-4.74072066e-04
3720            	-6.97798941e-04	3.59847729e-01	-3.60545528e-01	5.76314605e-01	7.19704371e-01	-1.43389766e-01	4.31547068e-01	3.60196628e-01	4.36124338e-04	-4.70303697e-22	4.36124338e-04	-4.36124338e-04
3730            	-1.36928606e-03	3.60711986e-01	-3.62081272e-01	5.78234606e-01	7.22308578e-01	-1.44073972e-01	4.33191275e-01	3.61396629e-01	8.55803789e-04	-4.49635748e-22	8.55803789e-04	-8.55803789e-04
3740            	-1.49216069e-03	3.60559500e-01	-3.62051660e-01	5.78088928e-01	7.22127267e-01	-1.44038338e-01	4.33082802e-01	3.61305580e-01	9.32600431e-04	-4.46504194e-22	9.32600431e-04	-9.32600431e-04
3750            	-1.20413920e-03	3.60570931e-01	-3.61775070e-01	5.77876801e-01	7.21853711e-01	-1.43976910e-01	4.32915310e-01	3.61173001e-01	7.52587002e-04	-4.42918613e-22	7.52587002e-04	-7.52587002e-04
3760            	-1.12308718e-03	3.60119581e-01	-3.61242668e-01	5.77089799e-01	7.20837375e-01	-1.43747576e-01	4.32292475e-01	3.60681124e-01	7.01929490e-04	-4.48296185e-22	7.01929490e-04	-7.01929490e-04
3770            	-6.53227003e-04	3.60940574e-01	-3.61593801e-01	5.78027500e-01	7.22103534e-01	-1.44076034e-01	4.33089784e-01	3.61267188e-01	4.08266877e-04	-4.67496073e-22	4.08266877e-04	-4.08266877e-04
3780            	-6.13159111e-04	3.61061763e-01	-3.61674922e-01	5.78189348e-01	7.22276922e-01	-1.44087574e-01	4.33182248e-01	3.61368343e-01	3.83224445e-04	-4.83886642e-22	3.83224445e-04	-3.83224445e-04
3790            	-1.84838014e-04	3.59265306e-01	-3.59450144e-01	5.74972360e-01	7.17868848e-01	-1.42896488e-01	4.30382668e-01	3.59357725e-01	1.15523759e-04	-4.77902928e-22	1.15523759e-04	-1.15523759e-04
3800            	-9.28846370e-04	3.60820436e-01	-3.61749283e-01	5.78055775e-01	7.22042107e-01	-1.43986332e-01	4.33014220e-01	3.61284859e-01	5.80528981e-04	-4.76738889e-22	5.80528981e-04	-5.80528981e-04
3810            	-9.72313071e-04	3.59966979e-01	-3.60939293e-01	5.76725018e-01	7.20317204e-01	-1.43592186e-01	4.31954695e-01	3.60453136e-01	6.07695669e-04	-4.61892024e-22	6.07695669e-04	-6.07695669e-04
3820            	-1.33022100e-03	3.60003908e-01	-3.61334129e-01	5.77070429e-01	7.20716848e-01	-1.43646419e-01	4.32181633e-01	3.60669018e-01	8.31388125e-04	-4.47330722e-22	8.31388125e-04	-8.31388125e-04
3830            	-1.56726111e-03	3.61233560e-01	-3.62800821e-01	5.79227504e-01	7.23636178e-01	-1.44408673e-01	4.34022425e-01	3.62017190e-01	9.79538191e-04	-4.40353473e-22	9.79538191e-04	-9.79538191e-04
3840            	-1.39522257e-03	3.60883949e-01	-3.62279172e-01	5.78530497e-01	7.22567998e-01	-1.44037501e-01	4.33302749e-01	3.61581561e-01	8.72014104e-04	-4.41411416e-22	8.72014104e-04	-8.72014104e-04
3850            	-9.51078602e-04	3.60438186e-01	-3.61389265e-01	5.77461961e-01	7.21393844e-01	-1.43931884e-01	4.32662864e-01	3.60913725e-01	5.94424126e-04	-4.52831847e-22	5.94424126e-04	-5.94424126e-04
3860            	-7.62386930e-04	3.60240082e-01	-3.61002469e-01	5.76994041e-01	7.20493487e-01	-1.43499446e-01	4.31996467e-01	3.60621276e-01	4.76491831e-04	-4.54944351e-22	4.76491831e-04	-4.76491831e-04
3870            	-4.55652940e-04	3.60297393e-01	-3.60753046e-01	5.76840351e-01	7.20547144e-01	-1.43706793e-01	4.32126968e-01	3.60525220e-01	2.84783087e-04	-4.72843289e-22	2.84783087e-04	-2.84783087e-04
3880            	-5.37025062e-04	3.59663564e-01	-3.60200589e-01	5.75891323e-01	7.19222610e-01	-1.43331287e-01	4.31276949e-01	3.59932077e-01	3.35640663e-04	-4.76123293e-22	3.35640663e-04	-3.35640663e-04
3890            	-5.20748798e-04	3.60340962e-01	-3.60861711e-01	5.76962138e-01	7.20432073e-01	-1.43469935e-01	4.31951004e-01	3.60601337e-01	3.25467999e-04	-4.78774480e-22	3.25467999e-04	-3.25467999e-04
3900            	-9.66768207e-04	3.60598827e-01	-3.61565595e-01	5.77731537e-01	7.21562239e-01	-1.43830702e-01	4.32696470e-01	3.61082211e-01	6.04230129e-04	-4.69028945e-22	6.04230129e-04	-6.04230129e-04
3910            	-1.41771869e-03	3.60374883e-01	-3.61792602e-01	5.77733988e-01	7.21661665e-01	-1.43927677e-01	4.32794671e-01	3.61083742e-01	8.86074182e-04	-4.50838553e-22	8.86074182e-04	-8.86074182e-04
3920            	-1.49600781e-03	3.61312136e-01	-3.62808143e-01	5.79296223e-01	7.23735759e-01	-1.44439536e-01	4.34087648e-01	3.62060139e-01	9.35004879e-04	-4.44136132e-22	9.35004879e-04	-9.35004879e-04
3930            	-1.21186143e-03	3.60801316e-01	-3.62013178e-01	5.78251595e-01	7.22234961e-01	-1.43983366e-01	4.33109163e-01	3.61407247e-01	7.57413392e-04	-4.41572088e-22	7.57413392e-04	-7.57413392e-04
3940            	-8.51745715e-04	3.60698361e-01	-3.61550107e-01	5.77798774e-01	7.21909117e-01	-1.44110342e-01	4.33009729e-01	3.61124234e-01	5.32341072e-04	-4.57165572e-22	5.32341072e-04	-5.32341072e-04
3950            	-6.11736660e-04	3.60607012e-01	-3.61218748e-01	5.77460608e-01	7.21195962e-01	-1.43735354e-01	4.32465658e-01	3.60912880e-01	3.82335412e-04	-4.70603414e-22	3.82335412e-04	-3.82335412e-04
3960            	-4.67805271e-04	3.60022210e-01	-3.60490015e-01	5.76409780e-01	7.19977507e-01	-1.43567727e-01	4.31772617e-01	3.60256112e-01	2.92378294e-04	-4.76301092e-22	2.92378294e-04	-2.92378294e-04
3970            	-7.01195359e-04	3.59954521e-01	-3.60655716e-01	5.76488190e-01	7.19959465e-01	-1.43471275e-01	4.31715370e-01	3.60305119e-01	4.38247099e-04	-4.71966522e-22	4.38247099e-04	-4.38247099e-04
3980            	-9.24062959e-04	3.59539284e-01	-3.60463346e-01	5.76002104e-01	7.19444615e-01	-1.43442511e-01	4.31443563e-01	3.60001315e-01	5.77539349e-04	-4.67492335e-22	5.77539349e-04	-5.77539349e-04
3990            	-1.37497388e-03	3.60066291e-01	-3.61441265e-01	5.77206044e-01	7.20983194e-01	-1.43777150e-01	4.32380172e-01	3.60753778e-01	8.59358677e-04	-4.53019968e-22	8.59358677e-04	-8.59358677e-04
4000            	-1.59376245e-03	3.61081515e-01	-3.62675278e-01	5.79005435e-01	7.23377798e-01	-1.44372363e-01	4.33875081e-01	3.61878397e-01	9.96101534e-04	-4.44945544e-22	9.96101534e-04	-9.96101534e-04
