# Force         
# CofR          : (0.00000000e+00 0.00000000e+00 0.00000000e+00)
#
# Time          	total_x total_y total_z	pressure_x pressure_y pressure_z	viscous_x viscous_y viscous_z
10               -3.88375967e+02 -2.25161043e+03 -5.10250994e-19 -3.93842468e+02 -2.25129434e+03 -5.10207237e-19 5.46650115e+00 -3.16087560e-01 -4.37571464e-23
20               -5.02782092e+01 -8.71957337e+01 1.36213583e-18 -5.89205257e+01 -8.67375054e+01 1.36063922e-18 8.64231644e+00 -4.58228314e-01 1.49660854e-21
30               2.20203366e+01 2.33218967e+02 1.43126307e-18 1.12608898e+01 2.33804470e+02 1.43152502e-18 1.07594468e+01 -5.85502981e-01 -2.61950714e-22
40               2.35972811e+01 2.29453720e+02 1.39902022e-18 1.21560421e+01 2.30093330e+02 1.39866679e-18 1.14412390e+01 -6.39609779e-01 3.53429513e-22
50               2.32485891e+01 2.24202633e+02 1.38960128e-18 1.19291130e+01 2.24838394e+02 1.38856981e-18 1.13194761e+01 -6.35760955e-01 1.03147070e-21
60               2.31180414e+01 2.11687037e+02 1.39828220e-18 1.21951509e+01 2.12301816e+02 1.39783370e-18 1.09228906e+01 -6.14779152e-01 4.48500914e-22
70               2.16331976e+01 1.78642377e+02 1.38181488e-18 1.11530262e+01 1.79234287e+02 1.38189841e-18 1.04801714e+01 -5.91909974e-01 -8.35272404e-23
80               2.14278984e+01 1.71766379e+02 1.38277232e-18 1.13625461e+01 1.72344006e+02 1.38229551e-18 1.00653523e+01 -5.77627739e-01 4.76806949e-22
90               2.74715857e+01 2.67813942e+02 1.49693191e-18 1.77971083e+01 2.68373997e+02 1.49643328e-18 9.67447744e+00 -5.60054606e-01 4.98626794e-22
100              3.79937305e+01 4.18690204e+02 1.60632589e-18 2.86675540e+01 4.19217494e+02 1.60530207e-18 9.32617644e+00 -5.27289149e-01 1.02381405e-21
110              3.77580111e+01 5.50428186e+02 1.55251115e-18 2.87255777e+01 5.50910924e+02 1.55174053e-18 9.03243339e+00 -4.82738196e-01 7.70627750e-22
120              3.34845536e+01 6.28151838e+02 1.43451679e-18 2.47128464e+01 6.28581805e+02 1.43134794e-18 8.77170720e+00 -4.29967369e-01 3.16885050e-21
130              2.80169722e+01 6.95240191e+02 1.32085912e-18 1.94621006e+01 6.95621875e+02 1.31293403e-18 8.55487160e+00 -3.81683627e-01 7.92508920e-21
140              2.16527131e+01 7.38575917e+02 1.13693589e-18 1.32720318e+01 7.38911402e+02 1.13246221e-18 8.38068130e+00 -3.35485314e-01 4.47367239e-21
150              1.66566258e+01 7.78054156e+02 9.75968782e-19 8.40325676e+00 7.78350247e+02 9.77212812e-19 8.25336900e+00 -2.96091218e-01 -1.24403000e-21
160              1.28440590e+01 7.99079676e+02 8.61102645e-19 4.69760091e+00 7.99341985e+02 8.66642006e-19 8.14645810e+00 -2.62309085e-01 -5.53936125e-21
170              9.27678413e+00 8.21313385e+02 7.66682548e-19 1.22237773e+00 8.21546102e+02 7.76987725e-19 8.05440640e+00 -2.32716907e-01 -1.03051769e-20
180              5.28429110e+00 8.34426408e+02 7.14619758e-19 -2.69829451e+00 8.34632021e+02 7.28448728e-19 7.98258561e+00 -2.05612456e-01 -1.38289699e-20
190              3.01528993e+00 8.44358504e+02 6.74632289e-19 -4.91275277e+00 8.44540598e+02 6.89649315e-19 7.92804270e+00 -1.82093722e-01 -1.50170265e-20
200              1.97975029e+00 8.57965575e+02 6.59559107e-19 -5.90171707e+00 8.58125794e+02 6.74612964e-19 7.88146736e+00 -1.60219839e-01 -1.50538569e-20
210              -6.24323757e-01 8.68847841e+02 6.07178244e-19 -8.46030855e+00 8.68987149e+02 6.23500703e-19 7.83598479e+00 -1.39308741e-01 -1.63224593e-20
220              -3.35395585e+00 8.78111322e+02 5.75774474e-19 -1.11384983e+01 8.78230299e+02 5.92534736e-19 7.78454245e+00 -1.18976048e-01 -1.67602622e-20
230              -4.92356269e+00 8.87270766e+02 5.73327046e-19 -1.26585797e+01 8.87371408e+02 5.89167384e-19 7.73501699e+00 -1.00642163e-01 -1.58403382e-20
240              -6.53666089e+00 8.92065375e+02 5.44760245e-19 -1.42227293e+01 8.92149549e+02 5.60192340e-19 7.68606841e+00 -8.41744219e-02 -1.54320953e-20
250              -7.61591910e+00 8.95185260e+02 5.47639310e-19 -1.52534353e+01 8.95254678e+02 5.60793634e-19 7.63751622e+00 -6.94171252e-02 -1.31543241e-20
260              -9.28335058e+00 8.98245482e+02 5.26722213e-19 -1.68729016e+01 8.98303138e+02 5.38319125e-19 7.58955103e+00 -5.76553368e-02 -1.15969123e-20
270              -1.07251555e+01 9.00565007e+02 4.87280340e-19 -1.82702102e+01 9.00609765e+02 4.98521931e-19 7.54505467e+00 -4.47581303e-02 -1.12415910e-20
280              -1.10236615e+01 9.04193854e+02 5.32680272e-19 -1.85260111e+01 9.04227777e+02 5.43867561e-19 7.50234961e+00 -3.39226441e-02 -1.11872890e-20
290              -1.17581266e+01 9.07019438e+02 5.08101141e-19 -1.92206474e+01 9.07045158e+02 5.21963035e-19 7.46252074e+00 -2.57201354e-02 -1.38618938e-20
300              -1.21143608e+01 9.08405960e+02 4.96752800e-19 -1.95370403e+01 9.08423879e+02 5.07898407e-19 7.42267953e+00 -1.79192602e-02 -1.11456064e-20
310              -1.31756125e+01 9.12894321e+02 4.74282199e-19 -2.05588167e+01 9.12905330e+02 4.87334400e-19 7.38320422e+00 -1.10094376e-02 -1.30522012e-20
320              -1.30423963e+01 9.17758239e+02 4.94761379e-19 -2.03918596e+01 9.17761651e+02 5.08882498e-19 7.34946321e+00 -3.41198873e-03 -1.41211193e-20
330              -1.34355052e+01 9.20511381e+02 5.09854867e-19 -2.07492135e+01 9.20508671e+02 5.24795787e-19 7.31370829e+00 2.70997556e-03 -1.49409207e-20
340              -1.40419350e+01 9.22826547e+02 4.79777668e-19 -2.13186619e+01 9.22816335e+02 4.92991076e-19 7.27672697e+00 1.02120230e-02 -1.32134081e-20
350              -1.36626778e+01 9.26072500e+02 4.82782005e-19 -2.09026594e+01 9.26053015e+02 4.97095818e-19 7.23998162e+00 1.94851593e-02 -1.43138128e-20
360              -1.44618822e+01 9.29394857e+02 4.42609883e-19 -2.16674458e+01 9.29367810e+02 4.56312851e-19 7.20556366e+00 2.70469079e-02 -1.37029684e-20
370              -1.51823955e+01 9.31482196e+02 4.62097466e-19 -2.23564694e+01 9.31447081e+02 4.73985404e-19 7.17407389e+00 3.51150326e-02 -1.18879384e-20
380              -1.54941209e+01 9.34972286e+02 4.38223430e-19 -2.26392086e+01 9.34929917e+02 4.51162282e-19 7.14508766e+00 4.23693586e-02 -1.29388517e-20
390              -1.62374353e+01 9.34314276e+02 4.03210395e-19 -2.33571118e+01 9.34266885e+02 4.16835037e-19 7.11967645e+00 4.73907561e-02 -1.36246420e-20
400              -1.69933901e+01 9.37328035e+02 4.30507847e-19 -2.40899508e+01 9.37273050e+02 4.44335668e-19 7.09656075e+00 5.49851690e-02 -1.38278214e-20
410              -1.81009694e+01 9.40485255e+02 3.77454217e-19 -2.51751670e+01 9.40423784e+02 3.89931061e-19 7.07419765e+00 6.14713043e-02 -1.24768443e-20
420              -1.83431006e+01 9.40649621e+02 4.11462323e-19 -2.54012359e+01 9.40583340e+02 4.22254633e-19 7.05813523e+00 6.62803085e-02 -1.07923106e-20
430              -1.85743640e+01 9.38048780e+02 3.88285388e-19 -2.56205419e+01 9.37975736e+02 3.96307274e-19 7.04617783e+00 7.30441137e-02 -8.02188520e-21
440              -1.97651693e+01 9.42282595e+02 3.38079933e-19 -2.68063800e+01 9.42205295e+02 3.44000242e-19 7.04121070e+00 7.73005875e-02 -5.92030840e-21
450              -2.01442603e+01 9.43862392e+02 3.58710110e-19 -2.71818090e+01 9.43780223e+02 3.66360318e-19 7.03754868e+00 8.21697382e-02 -7.65020850e-21
460              -2.05062046e+01 9.43457874e+02 3.99466872e-19 -2.75418578e+01 9.43373276e+02 4.13161464e-19 7.03565324e+00 8.45978923e-02 -1.36945923e-20
470              -2.05874032e+01 9.44670794e+02 4.15983538e-19 -2.76231001e+01 9.44585453e+02 4.29642419e-19 7.03569689e+00 8.53410157e-02 -1.36588807e-20
480              -2.13888980e+01 9.47512827e+02 3.63917146e-19 -2.84224449e+01 9.47427036e+02 3.78522960e-19 7.03354694e+00 8.57909092e-02 -1.46058144e-20
490              -2.14719729e+01 9.41982803e+02 4.20704950e-19 -2.85057297e+01 9.41895630e+02 4.36164855e-19 7.03375678e+00 8.71729687e-02 -1.54599050e-20
500              -2.17098343e+01 9.40714504e+02 4.24896523e-19 -2.87460157e+01 9.40626185e+02 4.39929618e-19 7.03618143e+00 8.83192482e-02 -1.50330952e-20
510              -2.22430665e+01 9.41534909e+02 4.14357610e-19 -2.92874988e+01 9.41443658e+02 4.27600179e-19 7.04443234e+00 9.12507889e-02 -1.32425686e-20
520              -2.20950092e+01 9.33886707e+02 4.48114952e-19 -2.91504477e+01 9.33795398e+02 4.62088562e-19 7.05543852e+00 9.13090270e-02 -1.39736094e-20
530              -2.23725112e+01 9.33982056e+02 4.50131722e-19 -2.94402170e+01 9.33891625e+02 4.61955857e-19 7.06770583e+00 9.04302749e-02 -1.18241351e-20
540              -2.24319176e+01 9.29256448e+02 4.48915128e-19 -2.95111437e+01 9.29166546e+02 4.58288335e-19 7.07922617e+00 8.99022999e-02 -9.37320656e-21
550              -2.22571463e+01 9.30279254e+02 4.43289143e-19 -2.93463308e+01 9.30190721e+02 4.53369600e-19 7.08918444e+00 8.85335550e-02 -1.00804572e-20
560              -2.22695267e+01 9.29553782e+02 4.21989552e-19 -2.93643351e+01 9.29465203e+02 4.30591278e-19 7.09480843e+00 8.85797277e-02 -8.60172601e-21
570              -2.22459407e+01 9.31780947e+02 4.26011609e-19 -2.93489015e+01 9.31692873e+02 4.37388518e-19 7.10296072e+00 8.80733619e-02 -1.13769086e-20
580              -2.18017661e+01 9.26830655e+02 4.20575914e-19 -2.89195333e+01 9.26746525e+02 4.33576261e-19 7.11776716e+00 8.41301054e-02 -1.30003465e-20
590              -2.16154272e+01 9.25620046e+02 3.87827083e-19 -2.87521670e+01 9.25540511e+02 3.98054097e-19 7.13673986e+00 7.95348651e-02 -1.02270137e-20
600              -2.13366589e+01 9.27247415e+02 3.87130098e-19 -2.84941266e+01 9.27172526e+02 3.96102758e-19 7.15746769e+00 7.48892092e-02 -8.97265980e-21
610              -2.08285393e+01 9.22821663e+02 3.45151955e-19 -2.80125711e+01 9.22751834e+02 3.55502531e-19 7.18403180e+00 6.98297068e-02 -1.03505755e-20
620              -2.10153480e+01 9.19234312e+02 3.16227732e-19 -2.82321534e+01 9.19171860e+02 3.29519744e-19 7.21680540e+00 6.24526166e-02 -1.32920117e-20
630              -2.12427433e+01 8.95622173e+02 3.88713468e-19 -2.85035285e+01 8.95560626e+02 4.01318439e-19 7.26078514e+00 6.15472064e-02 -1.26049713e-20
640              -2.36592943e+01 8.61090336e+02 3.90823682e-19 -3.09822932e+01 8.61037303e+02 4.07333352e-19 7.32299888e+00 5.30333798e-02 -1.65096707e-20
650              -2.34481745e+01 8.61215179e+02 3.83920204e-19 -3.08397041e+01 8.61169006e+02 4.00327874e-19 7.39152957e+00 4.61737583e-02 -1.64076703e-20
660              -2.34800602e+01 8.62724101e+02 3.90720276e-19 -3.09020818e+01 8.62681956e+02 4.04733799e-19 7.42202160e+00 4.21454406e-02 -1.40135227e-20
670              -2.32851090e+01 8.63373690e+02 3.89928495e-19 -3.07258635e+01 8.63332375e+02 4.05890168e-19 7.44075448e+00 4.13151806e-02 -1.59616722e-20
680              -2.38884052e+01 8.67526727e+02 3.59133296e-19 -3.13521179e+01 8.67490123e+02 3.74688253e-19 7.46371265e+00 3.66045995e-02 -1.55549570e-20
690              -2.26637760e+01 8.63205912e+02 4.11816070e-19 -3.01497799e+01 8.63173875e+02 4.28023165e-19 7.48600390e+00 3.20371368e-02 -1.62070952e-20
700              -2.38440355e+01 8.65503534e+02 3.62301164e-19 -3.13506981e+01 8.65477302e+02 3.78820157e-19 7.50666253e+00 2.62320566e-02 -1.65189924e-20
710              -2.31771059e+01 8.66195226e+02 4.18120621e-19 -3.07034990e+01 8.66173943e+02 4.34284764e-19 7.52639311e+00 2.12834422e-02 -1.61641434e-20
720              -2.28079237e+01 8.64332043e+02 3.98965946e-19 -3.03534176e+01 8.64314442e+02 4.15915064e-19 7.54549387e+00 1.76008017e-02 -1.69491184e-20
730              -2.27197166e+01 8.65149650e+02 4.01765487e-19 -3.02849801e+01 8.65137179e+02 4.18390519e-19 7.56526350e+00 1.24712685e-02 -1.66250320e-20
740              -2.22192325e+01 8.63412030e+02 4.26706109e-19 -2.98038123e+01 8.63404427e+02 4.43904745e-19 7.58457981e+00 7.60294562e-03 -1.71986361e-20
750              -2.27829192e+01 8.65129201e+02 3.96976356e-19 -3.03855015e+01 8.65125699e+02 4.13602160e-19 7.60258229e+00 3.50173523e-03 -1.66258040e-20
760              -2.24657996e+01 8.63844828e+02 4.33651000e-19 -3.00861722e+01 8.63847242e+02 4.49836236e-19 7.62037254e+00 -2.41367291e-03 -1.61852353e-20
770              -2.21485767e+01 8.66604684e+02 4.12613961e-19 -2.97862600e+01 8.66610856e+02 4.29324867e-19 7.63768334e+00 -6.17202628e-03 -1.67109054e-20
780              -2.20784796e+01 8.65125474e+02 4.25277623e-19 -2.97336817e+01 8.65136534e+02 4.41523371e-19 7.65520205e+00 -1.10607938e-02 -1.62457482e-20
790              -2.21873215e+01 8.69926691e+02 4.23045722e-19 -2.98586436e+01 8.69941943e+02 4.39902132e-19 7.67132208e+00 -1.52525645e-02 -1.68564100e-20
800              -2.26816469e+01 8.72891486e+02 4.15490435e-19 -3.03685318e+01 8.72910904e+02 4.32186758e-19 7.68688495e+00 -1.94179735e-02 -1.66963230e-20
810              -2.20282589e+01 8.74815110e+02 4.18848707e-19 -2.97309899e+01 8.74838311e+02 4.35935947e-19 7.70273101e+00 -2.32010989e-02 -1.70872397e-20
820              -2.26644668e+01 8.78602388e+02 4.15697078e-19 -3.03831256e+01 8.78629445e+02 4.33236780e-19 7.71865883e+00 -2.70572113e-02 -1.75397019e-20
830              -2.23282915e+01 8.81459868e+02 4.32981378e-19 -3.00618580e+01 8.81490064e+02 4.50216453e-19 7.73356651e+00 -3.01959014e-02 -1.72350751e-20
840              -2.22787881e+01 8.83319983e+02 4.49507425e-19 -3.00277344e+01 8.83354048e+02 4.66726630e-19 7.74894625e+00 -3.40657470e-02 -1.72192043e-20
850              -2.16809580e+01 8.84966004e+02 4.42798531e-19 -2.94451505e+01 8.85002549e+02 4.60227100e-19 7.76419254e+00 -3.65447280e-02 -1.74285688e-20
860              -2.23510017e+01 8.89761739e+02 4.20048292e-19 -3.01302816e+01 8.89801714e+02 4.37846184e-19 7.77927988e+00 -3.99746397e-02 -1.77978916e-20
870              -2.22072255e+01 8.93829685e+02 4.14490439e-19 -3.00012967e+01 8.93873210e+02 4.32247736e-19 7.79407123e+00 -4.35249422e-02 -1.77572975e-20
880              -2.19886200e+01 8.97033817e+02 4.24553096e-19 -2.97968598e+01 8.97081180e+02 4.42389202e-19 7.80823975e+00 -4.73637127e-02 -1.78361061e-20
890              -2.21073492e+01 9.02941097e+02 4.20498225e-19 -2.99288479e+01 9.02991379e+02 4.38272519e-19 7.82149869e+00 -5.02814196e-02 -1.77742941e-20
900              -2.20366073e+01 9.07583478e+02 4.10668172e-19 -2.98710546e+01 9.07637035e+02 4.27748560e-19 7.83444733e+00 -5.35568985e-02 -1.70803888e-20
910              -2.22365232e+01 9.11664728e+02 4.28057565e-19 -3.00828832e+01 9.11720825e+02 4.44113091e-19 7.84635999e+00 -5.60968558e-02 -1.60555263e-20
920              -2.20568553e+01 9.15039613e+02 3.92346905e-19 -2.99154937e+01 9.15097356e+02 4.08678000e-19 7.85863842e+00 -5.77429603e-02 -1.63310944e-20
930              -2.21131585e+01 9.20697985e+02 3.92054444e-19 -2.99833738e+01 9.20757315e+02 4.07534760e-19 7.87021527e+00 -5.93295902e-02 -1.54803169e-20
940              -2.19485025e+01 9.24117487e+02 4.03943799e-19 -2.98291203e+01 9.24179323e+02 4.19747296e-19 7.88061780e+00 -6.18369053e-02 -1.58034979e-20
950              -2.24940394e+01 9.27430138e+02 3.58957195e-19 -3.03834729e+01 9.27493242e+02 3.73738274e-19 7.88943355e+00 -6.31045174e-02 -1.47810790e-20
960              -2.24989648e+01 9.32469730e+02 4.15570617e-19 -3.03978556e+01 9.32535464e+02 4.29506457e-19 7.89889085e+00 -6.57345187e-02 -1.39358400e-20
970              -2.25308680e+01 9.35757328e+02 4.06914369e-19 -3.04376208e+01 9.35824418e+02 4.20771481e-19 7.90675277e+00 -6.70897389e-02 -1.38571121e-20
980              -2.26856163e+01 9.38779540e+02 3.74913693e-19 -3.06004869e+01 9.38847562e+02 3.88247615e-19 7.91487059e+00 -6.80215774e-02 -1.33339225e-20
990              -2.27557313e+01 9.42216810e+02 3.91247547e-19 -3.06793090e+01 9.42286077e+02 4.04813281e-19 7.92357769e+00 -6.92667230e-02 -1.35657339e-20
1000             -2.30065868e+01 9.46639013e+02 3.68936597e-19 -3.09374184e+01 9.46709036e+02 3.82239892e-19 7.93083153e+00 -7.00231211e-02 -1.33032946e-20
1010             -2.30772572e+01 9.51258435e+02 3.71801975e-19 -3.10150170e+01 9.51330303e+02 3.84542781e-19 7.93775975e+00 -7.18676969e-02 -1.27408057e-20
1020             -2.30338614e+01 9.52419066e+02 3.67634383e-19 -3.09773442e+01 9.52492842e+02 3.79939284e-19 7.94348283e+00 -7.37762015e-02 -1.23049007e-20
1030             -2.35140602e+01 9.59065015e+02 3.49817843e-19 -3.14622549e+01 9.59139456e+02 3.62079466e-19 7.94819464e+00 -7.44413813e-02 -1.22616231e-20
1040             -2.31878012e+01 9.59396537e+02 3.46520927e-19 -3.11412197e+01 9.59473622e+02 3.57890640e-19 7.95341851e+00 -7.70850045e-02 -1.13697130e-20
1050             -2.39879141e+01 9.64076917e+02 3.57946207e-19 -3.19447915e+01 9.64154727e+02 3.67939245e-19 7.95687745e+00 -7.78094558e-02 -9.99303810e-21
1060             -2.39449999e+01 9.69716822e+02 3.14136714e-19 -3.19056687e+01 9.69794578e+02 3.25006143e-19 7.96066877e+00 -7.77560846e-02 -1.08694294e-20
1070             -2.42442639e+01 9.70772936e+02 3.47374905e-19 -3.22085904e+01 9.70852318e+02 3.57261539e-19 7.96432650e+00 -7.93820045e-02 -9.88663399e-21
1080             -2.42304332e+01 9.75320000e+02 3.25607124e-19 -3.21976981e+01 9.75399686e+02 3.34928218e-19 7.96726491e+00 -7.96855257e-02 -9.32109444e-21
1090             -2.42554276e+01 9.77240976e+02 3.16060791e-19 -3.22256234e+01 9.77322492e+02 3.24773392e-19 7.97019576e+00 -8.15165130e-02 -8.71260103e-21
1100             -2.42453520e+01 9.79462870e+02 3.34578331e-19 -3.22182411e+01 9.79545508e+02 3.42712991e-19 7.97288919e+00 -8.26384869e-02 -8.13466051e-21
1110             -2.50249280e+01 9.86563690e+02 2.71792173e-19 -3.29999342e+01 9.86647005e+02 2.79142589e-19 7.97500615e+00 -8.33144304e-02 -7.35041578e-21
1120             -2.48550841e+01 9.86076946e+02 3.22434201e-19 -3.28324652e+01 9.86161039e+02 3.28815631e-19 7.97738106e+00 -8.40923775e-02 -6.38143011e-21
1130             -2.53892452e+01 9.86733463e+02 2.63609892e-19 -3.33671807e+01 9.86818212e+02 2.68071619e-19 7.97793558e+00 -8.47493845e-02 -4.46172624e-21
1140             -2.48209352e+01 9.94351411e+02 3.17167574e-19 -3.27989420e+01 9.94435726e+02 3.24812372e-19 7.97800672e+00 -8.43150654e-02 -7.64479837e-21
1150             -2.51472112e+01 9.91935349e+02 2.82984049e-19 -3.31262288e+01 9.92021280e+02 2.95382496e-19 7.97901754e+00 -8.59307864e-02 -1.23984474e-20
1160             -2.54272014e+01 1.00098953e+03 2.96154518e-19 -3.34057144e+01 1.00107613e+03 3.08702103e-19 7.97851302e+00 -8.65984659e-02 -1.25475854e-20
1170             -2.56564264e+01 1.00014178e+03 3.25449189e-19 -3.36332242e+01 1.00023082e+03 3.35970999e-19 7.97679779e+00 -8.90454537e-02 -1.05218102e-20
1180             -2.63909726e+01 1.00183516e+03 2.83126696e-19 -3.43660861e+01 1.00192511e+03 2.92520180e-19 7.97511351e+00 -8.99430058e-02 -9.39348407e-21
1190             -2.60581120e+01 1.00773517e+03 2.80610750e-19 -3.40324456e+01 1.00782587e+03 2.89209937e-19 7.97433353e+00 -9.07031117e-02 -8.59918704e-21
1200             -2.60170318e+01 1.00429166e+03 2.82812678e-19 -3.39901850e+01 1.00438209e+03 2.92510143e-19 7.97315319e+00 -9.04230441e-02 -9.69746472e-21
1210             -2.65571617e+01 1.00858991e+03 2.87150382e-19 -3.45305720e+01 1.00868042e+03 2.96961469e-19 7.97341032e+00 -9.05019605e-02 -9.81108792e-21
1220             -2.64778326e+01 1.01395850e+03 2.82774814e-19 -3.44503327e+01 1.01404878e+03 2.91910511e-19 7.97250005e+00 -9.02827262e-02 -9.13569702e-21
1230             -2.64079649e+01 1.01373605e+03 2.83059795e-19 -3.43795423e+01 1.01382543e+03 2.88646570e-19 7.97157735e+00 -8.93799276e-02 -5.58677472e-21
1240             -2.71233310e+01 1.01649439e+03 2.80833794e-19 -3.50932681e+01 1.01658427e+03 2.86468947e-19 7.96993719e+00 -8.98738348e-02 -5.63515297e-21
1250             -2.70433007e+01 1.01639537e+03 2.68397846e-19 -3.50119733e+01 1.01648512e+03 2.75006345e-19 7.96867256e+00 -8.97552057e-02 -6.60849918e-21
1260             -2.67475610e+01 1.02001132e+03 2.61962034e-19 -3.47142545e+01 1.02009951e+03 2.68101275e-19 7.96669346e+00 -8.81856655e-02 -6.13924100e-21
1270             -2.71985529e+01 1.02104821e+03 2.57253432e-19 -3.51643637e+01 1.02113652e+03 2.63518961e-19 7.96581074e+00 -8.83091975e-02 -6.26552911e-21
1280             -2.71623680e+01 1.02214548e+03 2.55910067e-19 -3.51265112e+01 1.02223426e+03 2.61651664e-19 7.96414321e+00 -8.87800821e-02 -5.74159747e-21
1290             -2.73953009e+01 1.02144769e+03 2.36461374e-19 -3.53579295e+01 1.02153622e+03 2.40819645e-19 7.96262854e+00 -8.85275957e-02 -4.35827088e-21
1300             -2.74725115e+01 1.02475625e+03 2.70611928e-19 -3.54336826e+01 1.02484517e+03 2.74778701e-19 7.96117110e+00 -8.89218515e-02 -4.16677302e-21
1310             -2.78476954e+01 1.02709680e+03 2.34896765e-19 -3.58065587e+01 1.02718563e+03 2.38132093e-19 7.95886324e+00 -8.88354605e-02 -3.23532753e-21
1320             -2.73407907e+01 1.02702312e+03 2.51138475e-19 -3.52969020e+01 1.02711295e+03 2.53384003e-19 7.95611131e+00 -8.98279095e-02 -2.24552833e-21
1330             -2.80487876e+01 1.03125266e+03 2.50858410e-19 -3.60024453e+01 1.03134198e+03 2.52275166e-19 7.95365777e+00 -8.93185569e-02 -1.41675529e-21
1340             -2.79936195e+01 1.03049674e+03 2.22623066e-19 -3.59450407e+01 1.03058539e+03 2.21969800e-19 7.95142119e+00 -8.86489685e-02 6.53266331e-22
1350             -2.78527758e+01 1.03081673e+03 2.50700241e-19 -3.58020203e+01 1.03090584e+03 2.52988390e-19 7.94924445e+00 -8.91048830e-02 -2.28814876e-21
1360             -2.78598830e+01 1.03144247e+03 2.22200691e-19 -3.58062056e+01 1.03153124e+03 2.25710409e-19 7.94632260e+00 -8.87672438e-02 -3.50971824e-21
1370             -2.83027024e+01 1.03307365e+03 2.14683625e-19 -3.62479529e+01 1.03316217e+03 2.14882095e-19 7.94525051e+00 -8.85211810e-02 -1.98469510e-22
1380             -2.83019401e+01 1.03313373e+03 2.36475866e-19 -3.62464426e+01 1.03322259e+03 2.37187466e-19 7.94450250e+00 -8.88675273e-02 -7.11600594e-22
1390             -2.80659753e+01 1.03328114e+03 2.32340193e-19 -3.60082102e+01 1.03337027e+03 2.33392947e-19 7.94223488e+00 -8.91306935e-02 -1.05275406e-21
1400             -2.84360771e+01 1.03621927e+03 2.48671364e-19 -3.63771660e+01 1.03630846e+03 2.48024874e-19 7.94108892e+00 -8.91892089e-02 6.46489239e-22
1410             -2.82514111e+01 1.03549203e+03 2.38564884e-19 -3.61905016e+01 1.03558091e+03 2.40971100e-19 7.93909050e+00 -8.88804764e-02 -2.40621631e-21
1420             -2.88444381e+01 1.03858605e+03 2.24144263e-19 -3.67818233e+01 1.03867547e+03 2.28043216e-19 7.93738519e+00 -8.94262763e-02 -3.89895264e-21
1430             -2.83095594e+01 1.03887006e+03 2.36586780e-19 -3.62436181e+01 1.03895854e+03 2.37709677e-19 7.93405872e+00 -8.84739593e-02 -1.12289707e-21
1440             -2.90064960e+01 1.03868651e+03 2.34594023e-19 -3.69379920e+01 1.03877453e+03 2.37779716e-19 7.93149595e+00 -8.80171411e-02 -3.18569349e-21
1450             -2.88140774e+01 1.04016502e+03 2.40180959e-19 -3.67424848e+01 1.04025362e+03 2.40056088e-19 7.92840744e+00 -8.86027961e-02 1.24871500e-22
1460             -2.94922424e+01 1.03974077e+03 2.18309732e-19 -3.74179866e+01 1.03982896e+03 2.18727377e-19 7.92574420e+00 -8.81829156e-02 -4.17645512e-22
1470             -2.88717839e+01 1.04018664e+03 2.11039008e-19 -3.67944724e+01 1.04027418e+03 2.11657242e-19 7.92268843e+00 -8.75396545e-02 -6.18234077e-22
1480             -2.92756837e+01 1.04022487e+03 2.34600458e-19 -3.71974678e+01 1.04031182e+03 2.37448009e-19 7.92178404e+00 -8.69540807e-02 -2.84755105e-21
1490             -2.90123451e+01 1.03720634e+03 2.10615005e-19 -3.69319387e+01 1.03729452e+03 2.13068591e-19 7.91959358e+00 -8.81807246e-02 -2.45358603e-21
1500             -2.91485636e+01 1.04072573e+03 1.94605763e-19 -3.70662429e+01 1.04081323e+03 1.94758962e-19 7.91767923e+00 -8.75003106e-02 -1.53199569e-22
1510             -2.91511585e+01 1.04046858e+03 2.34046882e-19 -3.70681111e+01 1.04055562e+03 2.34776754e-19 7.91695264e+00 -8.70395312e-02 -7.29872337e-22
1520             -2.92638872e+01 1.04139695e+03 2.16513465e-19 -3.71801011e+01 1.04148404e+03 2.17022060e-19 7.91621385e+00 -8.70867841e-02 -5.08594785e-22
1530             -2.90056135e+01 1.03916182e+03 2.05610918e-19 -3.69211876e+01 1.03924905e+03 2.08477296e-19 7.91557411e+00 -8.72371885e-02 -2.86637743e-21
1540             -2.89196325e+01 1.04102535e+03 2.29461333e-19 -3.68351138e+01 1.04111331e+03 2.29103760e-19 7.91548128e+00 -8.79604486e-02 3.57573543e-22
1550             -2.93017503e+01 1.04149402e+03 2.12465389e-19 -3.72180892e+01 1.04158224e+03 2.12190033e-19 7.91633890e+00 -8.82160735e-02 2.75356603e-22
1560             -2.94476694e+01 1.04190583e+03 2.44818927e-19 -3.73644356e+01 1.04199441e+03 2.43585467e-19 7.91676626e+00 -8.85761284e-02 1.23346030e-21
1570             -2.90908821e+01 1.03949988e+03 2.02560748e-19 -3.70086528e+01 1.03958894e+03 2.03387492e-19 7.91777068e+00 -8.90586359e-02 -8.26744557e-22
1580             -2.95465573e+01 1.04042100e+03 2.34561699e-19 -3.74654242e+01 1.04050990e+03 2.35870055e-19 7.91886684e+00 -8.89052830e-02 -1.30835646e-21
1590             -2.93007741e+01 1.04205148e+03 2.22842050e-19 -3.72201652e+01 1.04214143e+03 2.23066539e-19 7.91939107e+00 -8.99404869e-02 -2.24488212e-22
1600             -2.99121291e+01 1.04429277e+03 2.07335578e-19 -3.78317414e+01 1.04438208e+03 2.07194192e-19 7.91961236e+00 -8.93036265e-02 1.41386082e-22
1610             -2.90687267e+01 1.04115949e+03 2.20623387e-19 -3.69892795e+01 1.04125000e+03 2.19648153e-19 7.92055277e+00 -9.05086102e-02 9.75234071e-22
1620             -2.96187605e+01 1.03895898e+03 2.04070167e-19 -3.75402267e+01 1.03904998e+03 2.04891891e-19 7.92146626e+00 -9.10008202e-02 -8.21723903e-22
1630             -2.92499007e+01 1.04235793e+03 2.15693455e-19 -3.71716050e+01 1.04244974e+03 2.14591465e-19 7.92170437e+00 -9.18097368e-02 1.10199018e-21
1640             -2.96127123e+01 1.04193953e+03 2.03323170e-19 -3.75348544e+01 1.04203163e+03 2.05116491e-19 7.92214210e+00 -9.20945317e-02 -1.79332132e-21
1650             -2.89610487e+01 1.04369460e+03 2.53122392e-19 -3.68843620e+01 1.04378654e+03 2.53812620e-19 7.92331330e+00 -9.19380786e-02 -6.90228086e-22
1660             -3.00560394e+01 1.04536836e+03 2.11067829e-19 -3.79805867e+01 1.04546124e+03 2.10416172e-19 7.92454732e+00 -9.28856085e-02 6.51657198e-22
1670             -2.93199859e+01 1.04227438e+03 2.14089076e-19 -3.72453734e+01 1.04236719e+03 2.14086868e-19 7.92538754e+00 -9.28131455e-02 2.20718856e-24
1680             -2.99489956e+01 1.04347529e+03 1.87222073e-19 -3.78759611e+01 1.04356867e+03 1.88277731e-19 7.92696552e+00 -9.33856166e-02 -1.05565802e-21
1690             -2.97582213e+01 1.04483916e+03 2.16954717e-19 -3.76855415e+01 1.04493235e+03 2.14284541e-19 7.92732014e+00 -9.31876164e-02 2.67017615e-21
1700             -2.93720826e+01 1.04272745e+03 2.13062797e-19 -3.73007634e+01 1.04282042e+03 2.12675992e-19 7.92868075e+00 -9.29683347e-02 3.86804922e-22
1710             -3.00709057e+01 1.04545357e+03 2.11209331e-19 -3.80010861e+01 1.04554815e+03 2.10467255e-19 7.93018043e+00 -9.45781726e-02 7.42076620e-22
1720             -2.95358805e+01 1.04187493e+03 1.93259737e-19 -3.74669944e+01 1.04196956e+03 1.93327797e-19 7.93111387e+00 -9.46271289e-02 -6.80602063e-23
1730             -2.98166801e+01 1.04267767e+03 2.27328238e-19 -3.77487860e+01 1.04277328e+03 2.28179649e-19 7.93210591e+00 -9.56056880e-02 -8.51411029e-22
1740             -2.94777904e+01 1.04440055e+03 2.06991303e-19 -3.74104076e+01 1.04449630e+03 2.07276370e-19 7.93261714e+00 -9.57481433e-02 -2.85067204e-22
1750             -2.97641383e+01 1.04600062e+03 2.01116065e-19 -3.76979197e+01 1.04609635e+03 2.00711341e-19 7.93378137e+00 -9.57294697e-02 4.04723851e-22
1760             -2.94408432e+01 1.04375538e+03 2.34197845e-19 -3.73759479e+01 1.04385188e+03 2.33759945e-19 7.93510474e+00 -9.65014534e-02 4.37900585e-22
1770             -2.92145105e+01 1.04316216e+03 2.01329049e-19 -3.71499693e+01 1.04325824e+03 2.00649051e-19 7.93545886e+00 -9.60786717e-02 6.79997286e-22
1780             -2.97470971e+01 1.04474530e+03 2.14043046e-19 -3.76838536e+01 1.04484240e+03 2.15961128e-19 7.93675643e+00 -9.70952255e-02 -1.91808203e-21
1790             -2.98096300e+01 1.04618601e+03 2.15486764e-19 -3.77470122e+01 1.04628354e+03 2.14622832e-19 7.93738225e+00 -9.75356718e-02 8.63931325e-22
1800             -2.97888280e+01 1.04585778e+03 2.00481679e-19 -3.77266032e+01 1.04595523e+03 1.98177810e-19 7.93777526e+00 -9.74414716e-02 2.30386901e-21
1810             -2.96747480e+01 1.04447024e+03 2.21163570e-19 -3.76140475e+01 1.04456753e+03 2.23554080e-19 7.93929950e+00 -9.72908598e-02 -2.39051012e-21
1820             -2.98045766e+01 1.04514436e+03 2.01633896e-19 -3.77446260e+01 1.04524326e+03 2.00281215e-19 7.94004945e+00 -9.89028972e-02 1.35268092e-21
1830             -2.98040698e+01 1.04592321e+03 2.29198267e-19 -3.77453225e+01 1.04602226e+03 2.28709602e-19 7.94125275e+00 -9.90494279e-02 4.88664923e-22
1840             -2.99526955e+01 1.04754057e+03 2.21505973e-19 -3.78952653e+01 1.04764011e+03 2.20166188e-19 7.94256981e+00 -9.95418496e-02 1.33978532e-21
1850             -2.95914180e+01 1.04580804e+03 2.01818372e-19 -3.75357875e+01 1.04590717e+03 2.01164046e-19 7.94436947e+00 -9.91303627e-02 6.54325738e-22
1860             -2.98971354e+01 1.04576587e+03 1.94420851e-19 -3.78435946e+01 1.04586601e+03 1.95362926e-19 7.94645923e+00 -1.00145876e-01 -9.42075615e-22
1870             -2.96626907e+01 1.04775250e+03 2.15475990e-19 -3.76103206e+01 1.04785253e+03 2.14650003e-19 7.94762990e+00 -1.00035933e-01 8.25987122e-22
1880             -2.95761449e+01 1.04615289e+03 2.36181680e-19 -3.75257337e+01 1.04625331e+03 2.36176876e-19 7.94958885e+00 -1.00411959e-01 4.80422320e-24
1890             -2.98854162e+01 1.04734027e+03 1.95280985e-19 -3.78361550e+01 1.04744070e+03 1.94732543e-19 7.95073875e+00 -1.00432293e-01 5.48442112e-22
1900             -2.97149357e+01 1.04665201e+03 1.95633058e-19 -3.76670797e+01 1.04675314e+03 1.95088359e-19 7.95214407e+00 -1.01125193e-01 5.44698947e-22
1910             -3.03259211e+01 1.04693811e+03 1.93513256e-19 -3.82789012e+01 1.04703941e+03 1.90889537e-19 7.95298013e+00 -1.01300046e-01 2.62371888e-21
1920             -2.96283669e+01 1.04805174e+03 2.07383964e-19 -3.75824405e+01 1.04815327e+03 2.06891311e-19 7.95407354e+00 -1.01529460e-01 4.92652771e-22
1930             -2.98909397e+01 1.04608173e+03 1.89571585e-19 -3.78453987e+01 1.04618426e+03 1.90685250e-19 7.95445901e+00 -1.02525813e-01 -1.11366548e-21
1940             -2.99190700e+01 1.05077327e+03 2.11076361e-19 -3.78740046e+01 1.05087486e+03 2.10574406e-19 7.95493464e+00 -1.01582727e-01 5.01955271e-22
1950             -2.96300265e+01 1.04828620e+03 1.88262977e-19 -3.75851913e+01 1.04838777e+03 1.87858713e-19 7.95516482e+00 -1.01572131e-01 4.04264570e-22
1960             -2.97745325e+01 1.04806163e+03 2.18189733e-19 -3.77304639e+01 1.04816377e+03 2.18203821e-19 7.95593139e+00 -1.02139253e-01 -1.40878943e-23
1970             -2.96984441e+01 1.04850932e+03 1.79906650e-19 -3.76542887e+01 1.04861155e+03 1.76369289e-19 7.95584459e+00 -1.02233835e-01 3.53736103e-21
1980             -3.05325368e+01 1.05341227e+03 2.11262138e-19 -3.84891271e+01 1.05351473e+03 2.10637929e-19 7.95659034e+00 -1.02464623e-01 6.24209016e-22
1990             -2.94931344e+01 1.05097613e+03 2.28475471e-19 -3.74500025e+01 1.05107917e+03 2.28059768e-19 7.95686812e+00 -1.03044166e-01 4.15703016e-22
2000             -2.93666959e+01 1.04943600e+03 1.94754434e-19 -3.73240932e+01 1.04953889e+03 1.93799948e-19 7.95739732e+00 -1.02889083e-01 9.54485934e-22
2010             -2.95728527e+01 1.04849806e+03 2.20025245e-19 -3.75314010e+01 1.04860150e+03 2.19866267e-19 7.95854824e+00 -1.03447118e-01 1.58977967e-22
2020             -2.98037506e+01 1.05122993e+03 2.00726740e-19 -3.77623252e+01 1.05133341e+03 1.99734520e-19 7.95857459e+00 -1.03479604e-01 9.92219148e-22
2030             -2.98202855e+01 1.05146809e+03 1.97793557e-19 -3.77790425e+01 1.05157166e+03 1.96662562e-19 7.95875704e+00 -1.03570832e-01 1.13099493e-21
2040             -2.99776856e+01 1.05309318e+03 2.28923836e-19 -3.79370926e+01 1.05319557e+03 2.27989746e-19 7.95940692e+00 -1.02392897e-01 9.34089989e-22
2050             -3.02517502e+01 1.05366273e+03 2.08381473e-19 -3.82118147e+01 1.05376632e+03 2.03169134e-19 7.96006450e+00 -1.03589796e-01 5.21233969e-21
2060             -2.96650327e+01 1.05160267e+03 1.96341307e-19 -3.76256327e+01 1.05170576e+03 1.93703523e-19 7.96059996e+00 -1.03092225e-01 2.63778425e-21
2070             -3.00427383e+01 1.05278339e+03 2.23001961e-19 -3.80046648e+01 1.05288632e+03 2.23736776e-19 7.96192651e+00 -1.02930754e-01 -7.34814832e-22
2080             -2.98581240e+01 1.05212517e+03 1.90208306e-19 -3.78209302e+01 1.05222931e+03 1.87130906e-19 7.96280628e+00 -1.04138804e-01 3.07739926e-21
2090             -3.03953678e+01 1.05362153e+03 2.07769332e-19 -3.83586803e+01 1.05372531e+03 2.04729118e-19 7.96331248e+00 -1.03779470e-01 3.04021415e-21
2100             -3.01015182e+01 1.05409550e+03 1.94975754e-19 -3.80653925e+01 1.05419987e+03 1.94048785e-19 7.96387432e+00 -1.04364274e-01 9.26969341e-22
2110             -3.05428877e+01 1.05606552e+03 1.98647482e-19 -3.85060076e+01 1.05616930e+03 1.94545680e-19 7.96311985e+00 -1.03783415e-01 4.10180182e-21
2120             -2.98163250e+01 1.05466051e+03 2.00962051e-19 -3.77797216e+01 1.05476454e+03 1.97873533e-19 7.96339660e+00 -1.04026378e-01 3.08851865e-21
2130             -3.01806213e+01 1.05371016e+03 2.16299661e-19 -3.81441021e+01 1.05381493e+03 2.15606104e-19 7.96348074e+00 -1.04768996e-01 6.93556469e-22
2140             -2.97117852e+01 1.05409739e+03 2.00730036e-19 -3.76749181e+01 1.05420220e+03 1.97593374e-19 7.96313291e+00 -1.04808702e-01 3.13666185e-21
2150             -3.01787671e+01 1.05434567e+03 1.95342384e-19 -3.81416472e+01 1.05444984e+03 1.92125185e-19 7.96288003e+00 -1.04168112e-01 3.21719848e-21
2160             -3.03336374e+01 1.05684380e+03 2.02794889e-19 -3.82965783e+01 1.05694864e+03 2.01845590e-19 7.96294096e+00 -1.04834951e-01 9.49299411e-22
2170             -2.99753177e+01 1.05519884e+03 2.01973410e-19 -3.79378125e+01 1.05530476e+03 1.97935602e-19 7.96249475e+00 -1.05918301e-01 4.03780872e-21
2180             -3.07426763e+01 1.05633385e+03 1.62168560e-19 -3.87040830e+01 1.05643827e+03 1.55835525e-19 7.96140676e+00 -1.04424873e-01 6.33303493e-21
2190             -3.05071217e+01 1.05725737e+03 1.97207168e-19 -3.84677402e+01 1.05736185e+03 1.90291227e-19 7.96061856e+00 -1.04482402e-01 6.91594171e-21
2200             -3.04140334e+01 1.05688414e+03 2.02519532e-19 -3.83739182e+01 1.05698886e+03 2.01822261e-19 7.95988479e+00 -1.04723728e-01 6.97271078e-22
2210             -3.07024290e+01 1.05497719e+03 1.60626819e-19 -3.86615264e+01 1.05508473e+03 1.70504067e-19 7.95909744e+00 -1.07544665e-01 -9.87724803e-21
2220             -3.01875614e+01 1.05801399e+03 2.24243458e-19 -3.81456739e+01 1.05812326e+03 2.39791938e-19 7.95811254e+00 -1.09266326e-01 -1.55484801e-20
2230             -3.00567725e+01 1.05545845e+03 1.89450214e-19 -3.80136424e+01 1.05556944e+03 2.04399594e-19 7.95686987e+00 -1.10995047e-01 -1.49493802e-20
2240             -2.98791182e+01 1.05545059e+03 2.17460530e-19 -3.78349564e+01 1.05556308e+03 2.33332091e-19 7.95583820e+00 -1.12487949e-01 -1.58715601e-20
2250             -3.05074154e+01 1.05760715e+03 2.03377168e-19 -3.84625280e+01 1.05772022e+03 2.19612822e-19 7.95511269e+00 -1.13071132e-01 -1.62356538e-20
2260             -3.05395433e+01 1.05799512e+03 1.98674804e-19 -3.84925579e+01 1.05810943e+03 2.12110993e-19 7.95301459e+00 -1.14311121e-01 -1.34361889e-20
2270             -2.99663789e+01 1.05583361e+03 2.00574782e-19 -3.79159206e+01 1.05594717e+03 2.14801257e-19 7.94954169e+00 -1.13557342e-01 -1.42264743e-20
2280             -3.02651554e+01 1.05800181e+03 1.95524805e-19 -3.82116755e+01 1.05811607e+03 2.04800561e-19 7.94652011e+00 -1.14260127e-01 -9.27575562e-21
2290             -3.06755208e+01 1.05919954e+03 2.00156204e-19 -3.86189542e+01 1.05931356e+03 2.11123785e-19 7.94343347e+00 -1.14016066e-01 -1.09675807e-20
2300             -3.00713122e+01 1.05774020e+03 1.67984791e-19 -3.80118056e+01 1.05785377e+03 1.71699289e-19 7.94049346e+00 -1.13567784e-01 -3.71449748e-21
2310             -3.01374831e+01 1.05624976e+03 2.02074775e-19 -3.80766283e+01 1.05635944e+03 1.99592440e-19 7.93914516e+00 -1.09681070e-01 2.48233520e-21
2320             -3.06127687e+01 1.05993754e+03 1.86085519e-19 -3.85530043e+01 1.06004568e+03 1.93457755e-19 7.94023561e+00 -1.08138455e-01 -7.37223581e-21
2330             -3.05218501e+01 1.05796007e+03 1.80561781e-19 -3.84616647e+01 1.05806930e+03 1.94885014e-19 7.93981461e+00 -1.09229976e-01 -1.43232323e-20
2340             -3.04051958e+01 1.05897764e+03 2.23638670e-19 -3.83439117e+01 1.05908784e+03 2.37840680e-19 7.93871586e+00 -1.10194727e-01 -1.42020101e-20
2350             -3.03838356e+01 1.05758322e+03 1.86011946e-19 -3.83211369e+01 1.05769427e+03 2.01353389e-19 7.93730134e+00 -1.11048081e-01 -1.53414425e-20
2360             -3.02381782e+01 1.05878239e+03 1.79822011e-19 -3.81737529e+01 1.05889485e+03 1.94738677e-19 7.93557474e+00 -1.12455474e-01 -1.49166666e-20
2370             -3.02029677e+01 1.06013339e+03 2.08605573e-19 -3.81349582e+01 1.06024656e+03 2.21448511e-19 7.93199050e+00 -1.13170781e-01 -1.28429381e-20
2380             -2.99864724e+01 1.05699962e+03 1.84830225e-19 -3.79147000e+01 1.05711352e+03 1.96348442e-19 7.92822765e+00 -1.13900639e-01 -1.15182173e-20
2390             -3.00330989e+01 1.05796389e+03 1.63684630e-19 -3.79586200e+01 1.05807583e+03 1.64764459e-19 7.92552105e+00 -1.11941558e-01 -1.07982931e-21
2400             -3.07256323e+01 1.06182998e+03 2.06594039e-19 -3.86518972e+01 1.06193857e+03 2.05888771e-19 7.92626494e+00 -1.08585434e-01 7.05267890e-22
2410             -3.04935507e+01 1.05755887e+03 1.74864651e-19 -3.84216962e+01 1.05766595e+03 1.84302020e-19 7.92814555e+00 -1.07082107e-01 -9.43736974e-21
2420             -3.03918049e+01 1.05859638e+03 1.76083425e-19 -3.83219786e+01 1.05870494e+03 1.88478299e-19 7.93017365e+00 -1.08566600e-01 -1.23948743e-20
2430             -3.04144038e+01 1.05961502e+03 1.99327481e-19 -3.83458520e+01 1.05972497e+03 2.13701416e-19 7.93144824e+00 -1.09947774e-01 -1.43739352e-20
2440             -3.02380325e+01 1.05685704e+03 1.68849745e-19 -3.81703415e+01 1.05696891e+03 1.84376944e-19 7.93230900e+00 -1.11875534e-01 -1.55271986e-20
2450             -3.07591085e+01 1.06243761e+03 1.97595237e-19 -3.86923324e+01 1.06255082e+03 2.07815163e-19 7.93322398e+00 -1.13207397e-01 -1.02199257e-20
2460             -3.08331200e+01 1.06017050e+03 1.50501037e-19 -3.87651306e+01 1.06028436e+03 1.62586956e-19 7.93201055e+00 -1.13853227e-01 -1.20859182e-20
2470             -2.99226876e+01 1.06043806e+03 2.02343697e-19 -3.78549303e+01 1.06055196e+03 2.13045429e-19 7.93224262e+00 -1.13899883e-01 -1.07017317e-20
2480             -3.01617666e+01 1.05825405e+03 1.70312555e-19 -3.80959123e+01 1.05836850e+03 1.79469841e-19 7.93414575e+00 -1.14455726e-01 -9.15728574e-21
2490             -3.07390879e+01 1.06142442e+03 1.32640914e-19 -3.86751473e+01 1.06153741e+03 1.30788755e-19 7.93605938e+00 -1.12990219e-01 1.85215931e-21
2500             -3.03296564e+01 1.05856775e+03 2.16237906e-19 -3.82689055e+01 1.05867683e+03 2.16774709e-19 7.93924904e+00 -1.09085011e-01 -5.36802802e-22
2510             -3.05838522e+01 1.05803195e+03 1.69392307e-19 -3.85278735e+01 1.05814121e+03 1.81803033e-19 7.94402134e+00 -1.09258207e-01 -1.24107264e-20
2520             -3.07711384e+01 1.06129701e+03 2.15938837e-19 -3.87180115e+01 1.06140806e+03 2.27926285e-19 7.94687313e+00 -1.11048232e-01 -1.19874483e-20
2530             -3.12246958e+01 1.06265575e+03 1.55933836e-19 -3.91727072e+01 1.06276780e+03 1.70824684e-19 7.94801134e+00 -1.12048101e-01 -1.48908479e-20
2540             -3.03660052e+01 1.05913236e+03 2.09457227e-19 -3.83149469e+01 1.05924535e+03 2.25340936e-19 7.94894177e+00 -1.12985660e-01 -1.58837082e-20
2550             -3.04130336e+01 1.05828115e+03 2.02940141e-19 -3.83615102e+01 1.05839601e+03 2.13043451e-19 7.94847667e+00 -1.14854796e-01 -1.01033096e-20
2560             -3.07171368e+01 1.06301812e+03 1.89902366e-19 -3.86634721e+01 1.06313172e+03 2.04697579e-19 7.94633529e+00 -1.13604387e-01 -1.47952133e-20
2570             -3.04377179e+01 1.06159862e+03 1.96686785e-19 -3.83832276e+01 1.06171242e+03 2.09320229e-19 7.94550973e+00 -1.13804573e-01 -1.26334435e-20
2580             -3.03021246e+01 1.05793544e+03 1.81153681e-19 -3.82487455e+01 1.05804867e+03 1.94388782e-19 7.94662086e+00 -1.13239548e-01 -1.32351014e-20
2590             -3.04344022e+01 1.05960466e+03 2.08204384e-19 -3.83830261e+01 1.05971772e+03 2.20076235e-19 7.94862397e+00 -1.13059124e-01 -1.18718517e-20
2600             -3.09111613e+01 1.06271369e+03 1.83148183e-19 -3.88607230e+01 1.06282763e+03 1.91398968e-19 7.94956170e+00 -1.13945034e-01 -8.25078459e-21
2610             -3.05735163e+01 1.05932074e+03 1.71389396e-19 -3.85223725e+01 1.05943449e+03 1.78175912e-19 7.94885619e+00 -1.13742768e-01 -6.78651612e-21
2620             -3.03972677e+01 1.06155328e+03 1.98289033e-19 -3.83457210e+01 1.06166540e+03 2.03532718e-19 7.94845330e+00 -1.12125370e-01 -5.24368593e-21
2630             -3.05487484e+01 1.06035757e+03 1.65055656e-19 -3.84983103e+01 1.06046716e+03 1.66746948e-19 7.94956187e+00 -1.09582077e-01 -1.69129237e-21
2640             -3.05677266e+01 1.06050245e+03 1.90996634e-19 -3.85209249e+01 1.06061050e+03 1.99465370e-19 7.95319827e+00 -1.08046566e-01 -8.46873577e-21
2650             -3.07840593e+01 1.06217972e+03 1.92367839e-19 -3.87388141e+01 1.06228961e+03 2.05573713e-19 7.95475480e+00 -1.09881331e-01 -1.32058744e-20
2660             -3.02710270e+01 1.06049379e+03 2.20112033e-19 -3.82269491e+01 1.06060560e+03 2.33492805e-19 7.95592210e+00 -1.11815918e-01 -1.33807716e-20
2670             -3.04278800e+01 1.06012602e+03 1.78010978e-19 -3.83841218e+01 1.06023910e+03 1.94572236e-19 7.95624180e+00 -1.13072260e-01 -1.65612576e-20
2680             -3.06280566e+01 1.06131774e+03 2.00961114e-19 -3.85842401e+01 1.06143257e+03 2.14464936e-19 7.95618351e+00 -1.14823355e-01 -1.35038220e-20
2690             -3.06419095e+01 1.06082945e+03 1.63069732e-19 -3.85957847e+01 1.06094341e+03 1.70783526e-19 7.95387517e+00 -1.13964632e-01 -7.71379328e-21
2700             -3.08797712e+01 1.06213725e+03 2.02186239e-19 -3.88342112e+01 1.06225165e+03 2.14425566e-19 7.95444008e+00 -1.14398902e-01 -1.22393276e-20
2710             -3.02055696e+01 1.06004834e+03 1.59681164e-19 -3.81600304e+01 1.06016298e+03 1.72519607e-19 7.95446081e+00 -1.14636396e-01 -1.28384432e-20
2720             -3.06739920e+01 1.06211477e+03 2.07633847e-19 -3.86302473e+01 1.06223026e+03 2.17727713e-19 7.95625530e+00 -1.15485202e-01 -1.00938662e-20
2730             -3.04268414e+01 1.06244157e+03 1.80077316e-19 -3.83822063e+01 1.06255726e+03 1.89618444e-19 7.95536482e+00 -1.15693857e-01 -9.54112782e-21
2740             -3.05078657e+01 1.05916210e+03 1.66978111e-19 -3.84612972e+01 1.05927825e+03 1.75265226e-19 7.95343152e+00 -1.16152531e-01 -8.28711537e-21
2750             -3.10459931e+01 1.05980199e+03 1.61943395e-19 -3.89980248e+01 1.05991608e+03 1.58113737e-19 7.95203164e+00 -1.14093209e-01 3.82965839e-21
2760             -3.08576943e+01 1.06396566e+03 2.10647121e-19 -3.88117384e+01 1.06407550e+03 2.14815290e-19 7.95404415e+00 -1.09842966e-01 -4.16816920e-21
2770             -3.02763675e+01 1.05982836e+03 1.99554063e-19 -3.82333290e+01 1.05994032e+03 2.11907136e-19 7.95696147e+00 -1.11956865e-01 -1.23530733e-20
2780             -3.03981958e+01 1.06132527e+03 2.05684941e-19 -3.83550969e+01 1.06143775e+03 2.21461716e-19 7.95690116e+00 -1.12482621e-01 -1.57767749e-20
2790             -3.06457644e+01 1.06300579e+03 2.02917526e-19 -3.86026511e+01 1.06312068e+03 2.17457467e-19 7.95688675e+00 -1.14892207e-01 -1.45399404e-20
2800             -3.05435888e+01 1.06253510e+03 1.72746378e-19 -3.84977480e+01 1.06265130e+03 1.81689909e-19 7.95415924e+00 -1.16199389e-01 -8.94353101e-21
2810             -3.01990750e+01 1.05942562e+03 1.87434950e-19 -3.81514846e+01 1.05954165e+03 2.00490091e-19 7.95240960e+00 -1.16027527e-01 -1.30551405e-20
2820             -3.06888491e+01 1.06223566e+03 2.13411988e-19 -3.86402819e+01 1.06235032e+03 2.25223728e-19 7.95143272e+00 -1.14654262e-01 -1.18117409e-20
2830             -3.05547414e+01 1.06196936e+03 1.86768891e-19 -3.85056837e+01 1.06208295e+03 1.98374606e-19 7.95094223e+00 -1.13587551e-01 -1.16057153e-20
2840             -3.05440483e+01 1.06065804e+03 1.78934091e-19 -3.84944395e+01 1.06077262e+03 1.89764170e-19 7.95039119e+00 -1.14575549e-01 -1.08300790e-20
2850             -3.12735714e+01 1.06322662e+03 1.52738560e-19 -3.92214546e+01 1.06333998e+03 1.60987543e-19 7.94788326e+00 -1.13366591e-01 -8.24898339e-21
2860             -3.04162769e+01 1.06153100e+03 1.83993951e-19 -3.83629271e+01 1.06164431e+03 1.90353354e-19 7.94665018e+00 -1.13308813e-01 -6.35940251e-21
2870             -3.12346324e+01 1.06256617e+03 1.27643747e-19 -3.91808840e+01 1.06267778e+03 1.28454992e-19 7.94625164e+00 -1.11606932e-01 -8.11244802e-22
2880             -3.08075831e+01 1.06293116e+03 1.97455097e-19 -3.87555374e+01 1.06304020e+03 2.01252245e-19 7.94795434e+00 -1.09036030e-01 -3.79714797e-21
2890             -3.06231497e+01 1.06256686e+03 2.09529623e-19 -3.85729411e+01 1.06267757e+03 2.22768449e-19 7.94979136e+00 -1.10709720e-01 -1.32388261e-20
2900             -3.11537534e+01 1.06226067e+03 1.49774487e-19 -3.91025452e+01 1.06237264e+03 1.63301799e-19 7.94879185e+00 -1.11965647e-01 -1.35273117e-20
2910             -3.05845071e+01 1.06255985e+03 1.87397652e-19 -3.85336452e+01 1.06267319e+03 2.03503320e-19 7.94913811e+00 -1.13348016e-01 -1.61056682e-20
2920             -3.06965755e+01 1.06255776e+03 1.93572411e-19 -3.86445076e+01 1.06267363e+03 2.04582807e-19 7.94793208e+00 -1.15873383e-01 -1.10103968e-20
2930             -3.04775294e+01 1.05955314e+03 1.73731896e-19 -3.84234972e+01 1.05966917e+03 1.86948540e-19 7.94596774e+00 -1.16029526e-01 -1.32166434e-20
2940             -3.14862535e+01 1.06446210e+03 1.63754526e-19 -3.94314084e+01 1.06457779e+03 1.74934250e-19 7.94515483e+00 -1.15695100e-01 -1.11797236e-20
2950             -3.03878213e+01 1.06240809e+03 1.65596588e-19 -3.83328482e+01 1.06252435e+03 1.75075144e-19 7.94502687e+00 -1.16258597e-01 -9.47855602e-21
2960             -3.07678297e+01 1.06110142e+03 1.65850705e-19 -3.87114893e+01 1.06121583e+03 1.63374760e-19 7.94365960e+00 -1.14403509e-01 2.47594505e-21
2970             -3.06368039e+01 1.06116865e+03 1.85081049e-19 -3.85817351e+01 1.06128037e+03 1.86576906e-19 7.94493123e+00 -1.11725830e-01 -1.49585749e-21
2980             -3.10495365e+01 1.06219048e+03 1.44850920e-19 -3.89976958e+01 1.06230232e+03 1.62969948e-19 7.94815921e+00 -1.11843371e-01 -1.81190285e-20
2990             -3.05865851e+01 1.06305788e+03 2.10416504e-19 -3.85359433e+01 1.06317284e+03 2.23637744e-19 7.94935820e+00 -1.14966621e-01 -1.32212395e-20
3000             -3.07145600e+01 1.06340679e+03 1.79617426e-19 -3.86607763e+01 1.06352195e+03 1.88880136e-19 7.94621631e+00 -1.15156189e-01 -9.26270993e-21
3010             -3.06337371e+01 1.06076756e+03 1.91241035e-19 -3.85789184e+01 1.06088260e+03 2.02696511e-19 7.94518136e+00 -1.15037639e-01 -1.14554754e-20
3020             -3.03971670e+01 1.06103055e+03 2.05310470e-19 -3.83415410e+01 1.06114612e+03 2.16197521e-19 7.94437402e+00 -1.15574432e-01 -1.08870507e-20
3030             -3.06312908e+01 1.06323943e+03 1.53154856e-19 -3.85753543e+01 1.06335559e+03 1.58892079e-19 7.94406350e+00 -1.16157543e-01 -5.73722293e-21
3040             -3.09373504e+01 1.06156088e+03 1.72482191e-19 -3.88817395e+01 1.06167404e+03 1.68743609e-19 7.94438915e+00 -1.13164203e-01 3.73858194e-21
3050             -3.07999173e+01 1.06122538e+03 1.80410898e-19 -3.87484616e+01 1.06133537e+03 1.85557638e-19 7.94854430e+00 -1.09994413e-01 -5.14673986e-21
3060             -3.02644102e+01 1.06195312e+03 2.19459834e-19 -3.82168758e+01 1.06206428e+03 2.32159022e-19 7.95246563e+00 -1.11159881e-01 -1.26991879e-20
3070             -3.06583817e+01 1.05994273e+03 1.58379013e-19 -3.86122569e+01 1.06005560e+03 1.73063236e-19 7.95387518e+00 -1.12871644e-01 -1.46842232e-20
3080             -3.08081418e+01 1.06601098e+03 1.97300507e-19 -3.87624153e+01 1.06612529e+03 2.12999530e-19 7.95427353e+00 -1.14307407e-01 -1.56990224e-20
3090             -3.08654693e+01 1.06294124e+03 1.92114616e-19 -3.88184911e+01 1.06305759e+03 2.00978059e-19 7.95302184e+00 -1.16351377e-01 -8.86344325e-21
3100             -3.12502822e+01 1.06474764e+03 1.48812600e-19 -3.92016971e+01 1.06486284e+03 1.62946317e-19 7.95141494e+00 -1.15204099e-01 -1.41337170e-20
3110             -3.07472516e+01 1.06236832e+03 1.90256188e-19 -3.86989624e+01 1.06248361e+03 1.97034887e-19 7.95171075e+00 -1.15289460e-01 -6.77869915e-21
3120             -3.00548145e+01 1.06181436e+03 1.75515817e-19 -3.80065013e+01 1.06192822e+03 1.79458660e-19 7.95168686e+00 -1.13853122e-01 -3.94284326e-21
3130             -3.10881340e+01 1.06471530e+03 2.13824791e-19 -3.90421086e+01 1.06482885e+03 2.22528942e-19 7.95397456e+00 -1.13549150e-01 -8.70415099e-21
3140             -3.05646634e+01 1.06112103e+03 1.71297000e-19 -3.85203638e+01 1.06123409e+03 1.76492702e-19 7.95570043e+00 -1.13064012e-01 -5.19570160e-21
3150             -3.08710919e+01 1.06305544e+03 1.76731231e-19 -3.88290935e+01 1.06316715e+03 1.87897621e-19 7.95800161e+00 -1.11704818e-01 -1.11663894e-20
3160             -3.04731375e+01 1.06461344e+03 2.05528093e-19 -3.84346830e+01 1.06472677e+03 2.19197397e-19 7.96154555e+00 -1.13334552e-01 -1.36693040e-20
3170             -3.07714910e+01 1.06411047e+03 1.95173817e-19 -3.87339952e+01 1.06422499e+03 2.12347416e-19 7.96250415e+00 -1.14514420e-01 -1.71735997e-20
3180             -3.05608222e+01 1.06320618e+03 1.73604585e-19 -3.85242823e+01 1.06332231e+03 1.87868197e-19 7.96346008e+00 -1.16129245e-01 -1.42636122e-20
3190             -3.10644617e+01 1.06405370e+03 2.09008943e-19 -3.90265726e+01 1.06417069e+03 2.16544197e-19 7.96211087e+00 -1.16986404e-01 -7.53525411e-21
3200             -3.01980685e+01 1.05953560e+03 1.75499655e-19 -3.81587942e+01 1.05965241e+03 1.87569670e-19 7.96072566e+00 -1.16808167e-01 -1.20700150e-20
3210             -3.06194306e+01 1.06255533e+03 1.56587499e-19 -3.85794543e+01 1.06267179e+03 1.62270567e-19 7.96002370e+00 -1.16462381e-01 -5.68306787e-21
3220             -3.06176208e+01 1.06253784e+03 2.23624244e-19 -3.85767838e+01 1.06265150e+03 2.28943615e-19 7.95916299e+00 -1.13661707e-01 -5.31937136e-21
3230             -3.07913751e+01 1.06316965e+03 1.57109170e-19 -3.87529838e+01 1.06328349e+03 1.69904239e-19 7.96160861e+00 -1.13839634e-01 -1.27950691e-20
3240             -3.01053947e+01 1.05995541e+03 1.79659945e-19 -3.80681454e+01 1.06006843e+03 1.85673152e-19 7.96275069e+00 -1.13020779e-01 -6.01320726e-21
3250             -3.09674415e+01 1.06201066e+03 1.99398150e-19 -3.89302106e+01 1.06212374e+03 2.09605291e-19 7.96276906e+00 -1.13081763e-01 -1.02071405e-20
3260             -3.07956052e+01 1.06166911e+03 1.54657750e-19 -3.87594395e+01 1.06178251e+03 1.75441378e-19 7.96383434e+00 -1.13395964e-01 -2.07836279e-20
3270             -3.07582344e+01 1.06515784e+03 1.76941080e-19 -3.87236749e+01 1.06527333e+03 1.92686888e-19 7.96544052e+00 -1.15489118e-01 -1.57458078e-20
3280             -3.07288312e+01 1.06174768e+03 1.61275061e-19 -3.86917134e+01 1.06186392e+03 1.72875706e-19 7.96288214e+00 -1.16238292e-01 -1.16006444e-20
3290             -3.07730827e+01 1.06271648e+03 1.80089981e-19 -3.87332502e+01 1.06283313e+03 1.87047989e-19 7.96016745e+00 -1.16654155e-01 -6.95800837e-21
3300             -3.09678280e+01 1.06369764e+03 1.40424292e-19 -3.89251167e+01 1.06381023e+03 1.37933419e-19 7.95728870e+00 -1.12591122e-01 2.49087316e-21
3310             -3.12515122e+01 1.06567471e+03 1.83930543e-19 -3.92109870e+01 1.06578495e+03 1.91444011e-19 7.95947472e+00 -1.10246528e-01 -7.51346767e-21
3320             -3.09843135e+01 1.06350388e+03 1.85585451e-19 -3.89454198e+01 1.06361655e+03 1.97745742e-19 7.96110634e+00 -1.12662266e-01 -1.21602913e-20
3330             -3.04482285e+01 1.06336913e+03 1.81336321e-19 -3.84084319e+01 1.06348212e+03 1.99078734e-19 7.96020343e+00 -1.12990589e-01 -1.77424127e-20
3340             -3.04881487e+01 1.06121182e+03 2.00484052e-19 -3.84475736e+01 1.06132702e+03 2.14975216e-19 7.95942488e+00 -1.15208623e-01 -1.44911647e-20
3350             -3.03981064e+01 1.06194987e+03 1.82636579e-19 -3.83540273e+01 1.06206606e+03 1.91243222e-19 7.95592084e+00 -1.16183307e-01 -8.60664363e-21
3360             -3.02798460e+01 1.06157326e+03 2.17961122e-19 -3.82337943e+01 1.06168883e+03 2.28926245e-19 7.95394835e+00 -1.15577933e-01 -1.09651233e-20
3370             -3.14326398e+01 1.06479741e+03 1.66294733e-19 -3.93844034e+01 1.06491362e+03 1.75995080e-19 7.95176352e+00 -1.16212004e-01 -9.70034708e-21
3380             -3.07025630e+01 1.06107059e+03 1.45854643e-19 -3.86519653e+01 1.06118674e+03 1.49551678e-19 7.94940231e+00 -1.16149898e-01 -3.69703464e-21
3390             -3.05755940e+01 1.06138511e+03 2.12102918e-19 -3.85239404e+01 1.06149748e+03 2.08788492e-19 7.94834631e+00 -1.12366354e-01 3.31442682e-21
3400             -3.03829118e+01 1.06025789e+03 1.69796147e-19 -3.83335433e+01 1.06036815e+03 1.77645180e-19 7.95063154e+00 -1.10254705e-01 -7.84903233e-21
3410             -3.06907960e+01 1.06309695e+03 2.05239963e-19 -3.86427427e+01 1.06320877e+03 2.18577592e-19 7.95194671e+00 -1.11821290e-01 -1.33376290e-20
3420             -3.04442919e+01 1.06007354e+03 1.57595244e-19 -3.83958766e+01 1.06018688e+03 1.71701378e-19 7.95158466e+00 -1.13346563e-01 -1.41061346e-20
3430             -3.09210095e+01 1.06260590e+03 1.50246118e-19 -3.88716064e+01 1.06271981e+03 1.65622624e-19 7.95059690e+00 -1.13909131e-01 -1.53765056e-20
3440             -3.07221055e+01 1.06262743e+03 1.65056727e-19 -3.86703180e+01 1.06274352e+03 1.74833693e-19 7.94821245e+00 -1.16082174e-01 -9.77696631e-21
3450             -3.08373125e+01 1.06323544e+03 1.84485397e-19 -3.87823277e+01 1.06335033e+03 1.96707065e-19 7.94501513e+00 -1.14890828e-01 -1.22216687e-20
3460             -3.06564027e+01 1.06263836e+03 1.92957733e-19 -3.85987575e+01 1.06275333e+03 2.04249748e-19 7.94235483e+00 -1.14968488e-01 -1.12920153e-20
3470             -3.06988514e+01 1.06296535e+03 1.67469247e-19 -3.86395643e+01 1.06308070e+03 1.74648481e-19 7.94071281e+00 -1.15341330e-01 -7.17923397e-21
3480             -3.08466809e+01 1.06411214e+03 1.73312348e-19 -3.87861056e+01 1.06422613e+03 1.76559034e-19 7.93942472e+00 -1.13995229e-01 -3.24668555e-21
3490             -3.08505348e+01 1.06458480e+03 1.72153851e-19 -3.87902033e+01 1.06469643e+03 1.69998691e-19 7.93966845e+00 -1.11628038e-01 2.15516009e-21
3500             -3.07556425e+01 1.06324741e+03 1.83909219e-19 -3.86974168e+01 1.06335613e+03 1.90104485e-19 7.94177430e+00 -1.08725843e-01 -6.19526658e-21
3510             -3.04805414e+01 1.06307976e+03 2.10803122e-19 -3.84238139e+01 1.06318964e+03 2.24371056e-19 7.94327248e+00 -1.09882847e-01 -1.35679342e-20
3520             -3.04082102e+01 1.06059089e+03 1.99462347e-19 -3.83523972e+01 1.06070172e+03 2.13196145e-19 7.94418703e+00 -1.10825902e-01 -1.37337979e-20
3530             -3.10536384e+01 1.06449577e+03 1.73955836e-19 -3.89981920e+01 1.06460851e+03 1.90915501e-19 7.94455357e+00 -1.12739121e-01 -1.69596644e-20
3540             -3.05930532e+01 1.06394512e+03 2.10321183e-19 -3.85368382e+01 1.06405874e+03 2.19780961e-19 7.94378501e+00 -1.13618683e-01 -9.45977822e-21
3550             -3.05791719e+01 1.06310929e+03 1.88897790e-19 -3.85219023e+01 1.06322295e+03 2.00832608e-19 7.94273036e+00 -1.13664181e-01 -1.19348181e-20
3560             -3.11640289e+01 1.06571044e+03 2.00930591e-19 -3.91069142e+01 1.06582442e+03 2.11132820e-19 7.94288533e+00 -1.13977916e-01 -1.02022293e-20
3570             -3.04398911e+01 1.06221831e+03 1.90799208e-19 -3.83843937e+01 1.06233280e+03 2.00725264e-19 7.94450266e+00 -1.14489761e-01 -9.92605599e-21
3580             -3.11918649e+01 1.06312183e+03 1.63435172e-19 -3.91386120e+01 1.06323724e+03 1.71105075e-19 7.94674703e+00 -1.15411600e-01 -7.66990292e-21
3590             -3.03650759e+01 1.06271655e+03 1.64741592e-19 -3.83127141e+01 1.06283146e+03 1.66278760e-19 7.94763826e+00 -1.14907566e-01 -1.53716802e-21
3600             -3.08237012e+01 1.06354256e+03 1.81862892e-19 -3.87756499e+01 1.06365405e+03 1.81190844e-19 7.95194862e+00 -1.11481692e-01 6.72047770e-22
3610             -3.04226974e+01 1.06095269e+03 1.88630921e-19 -3.83796843e+01 1.06106285e+03 1.99360373e-19 7.95698695e+00 -1.10162608e-01 -1.07294527e-20
3620             -3.11066200e+01 1.06354207e+03 1.63595524e-19 -3.90664196e+01 1.06365463e+03 1.76582000e-19 7.95979958e+00 -1.12560808e-01 -1.29864761e-20
3630             -3.08461686e+01 1.06296211e+03 2.12639169e-19 -3.88065398e+01 1.06307611e+03 2.26445007e-19 7.96037116e+00 -1.14001815e-01 -1.38058382e-20
3640             -3.07218584e+01 1.06170912e+03 1.73951604e-19 -3.86834172e+01 1.06182378e+03 1.88429287e-19 7.96155880e+00 -1.14663005e-01 -1.44776831e-20
