# Moment        
# CofR          : (0.00000000e+00 0.00000000e+00 0.00000000e+00)
#
# Time          	total_x total_y total_z	pressure_x pressure_y pressure_z	viscous_x viscous_y viscous_z
10               -1.40725652e+03 2.42734979e+02 1.01709238e+03 -1.40705896e+03 2.46151543e+02 1.01716459e+03 -1.97554725e-01 -3.41656322e+00 -7.22140794e-02
20               -5.44973335e+01 3.14238808e+01 -8.97906489e+01 -5.42109409e+01 3.68253285e+01 -8.96700652e+01 -2.86392696e-01 -5.40144778e+00 -1.20583749e-01
30               1.45761855e+02 -1.37627104e+01 -2.13418358e+02 1.46127794e+02 -7.03805615e+00 -2.13289099e+02 -3.65939363e-01 -6.72465422e+00 -1.29259228e-01
40               1.43408575e+02 -1.47483007e+01 -1.99917969e+02 1.43808331e+02 -7.59752632e+00 -1.99798514e+02 -3.99756112e-01 -7.15077435e+00 -1.19454816e-01
50               1.40126645e+02 -1.45303682e+01 -1.92162943e+02 1.40523996e+02 -7.45569564e+00 -1.92053219e+02 -3.97350597e-01 -7.07467256e+00 -1.09723509e-01
60               1.32304398e+02 -1.44487759e+01 -1.77248996e+02 1.32688635e+02 -7.62196929e+00 -1.77148372e+02 -3.84236970e-01 -6.82680660e+00 -1.00623122e-01
70               1.11651486e+02 -1.35207485e+01 -1.45462190e+02 1.12021429e+02 -6.97064138e+00 -1.45371785e+02 -3.69943734e-01 -6.55010710e+00 -9.04055079e-02
80               1.07353987e+02 -1.33924365e+01 -1.32709959e+02 1.07715004e+02 -7.10159129e+00 -1.32633818e+02 -3.61017337e-01 -6.29084518e+00 -7.61406560e-02
90               1.67383714e+02 -1.71697411e+01 -1.94368838e+02 1.67733748e+02 -1.11231927e+01 -1.94303517e+02 -3.50034129e-01 -6.04654840e+00 -6.53205674e-02
100              2.61681378e+02 -2.37460816e+01 -3.00114232e+02 2.62010933e+02 -1.79172213e+01 -3.00042898e+02 -3.29555718e-01 -5.82886028e+00 -7.13342036e-02
110              3.44017616e+02 -2.35987569e+01 -3.99144208e+02 3.44319327e+02 -1.79534860e+01 -3.99053190e+02 -3.01711373e-01 -5.64527087e+00 -9.10176217e-02
120              3.92594899e+02 -2.09278460e+01 -4.61930818e+02 3.92863628e+02 -1.54455290e+01 -4.61811851e+02 -2.68729606e-01 -5.48231700e+00 -1.18966722e-01
130              4.34525119e+02 -1.75106076e+01 -5.15378501e+02 4.34763672e+02 -1.21638129e+01 -5.15232634e+02 -2.38552267e-01 -5.34679475e+00 -1.45867820e-01
140              4.61609948e+02 -1.35329457e+01 -5.52044787e+02 4.61819626e+02 -8.29501988e+00 -5.51872014e+02 -2.09678322e-01 -5.23792581e+00 -1.72772587e-01
150              4.86283847e+02 -1.04103911e+01 -5.80492233e+02 4.86468904e+02 -5.25203547e+00 -5.80296320e+02 -1.85057012e-01 -5.15835563e+00 -1.95913404e-01
160              4.99424797e+02 -8.02753689e+00 -5.98357065e+02 4.99588740e+02 -2.93600057e+00 -5.98143275e+02 -1.63943178e-01 -5.09153631e+00 -2.13789858e-01
170              5.13320866e+02 -5.79799008e+00 -6.14813313e+02 5.13466314e+02 -7.63986081e-01 -6.14584056e+02 -1.45448067e-01 -5.03400400e+00 -2.29257283e-01
180              5.21516505e+02 -3.30268194e+00 -6.27334699e+02 5.21645013e+02 1.68643407e+00 -6.27090470e+02 -1.28507785e-01 -4.98911601e+00 -2.44228536e-01
190              5.27724065e+02 -1.88455621e+00 -6.36404824e+02 5.27837873e+02 3.07047048e+00 -6.36147531e+02 -1.13808576e-01 -4.95502669e+00 -2.57293142e-01
200              5.36228484e+02 -1.23734393e+00 -6.48284532e+02 5.36328621e+02 3.68857317e+00 -6.48015154e+02 -1.00137400e-01 -4.92591710e+00 -2.69378044e-01
210              5.43029900e+02 3.90202348e-01 -6.57564395e+02 5.43116968e+02 5.28769284e+00 -6.57283619e+02 -8.70679629e-02 -4.89749050e+00 -2.80776451e-01
220              5.48819577e+02 2.09622240e+00 -6.65613403e+02 5.48893937e+02 6.96156144e+00 -6.65322831e+02 -7.43600300e-02 -4.86533903e+00 -2.90571911e-01
230              5.54544229e+02 3.07722668e+00 -6.73117817e+02 5.54607130e+02 7.91161230e+00 -6.72818885e+02 -6.29013518e-02 -4.83438562e+00 -2.98931910e-01
240              5.57540859e+02 4.08541306e+00 -6.77424995e+02 5.57593468e+02 8.88920581e+00 -6.77118750e+02 -5.26090137e-02 -4.80379276e+00 -3.06244887e-01
250              5.59490788e+02 4.75994944e+00 -6.79820887e+02 5.59534174e+02 9.53339708e+00 -6.79508922e+02 -4.33857033e-02 -4.77344764e+00 -3.11965746e-01
260              5.61403427e+02 5.80209411e+00 -6.82834030e+02 5.61439461e+02 1.05455635e+01 -6.82518925e+02 -3.60345855e-02 -4.74346939e+00 -3.15105133e-01
270              5.62853129e+02 6.70322219e+00 -6.84964796e+02 5.62881103e+02 1.14188814e+01 -6.84644597e+02 -2.79738315e-02 -4.71565917e+00 -3.20198675e-01
280              5.65121159e+02 6.88978842e+00 -6.88269823e+02 5.65142361e+02 1.15787569e+01 -6.87946505e+02 -2.12016525e-02 -4.68896851e+00 -3.23318572e-01
290              5.66887149e+02 7.34882914e+00 -6.90497874e+02 5.66903224e+02 1.20129046e+01 -6.90173397e+02 -1.60750847e-02 -4.66407546e+00 -3.24477364e-01
300              5.67753725e+02 7.57147550e+00 -6.90924396e+02 5.67764925e+02 1.22106502e+01 -6.90598696e+02 -1.11995376e-02 -4.63917471e+00 -3.25699947e-01
310              5.70558951e+02 8.23475779e+00 -6.94251746e+02 5.70565831e+02 1.28492604e+01 -6.93925322e+02 -6.88089852e-03 -4.61450264e+00 -3.26424091e-01
320              5.73598899e+02 8.15149772e+00 -6.97830695e+02 5.73601032e+02 1.27449122e+01 -6.97502336e+02 -2.13249296e-03 -4.59341451e+00 -3.28359051e-01
330              5.75319613e+02 8.39719076e+00 -6.99952458e+02 5.75317920e+02 1.29682584e+01 -6.99623474e+02 1.69373473e-03 -4.57106768e+00 -3.28983439e-01
340              5.76766592e+02 8.77620936e+00 -7.01624776e+02 5.76760209e+02 1.33241637e+01 -7.01294187e+02 6.38251439e-03 -4.54795435e+00 -3.30589066e-01
350              5.78795312e+02 8.53917361e+00 -7.03939345e+02 5.78783134e+02 1.30641621e+01 -7.03605453e+02 1.21782246e-02 -4.52498851e+00 -3.33892738e-01
360              5.80871785e+02 9.03867636e+00 -7.06610062e+02 5.80854881e+02 1.35421536e+01 -7.06274162e+02 1.69043175e-02 -4.50347729e+00 -3.35899832e-01
370              5.82176373e+02 9.48899717e+00 -7.08923278e+02 5.82154426e+02 1.39727933e+01 -7.08584409e+02 2.19468954e-02 -4.48379618e+00 -3.38869279e-01
380              5.84357679e+02 9.68382557e+00 -7.12120727e+02 5.84331198e+02 1.41495054e+01 -7.11779332e+02 2.64808491e-02 -4.46567979e+00 -3.41394376e-01
390              5.83946423e+02 1.01483971e+01 -7.12356348e+02 5.83916803e+02 1.45981949e+01 -7.12014442e+02 2.96192225e-02 -4.44979778e+00 -3.41905511e-01
400              5.85830022e+02 1.06208688e+01 -7.15655108e+02 5.85795656e+02 1.50562193e+01 -7.15310109e+02 3.43657306e-02 -4.43535047e+00 -3.44998858e-01
410              5.87803284e+02 1.13131058e+01 -7.18890275e+02 5.87764865e+02 1.57344794e+01 -7.18543209e+02 3.84195652e-02 -4.42137353e+00 -3.47066117e-01
420              5.87906013e+02 1.14644379e+01 -7.19940979e+02 5.87864588e+02 1.58757724e+01 -7.19592963e+02 4.14251928e-02 -4.41133452e+00 -3.48015608e-01
430              5.86280488e+02 1.16089775e+01 -7.18639552e+02 5.86234835e+02 1.60128387e+01 -7.18288202e+02 4.56525711e-02 -4.40386114e+00 -3.51350113e-01
440              5.88926622e+02 1.23532308e+01 -7.22370397e+02 5.88878309e+02 1.67539875e+01 -7.22017450e+02 4.83128672e-02 -4.40075669e+00 -3.52946883e-01
450              5.89913995e+02 1.25901627e+01 -7.23792136e+02 5.89862639e+02 1.69886306e+01 -7.23436868e+02 5.13560864e-02 -4.39846792e+00 -3.55267834e-01
460              5.89661171e+02 1.28163779e+01 -7.23869331e+02 5.89608297e+02 1.72136611e+01 -7.23513649e+02 5.28736827e-02 -4.39728327e+00 -3.55681558e-01
470              5.90419246e+02 1.28671270e+01 -7.24262640e+02 5.90365908e+02 1.72644375e+01 -7.23908002e+02 5.33381348e-02 -4.39731056e+00 -3.54638143e-01
480              5.92195517e+02 1.33680612e+01 -7.27182772e+02 5.92141898e+02 1.77640281e+01 -7.26829808e+02 5.36193183e-02 -4.39596683e+00 -3.52964449e-01
490              5.88739252e+02 1.34199831e+01 -7.23978784e+02 5.88684769e+02 1.78160811e+01 -7.23625921e+02 5.44831055e-02 -4.39609799e+00 -3.52862588e-01
500              5.87946565e+02 1.35686464e+01 -7.23681771e+02 5.87891365e+02 1.79662598e+01 -7.23328854e+02 5.51995302e-02 -4.39761339e+00 -3.52917147e-01
510              5.88459318e+02 1.39019166e+01 -7.25366902e+02 5.88402286e+02 1.83046868e+01 -7.25011387e+02 5.70317430e-02 -4.40277021e+00 -3.55515054e-01
520              5.83679192e+02 1.38093807e+01 -7.20823903e+02 5.83622124e+02 1.82190298e+01 -7.20468038e+02 5.70681419e-02 -4.40964908e+00 -3.55864803e-01
530              5.83738785e+02 1.39828195e+01 -7.21472541e+02 5.83682266e+02 1.84001356e+01 -7.21116664e+02 5.65189218e-02 -4.41731615e+00 -3.55877090e-01
540              5.80785280e+02 1.40199485e+01 -7.18034540e+02 5.80729091e+02 1.84444648e+01 -7.17678163e+02 5.61889374e-02 -4.42451636e+00 -3.56376819e-01
550              5.81424534e+02 1.39107165e+01 -7.18535675e+02 5.81369201e+02 1.83414567e+01 -7.18179995e+02 5.53334719e-02 -4.43074027e+00 -3.55680497e-01
560              5.80971114e+02 1.39184542e+01 -7.17379032e+02 5.80915752e+02 1.83527094e+01 -7.17023306e+02 5.53623298e-02 -4.43425527e+00 -3.55725841e-01
570              5.82363092e+02 1.39037130e+01 -7.18505756e+02 5.82308046e+02 1.83430634e+01 -7.18150151e+02 5.50458512e-02 -4.43935045e+00 -3.55604781e-01
580              5.79269159e+02 1.36261038e+01 -7.14548793e+02 5.79216578e+02 1.80747083e+01 -7.14195075e+02 5.25813159e-02 -4.44860447e+00 -3.53717833e-01
590              5.78512529e+02 1.35096420e+01 -7.12961325e+02 5.78462820e+02 1.79701044e+01 -7.12609135e+02 4.97092907e-02 -4.46046241e+00 -3.52190199e-01
600              5.79529634e+02 1.33354118e+01 -7.13223820e+02 5.79482829e+02 1.78088291e+01 -7.12872865e+02 4.68057558e-02 -4.47341731e+00 -3.50954514e-01
610              5.76763540e+02 1.30178371e+01 -7.09785338e+02 5.76719896e+02 1.75078569e+01 -7.09434807e+02 4.36435667e-02 -4.49001987e+00 -3.50530813e-01
620              5.74521445e+02 1.31345925e+01 -7.08352804e+02 5.74482412e+02 1.76450959e+01 -7.08003286e+02 3.90328854e-02 -4.51050337e+00 -3.49517889e-01
630              5.59763858e+02 1.32767146e+01 -6.99656289e+02 5.59725391e+02 1.78147053e+01 -6.99299693e+02 3.84670040e-02 -4.53799071e+00 -3.56596151e-01
640              5.38181460e+02 1.47870589e+01 -6.89529517e+02 5.38148314e+02 1.93639333e+01 -6.89170684e+02 3.31458624e-02 -4.57687430e+00 -3.58832867e-01
650              5.38259487e+02 1.46551091e+01 -6.89886197e+02 5.38230629e+02 1.92748151e+01 -6.89524538e+02 2.88585990e-02 -4.61970598e+00 -3.61658614e-01
660              5.39202563e+02 1.46750377e+01 -6.88634024e+02 5.39176222e+02 1.93138012e+01 -6.88270600e+02 2.63409004e-02 -4.63876350e+00 -3.63423723e-01
670              5.39608557e+02 1.45531931e+01 -6.88220232e+02 5.39582735e+02 1.92036647e+01 -6.87853991e+02 2.58219879e-02 -4.65047155e+00 -3.66240854e-01
680              5.42204204e+02 1.49302533e+01 -6.91578221e+02 5.42181327e+02 1.95950737e+01 -6.91212114e+02 2.28778747e-02 -4.66482041e+00 -3.66106932e-01
690              5.39503695e+02 1.41648600e+01 -6.87991012e+02 5.39483672e+02 1.88436125e+01 -6.87624807e+02 2.00232105e-02 -4.67875244e+00 -3.66205343e-01
700              5.40939709e+02 1.49025222e+01 -6.89570615e+02 5.40923314e+02 1.95941863e+01 -6.89205482e+02 1.63950354e-02 -4.69166408e+00 -3.65132584e-01
710              5.41372016e+02 1.44856912e+01 -6.90086920e+02 5.41358714e+02 1.91896869e+01 -6.89721939e+02 1.33021514e-02 -4.70399569e+00 -3.64981500e-01
720              5.40207527e+02 1.42549523e+01 -6.88587861e+02 5.40196527e+02 1.89708860e+01 -6.88221626e+02 1.10005011e-02 -4.71593367e+00 -3.66235070e-01
730              5.40718531e+02 1.41998229e+01 -6.88895419e+02 5.40710737e+02 1.89281125e+01 -6.88529255e+02 7.79454281e-03 -4.72828968e+00 -3.66164227e-01
740              5.39632519e+02 1.38870203e+01 -6.87609636e+02 5.39627767e+02 1.86273827e+01 -6.87243219e+02 4.75184101e-03 -4.74036238e+00 -3.66417067e-01
750              5.40705751e+02 1.42393245e+01 -6.88854186e+02 5.40703562e+02 1.89909384e+01 -6.88487003e+02 2.18858452e-03 -4.75161393e+00 -3.67183433e-01
760              5.39903017e+02 1.40411248e+01 -6.87824903e+02 5.39904526e+02 1.88038576e+01 -6.87458844e+02 -1.50854557e-03 -4.76273284e+00 -3.66058837e-01
770              5.41627927e+02 1.38428604e+01 -6.89471774e+02 5.41631785e+02 1.86164125e+01 -6.89104800e+02 -3.85751643e-03 -4.77355209e+00 -3.66973780e-01
780              5.40703421e+02 1.37990498e+01 -6.87986359e+02 5.40710334e+02 1.85835510e+01 -6.87619652e+02 -6.91299610e-03 -4.78450128e+00 -3.66706657e-01
790              5.43704182e+02 1.38670759e+01 -6.91396586e+02 5.43713715e+02 1.86616522e+01 -6.91029655e+02 -9.53285284e-03 -4.79457630e+00 -3.66930828e-01
800              5.45557179e+02 1.41760293e+01 -6.93434034e+02 5.45569315e+02 1.89803324e+01 -6.93067017e+02 -1.21362335e-02 -4.80430309e+00 -3.67016410e-01
810              5.46759444e+02 1.37676618e+01 -6.93821087e+02 5.46773944e+02 1.85818687e+01 -6.93453618e+02 -1.45006868e-02 -4.81420688e+00 -3.67468954e-01
820              5.49126492e+02 1.41652917e+01 -6.96923884e+02 5.49143403e+02 1.89894535e+01 -6.96556111e+02 -1.69107571e-02 -4.82416177e+00 -3.67772507e-01
830              5.50912418e+02 1.39551822e+01 -6.98029899e+02 5.50931290e+02 1.87886612e+01 -6.97661271e+02 -1.88724384e-02 -4.83347907e+00 -3.68627621e-01
840              5.52074989e+02 1.39242426e+01 -6.98955845e+02 5.52096280e+02 1.87673340e+01 -6.98587146e+02 -2.12910919e-02 -4.84309141e+00 -3.68698371e-01
850              5.53103753e+02 1.35505987e+01 -6.99109313e+02 5.53126593e+02 1.84032191e+01 -6.98739262e+02 -2.28404550e-02 -4.85262034e+00 -3.70051392e-01
860              5.56101087e+02 1.39693761e+01 -7.01999768e+02 5.56126071e+02 1.88314260e+01 -7.01629389e+02 -2.49841498e-02 -4.86204993e+00 -3.70378971e-01
870              5.58643553e+02 1.38795159e+01 -7.04214583e+02 5.58670756e+02 1.87508105e+01 -7.03844106e+02 -2.72030889e-02 -4.87129452e+00 -3.70476398e-01
880              5.60646135e+02 1.37428875e+01 -7.05338939e+02 5.60675738e+02 1.86230374e+01 -7.04968788e+02 -2.96023204e-02 -4.88014984e+00 -3.70150058e-01
890              5.64338186e+02 1.38170933e+01 -7.08690513e+02 5.64369612e+02 1.87055300e+01 -7.08319965e+02 -3.14258873e-02 -4.88843668e+00 -3.70548819e-01
900              5.67239674e+02 1.37728795e+01 -7.11344502e+02 5.67273147e+02 1.86694091e+01 -7.10974013e+02 -3.34730616e-02 -4.89652958e+00 -3.70489411e-01
910              5.69790455e+02 1.38978270e+01 -7.13282037e+02 5.69825515e+02 1.88018020e+01 -7.12911057e+02 -3.50605349e-02 -4.90397499e+00 -3.70980140e-01
920              5.71899758e+02 1.37855346e+01 -7.14838513e+02 5.71935847e+02 1.86971836e+01 -7.14466228e+02 -3.60893502e-02 -4.91164901e+00 -3.72285757e-01
930              5.75436241e+02 1.38207241e+01 -7.18362082e+02 5.75473322e+02 1.87396086e+01 -7.17988604e+02 -3.70809939e-02 -4.91888455e+00 -3.73477997e-01
940              5.77573429e+02 1.37178141e+01 -7.20215661e+02 5.77612077e+02 1.86432002e+01 -7.19842225e+02 -3.86480658e-02 -4.92538613e+00 -3.73435621e-01
950              5.79643836e+02 1.40587746e+01 -7.21800220e+02 5.79683276e+02 1.89896706e+01 -7.21425757e+02 -3.94403233e-02 -4.93089597e+00 -3.74462699e-01
960              5.82793581e+02 1.40618530e+01 -7.24914460e+02 5.82834665e+02 1.89986598e+01 -7.24540290e+02 -4.10840742e-02 -4.93680678e+00 -3.74170034e-01
970              5.84848330e+02 1.40817925e+01 -7.26792204e+02 5.84890261e+02 1.90235130e+01 -7.26417258e+02 -4.19310868e-02 -4.94172048e+00 -3.74945930e-01
980              5.86737213e+02 1.41785102e+01 -7.28128234e+02 5.86779726e+02 1.91253043e+01 -7.27752114e+02 -4.25134859e-02 -4.94679412e+00 -3.76119589e-01
990              5.88885506e+02 1.42223321e+01 -7.30263427e+02 5.88928798e+02 1.91745681e+01 -7.29886462e+02 -4.32917018e-02 -4.95223606e+00 -3.76964313e-01
1000             5.91649383e+02 1.43791168e+01 -7.32941133e+02 5.91693147e+02 1.93358865e+01 -7.32563010e+02 -4.37644507e-02 -4.95676971e+00 -3.78122860e-01
1010             5.94536522e+02 1.44232858e+01 -7.35717197e+02 5.94581439e+02 1.93843856e+01 -7.35339070e+02 -4.49173106e-02 -4.96109984e+00 -3.78126442e-01
1020             5.95261916e+02 1.43961634e+01 -7.36013786e+02 5.95308027e+02 1.93608401e+01 -7.35635887e+02 -4.61101259e-02 -4.96467677e+00 -3.77899620e-01
1030             5.99415634e+02 1.46962877e+01 -7.40485317e+02 5.99462160e+02 1.96639093e+01 -7.40106571e+02 -4.65258633e-02 -4.96762165e+00 -3.78746669e-01
1040             5.99622836e+02 1.44923757e+01 -7.39715907e+02 5.99671014e+02 1.94632623e+01 -7.39338259e+02 -4.81781278e-02 -4.97088657e+00 -3.77648077e-01
1050             6.02548073e+02 1.49924463e+01 -7.43029793e+02 6.02596704e+02 1.99654947e+01 -7.42651567e+02 -4.86309099e-02 -4.97304840e+00 -3.78225743e-01
1060             6.06073014e+02 1.49656250e+01 -7.46396792e+02 6.06121611e+02 1.99410429e+01 -7.46017247e+02 -4.85975529e-02 -4.97541798e+00 -3.79544349e-01
1070             6.06733085e+02 1.51526649e+01 -7.47037865e+02 6.06782699e+02 2.01303690e+01 -7.46658719e+02 -4.96137528e-02 -4.97770406e+00 -3.79146609e-01
1080             6.09575000e+02 1.51440207e+01 -7.49452171e+02 6.09624804e+02 2.01235613e+01 -7.49072230e+02 -4.98034536e-02 -4.97954057e+00 -3.79940925e-01
1090             6.10775610e+02 1.51596423e+01 -7.50488256e+02 6.10826558e+02 2.01410146e+01 -7.50109056e+02 -5.09478206e-02 -4.98137235e+00 -3.79200385e-01
1100             6.12164294e+02 1.51533450e+01 -7.51509312e+02 6.12215943e+02 2.01364007e+01 -7.51130200e+02 -5.16490543e-02 -4.98305574e+00 -3.79112325e-01
1110             6.16602306e+02 1.56405800e+01 -7.56434491e+02 6.16654378e+02 2.06249589e+01 -7.56055122e+02 -5.20715190e-02 -4.98437884e+00 -3.79369696e-01
1120             6.16298091e+02 1.55344276e+01 -7.55904801e+02 6.16350649e+02 2.05202907e+01 -7.55525248e+02 -5.25577360e-02 -4.98586316e+00 -3.79552746e-01
1130             6.16708414e+02 1.58682782e+01 -7.55390375e+02 6.16761383e+02 2.08544880e+01 -7.55010746e+02 -5.29683653e-02 -4.98620974e+00 -3.79628250e-01
1140             6.21469632e+02 1.55130845e+01 -7.60821504e+02 6.21522329e+02 2.04993387e+01 -7.60440845e+02 -5.26969159e-02 -4.98625420e+00 -3.80659607e-01
1150             6.19959593e+02 1.57170070e+01 -7.58994432e+02 6.20013300e+02 2.07038930e+01 -7.58614715e+02 -5.37067415e-02 -4.98688596e+00 -3.79717359e-01
1160             6.25618457e+02 1.58920009e+01 -7.65280599e+02 6.25672581e+02 2.08785715e+01 -7.64901097e+02 -5.41240412e-02 -4.98657064e+00 -3.79502352e-01
1170             6.25088611e+02 1.60352665e+01 -7.64589321e+02 6.25144264e+02 2.10207651e+01 -7.64211906e+02 -5.56534086e-02 -4.98549862e+00 -3.77415155e-01
1180             6.26146978e+02 1.64943579e+01 -7.65362233e+02 6.26203192e+02 2.14788038e+01 -7.64985415e+02 -5.62143786e-02 -4.98444595e+00 -3.76818539e-01
1190             6.29834480e+02 1.62863200e+01 -7.69441269e+02 6.29891169e+02 2.12702785e+01 -7.69064879e+02 -5.66894448e-02 -4.98395846e+00 -3.76389440e-01
1200             6.27682290e+02 1.62606449e+01 -7.66606360e+02 6.27738804e+02 2.12438656e+01 -7.66229445e+02 -5.65144026e-02 -4.98322075e+00 -3.76914325e-01
1210             6.30368696e+02 1.65982261e+01 -7.69291743e+02 6.30425260e+02 2.15816075e+01 -7.68914574e+02 -5.65637253e-02 -4.98338145e+00 -3.77169020e-01
1220             6.33724061e+02 1.65486454e+01 -7.73444052e+02 6.33780488e+02 2.15314579e+01 -7.73066440e+02 -5.64267039e-02 -4.98281253e+00 -3.77612445e-01
1230             6.33585032e+02 1.65049781e+01 -7.72948109e+02 6.33640895e+02 2.14872139e+01 -7.72569350e+02 -5.58624548e-02 -4.98223584e+00 -3.78758604e-01
1240             6.35308995e+02 1.69520818e+01 -7.74589393e+02 6.35365166e+02 2.19332926e+01 -7.74210944e+02 -5.61711468e-02 -4.98121074e+00 -3.78449191e-01
1250             6.35247103e+02 1.69020629e+01 -7.74561993e+02 6.35303200e+02 2.18824833e+01 -7.74183216e+02 -5.60970035e-02 -4.98042035e+00 -3.78777307e-01
1260             6.37507078e+02 1.67172256e+01 -7.76804103e+02 6.37562194e+02 2.16964091e+01 -7.76423693e+02 -5.51160409e-02 -4.97918341e+00 -3.80409733e-01
1270             6.38155131e+02 1.69990956e+01 -7.77549368e+02 6.38210325e+02 2.19777273e+01 -7.77168923e+02 -5.51932485e-02 -4.97863172e+00 -3.80445448e-01
1280             6.38840923e+02 1.69764800e+01 -7.77880148e+02 6.38896411e+02 2.19540695e+01 -7.77500077e+02 -5.54875513e-02 -4.97758950e+00 -3.80070894e-01
1290             6.38404808e+02 1.71220631e+01 -7.77075642e+02 6.38460137e+02 2.20987059e+01 -7.76695254e+02 -5.53297473e-02 -4.97664284e+00 -3.80387988e-01
1300             6.40472656e+02 1.71703197e+01 -7.79361863e+02 6.40528232e+02 2.21460516e+01 -7.78981788e+02 -5.55761572e-02 -4.97573194e+00 -3.80075426e-01
1310             6.41935498e+02 1.74048096e+01 -7.81050060e+02 6.41991020e+02 2.23790992e+01 -7.80669958e+02 -5.55221628e-02 -4.97428952e+00 -3.80102286e-01
1320             6.41889449e+02 1.70879942e+01 -7.80364677e+02 6.41945592e+02 2.20605637e+01 -7.79985657e+02 -5.61424435e-02 -4.97256957e+00 -3.79020049e-01
1330             6.44532915e+02 1.75304922e+01 -7.83950033e+02 6.44588739e+02 2.25015283e+01 -7.83570597e+02 -5.58240981e-02 -4.97103610e+00 -3.79436018e-01
1340             6.44060465e+02 1.74960122e+01 -7.83047714e+02 6.44115871e+02 2.24656504e+01 -7.82667698e+02 -5.54056053e-02 -4.96963824e+00 -3.80015190e-01
1350             6.44260457e+02 1.74079849e+01 -7.83104139e+02 6.44316147e+02 2.23762627e+01 -7.82724630e+02 -5.56905519e-02 -4.96827778e+00 -3.79508242e-01
1360             6.44651545e+02 1.74124269e+01 -7.83170813e+02 6.44707024e+02 2.23788785e+01 -7.82791059e+02 -5.54795274e-02 -4.96645163e+00 -3.79754190e-01
1370             6.45671031e+02 1.76891890e+01 -7.84316119e+02 6.45726357e+02 2.26549705e+01 -7.83936037e+02 -5.53257381e-02 -4.96578157e+00 -3.80082158e-01
1380             6.45708578e+02 1.76887126e+01 -7.84781389e+02 6.45764121e+02 2.26540267e+01 -7.84401519e+02 -5.55422046e-02 -4.96531406e+00 -3.79869846e-01
1390             6.45800710e+02 1.75412346e+01 -7.84255548e+02 6.45856416e+02 2.25051314e+01 -7.83875891e+02 -5.57066834e-02 -4.96389680e+00 -3.79656743e-01
1400             6.47637044e+02 1.77725482e+01 -7.86962082e+02 6.47692788e+02 2.27357287e+01 -7.86582357e+02 -5.57432555e-02 -4.96318057e+00 -3.79724645e-01
1410             6.47182518e+02 1.76571319e+01 -7.85998622e+02 6.47238068e+02 2.26190635e+01 -7.85618513e+02 -5.55502977e-02 -4.96193156e+00 -3.80109180e-01
1420             6.49116279e+02 1.80277738e+01 -7.88610818e+02 6.49172171e+02 2.29886396e+01 -7.88231162e+02 -5.58914227e-02 -4.96086575e+00 -3.79655306e-01
1430             6.49293788e+02 1.76934746e+01 -7.88774121e+02 6.49349084e+02 2.26522613e+01 -7.88393552e+02 -5.52962246e-02 -4.95878670e+00 -3.80569099e-01
1440             6.49179068e+02 1.81290600e+01 -7.88721268e+02 6.49234079e+02 2.30862450e+01 -7.88340253e+02 -5.50107132e-02 -4.95718497e+00 -3.81015490e-01
1450             6.50103135e+02 1.80087984e+01 -7.89698174e+02 6.50158511e+02 2.29640530e+01 -7.89317761e+02 -5.53767476e-02 -4.95525465e+00 -3.80413771e-01
1460             6.49837984e+02 1.84326515e+01 -7.89778104e+02 6.49893099e+02 2.33862416e+01 -7.89397287e+02 -5.51143223e-02 -4.95359013e+00 -3.80817105e-01
1470             6.50116652e+02 1.80448650e+01 -7.89687979e+02 6.50171365e+02 2.29965452e+01 -7.89306541e+02 -5.47122840e-02 -4.95168027e+00 -3.81437887e-01
1480             6.50140541e+02 1.82973023e+01 -7.89995582e+02 6.50194887e+02 2.32484174e+01 -7.89613415e+02 -5.43463004e-02 -4.95111503e+00 -3.82166870e-01
1490             6.48253962e+02 1.81327157e+01 -7.87421519e+02 6.48309075e+02 2.30824617e+01 -7.87040488e+02 -5.51129529e-02 -4.94974599e+00 -3.81031048e-01
1500             6.50453581e+02 1.82178523e+01 -7.90207638e+02 6.50508269e+02 2.31664018e+01 -7.89825819e+02 -5.46876941e-02 -4.94854952e+00 -3.81819689e-01
1510             6.50292860e+02 1.82194741e+01 -7.89898451e+02 6.50347260e+02 2.31675695e+01 -7.89515961e+02 -5.43997070e-02 -4.94809540e+00 -3.82490168e-01
1520             6.50873096e+02 1.82899295e+01 -7.90752534e+02 6.50927525e+02 2.32375632e+01 -7.90369857e+02 -5.44292401e-02 -4.94763365e+00 -3.82677408e-01
1530             6.49476136e+02 1.81285084e+01 -7.88876588e+02 6.49530659e+02 2.30757422e+01 -7.88493780e+02 -5.45232428e-02 -4.94723382e+00 -3.82808339e-01
1540             6.50640841e+02 1.80747703e+01 -7.90402611e+02 6.50695817e+02 2.30219461e+01 -7.90020156e+02 -5.49752804e-02 -4.94717580e+00 -3.82455050e-01
1550             6.50933763e+02 1.83135939e+01 -7.90887429e+02 6.50988898e+02 2.32613058e+01 -7.90504781e+02 -5.51350459e-02 -4.94771182e+00 -3.82648663e-01
1560             6.51191144e+02 1.84047934e+01 -7.91152255e+02 6.51246504e+02 2.33527723e+01 -7.90769553e+02 -5.53600803e-02 -4.94797892e+00 -3.82701949e-01
1570             6.49687427e+02 1.81818013e+01 -7.89197147e+02 6.49743088e+02 2.31304080e+01 -7.88814442e+02 -5.56616475e-02 -4.94860668e+00 -3.82705253e-01
1580             6.50263124e+02 1.84665983e+01 -7.90233224e+02 6.50318689e+02 2.34158901e+01 -7.89849892e+02 -5.55658019e-02 -4.94929178e+00 -3.83331499e-01
1590             6.51282178e+02 1.83129838e+01 -7.91173982e+02 6.51338391e+02 2.32626032e+01 -7.90791214e+02 -5.62128043e-02 -4.94961942e+00 -3.82768746e-01
1600             6.52682983e+02 1.86950807e+01 -7.93278446e+02 6.52738798e+02 2.36448384e+01 -7.92894678e+02 -5.58147666e-02 -4.94975772e+00 -3.83767361e-01
1610             6.50724683e+02 1.81679542e+01 -7.90471198e+02 6.50781251e+02 2.31182997e+01 -7.90088152e+02 -5.65678814e-02 -4.95034548e+00 -3.83046176e-01
1620             6.49349362e+02 1.85117253e+01 -7.89038172e+02 6.49406237e+02 2.34626417e+01 -7.88655162e+02 -5.68755126e-02 -4.95091641e+00 -3.83010242e-01
1630             6.51473705e+02 1.82811879e+01 -7.91516446e+02 6.51531086e+02 2.32322531e+01 -7.91133830e+02 -5.73810855e-02 -4.95106523e+00 -3.82615695e-01
1640             6.51212208e+02 1.85079452e+01 -7.91442330e+02 6.51269767e+02 2.34592840e+01 -7.91059568e+02 -5.75590823e-02 -4.95133881e+00 -3.82761846e-01
1650             6.52309123e+02 1.81006554e+01 -7.92492530e+02 6.52366585e+02 2.30527263e+01 -7.92109145e+02 -5.74612991e-02 -4.95207082e+00 -3.83384816e-01
1660             6.53355225e+02 1.87850246e+01 -7.94272052e+02 6.53413278e+02 2.37378667e+01 -7.93889147e+02 -5.80535053e-02 -4.95284208e+00 -3.82905009e-01
1670             6.51421487e+02 1.83249912e+01 -7.91606666e+02 6.51479495e+02 2.32783584e+01 -7.91223237e+02 -5.80082159e-02 -4.95336721e+00 -3.83429508e-01
1680             6.52172053e+02 1.87181222e+01 -7.92463353e+02 6.52230419e+02 2.36724757e+01 -7.92080004e+02 -5.83660104e-02 -4.95435345e+00 -3.83349124e-01
1690             6.53024477e+02 1.85988883e+01 -7.93687095e+02 6.53082720e+02 2.35534634e+01 -7.93303171e+02 -5.82422603e-02 -4.95457509e+00 -3.83923976e-01
1700             6.51704654e+02 1.83575516e+01 -7.91960232e+02 6.51762760e+02 2.33129771e+01 -7.91575612e+02 -5.81052092e-02 -4.95542547e+00 -3.84620278e-01
1710             6.53408483e+02 1.87943161e+01 -7.94164411e+02 6.53467595e+02 2.37506788e+01 -7.93780884e+02 -5.91113579e-02 -4.95636277e+00 -3.83526340e-01
1720             6.51171830e+02 1.84599253e+01 -7.91311279e+02 6.51230972e+02 2.34168715e+01 -7.90927361e+02 -5.91419556e-02 -4.95694617e+00 -3.83918009e-01
1730             6.51673545e+02 1.86354251e+01 -7.91875563e+02 6.51733298e+02 2.35929913e+01 -7.91492187e+02 -5.97535550e-02 -4.95756619e+00 -3.83376048e-01
1740             6.52750343e+02 1.84236190e+01 -7.93087117e+02 6.52810186e+02 2.33815047e+01 -7.92703473e+02 -5.98425895e-02 -4.95788572e+00 -3.83644452e-01
1750             6.53750387e+02 1.86025864e+01 -7.94410968e+02 6.53810218e+02 2.35611998e+01 -7.94026883e+02 -5.98309186e-02 -4.95861335e+00 -3.84085153e-01
1760             6.52347111e+02 1.84005270e+01 -7.92727391e+02 6.52407425e+02 2.33599675e+01 -7.92343637e+02 -6.03134084e-02 -4.95944046e+00 -3.83754361e-01
1770             6.51976352e+02 1.82590690e+01 -7.91604594e+02 6.52036401e+02 2.32187308e+01 -7.91220075e+02 -6.00491698e-02 -4.95966179e+00 -3.84518795e-01
1780             6.52965815e+02 1.85919357e+01 -7.93280298e+02 6.53026500e+02 2.35524085e+01 -7.92896358e+02 -6.06845159e-02 -4.96047277e+00 -3.83940453e-01
1790             6.53866255e+02 1.86310187e+01 -7.94445118e+02 6.53927215e+02 2.35918826e+01 -7.94061272e+02 -6.09597949e-02 -4.96086391e+00 -3.83846377e-01
1800             6.53661115e+02 1.86180175e+01 -7.93866701e+02 6.53722016e+02 2.35791270e+01 -7.93482419e+02 -6.09009197e-02 -4.96110953e+00 -3.84281851e-01
1810             6.52793897e+02 1.85467175e+01 -7.93056736e+02 6.52854704e+02 2.35087797e+01 -7.92671888e+02 -6.08067874e-02 -4.96206219e+00 -3.84848382e-01
1820             6.53215225e+02 1.86278603e+01 -7.93385348e+02 6.53277040e+02 2.35903913e+01 -7.93001715e+02 -6.18143107e-02 -4.96253090e+00 -3.83633257e-01
1830             6.53702006e+02 1.86275436e+01 -7.94117065e+02 6.53763912e+02 2.35908266e+01 -7.93733167e+02 -6.19058924e-02 -4.96328297e+00 -3.83898174e-01
1840             6.54712858e+02 1.87204347e+01 -7.95577184e+02 6.54775072e+02 2.36845408e+01 -7.95193357e+02 -6.22136560e-02 -4.96410613e+00 -3.83827485e-01
1850             6.53630026e+02 1.84946363e+01 -7.93889487e+02 6.53691982e+02 2.34598672e+01 -7.93504800e+02 -6.19564767e-02 -4.96523092e+00 -3.84686628e-01
1860             6.53603667e+02 1.86857096e+01 -7.93957624e+02 6.53666258e+02 2.36522466e+01 -7.93573427e+02 -6.25911726e-02 -4.96653702e+00 -3.84197043e-01
1870             6.54845310e+02 1.85391817e+01 -7.95425836e+02 6.54907833e+02 2.35064504e+01 -7.95041099e+02 -6.25224584e-02 -4.96726869e+00 -3.84737506e-01
1880             6.53845558e+02 1.84850905e+01 -7.93997812e+02 6.53908316e+02 2.34535836e+01 -7.93612976e+02 -6.27574746e-02 -4.96849303e+00 -3.84836473e-01
1890             6.54587667e+02 1.86783851e+01 -7.94991042e+02 6.54650437e+02 2.36475969e+01 -7.94605823e+02 -6.27701832e-02 -4.96921172e+00 -3.85218918e-01
1900             6.54157508e+02 1.85718348e+01 -7.94313849e+02 6.54220712e+02 2.35419248e+01 -7.93928916e+02 -6.32032459e-02 -4.97009004e+00 -3.84933080e-01
1910             6.54336318e+02 1.89537007e+01 -7.94669349e+02 6.54399631e+02 2.39243133e+01 -7.94284278e+02 -6.33125285e-02 -4.97061258e+00 -3.85071007e-01
1920             6.55032336e+02 1.85177293e+01 -7.95101815e+02 6.55095792e+02 2.34890253e+01 -7.94716642e+02 -6.34559127e-02 -4.97129596e+00 -3.85173026e-01
1930             6.53801081e+02 1.86818373e+01 -7.93703077e+02 6.53865160e+02 2.36533742e+01 -7.93318654e+02 -6.40786333e-02 -4.97153688e+00 -3.84423021e-01
1940             6.56733296e+02 1.86994187e+01 -7.97277685e+02 6.56796785e+02 2.36712529e+01 -7.96892097e+02 -6.34892046e-02 -4.97183415e+00 -3.85588034e-01
1950             6.55178875e+02 1.85187665e+01 -7.95142359e+02 6.55242358e+02 2.34907446e+01 -7.94756582e+02 -6.34825819e-02 -4.97197801e+00 -3.85777124e-01
1960             6.55038518e+02 1.86090828e+01 -7.95030768e+02 6.55102355e+02 2.35815399e+01 -7.94645315e+02 -6.38370330e-02 -4.97245712e+00 -3.85452315e-01
1970             6.55318325e+02 1.85615276e+01 -7.95115042e+02 6.55382221e+02 2.35339304e+01 -7.94729521e+02 -6.38961468e-02 -4.97240287e+00 -3.85521312e-01
1980             6.58382666e+02 1.90828355e+01 -7.99179351e+02 6.58446707e+02 2.40557045e+01 -7.98793833e+02 -6.40403897e-02 -4.97286896e+00 -3.85517272e-01
1990             6.56860079e+02 1.84332090e+01 -7.97011987e+02 6.56924482e+02 2.34062516e+01 -7.96626864e+02 -6.44026037e-02 -4.97304258e+00 -3.85122481e-01
2000             6.55897501e+02 1.83541849e+01 -7.95636242e+02 6.55961807e+02 2.33275582e+01 -7.95250729e+02 -6.43056766e-02 -4.97337333e+00 -3.85513446e-01
2010             6.55311285e+02 1.84830330e+01 -7.94867291e+02 6.55375939e+02 2.34571256e+01 -7.94482062e+02 -6.46544489e-02 -4.97409265e+00 -3.85229035e-01
2020             6.57018707e+02 1.86273441e+01 -7.96867408e+02 6.57083382e+02 2.36014532e+01 -7.96482028e+02 -6.46747522e-02 -4.97410912e+00 -3.85379529e-01
2030             6.57167555e+02 1.86376784e+01 -7.96953982e+02 6.57232287e+02 2.36119016e+01 -7.96568465e+02 -6.47317702e-02 -4.97422315e+00 -3.85517465e-01
2040             6.58183235e+02 1.87360535e+01 -7.98460243e+02 6.58247231e+02 2.37106829e+01 -7.98073394e+02 -6.39955604e-02 -4.97462932e+00 -3.86849605e-01
2050             6.58539204e+02 1.89073439e+01 -7.98789336e+02 6.58603948e+02 2.38823842e+01 -7.98403390e+02 -6.47436224e-02 -4.97504031e+00 -3.85945691e-01
2060             6.57251668e+02 1.85406454e+01 -7.96800271e+02 6.57316101e+02 2.35160204e+01 -7.96413662e+02 -6.44326407e-02 -4.97537498e+00 -3.86608448e-01
2070             6.57989620e+02 1.87767114e+01 -7.97800219e+02 6.58053952e+02 2.37529155e+01 -7.97413209e+02 -6.43317212e-02 -4.97620407e+00 -3.87009332e-01
2080             6.57578230e+02 1.86613275e+01 -7.97188049e+02 6.57643317e+02 2.36380814e+01 -7.96802045e+02 -6.50867523e-02 -4.97675392e+00 -3.86004630e-01
2090             6.58513458e+02 1.89971049e+01 -7.98628237e+02 6.58578320e+02 2.39741752e+01 -7.98241650e+02 -6.48621689e-02 -4.97707030e+00 -3.86587217e-01
2100             6.58809689e+02 1.88134489e+01 -7.98550979e+02 6.58874917e+02 2.37908703e+01 -7.98164811e+02 -6.52276711e-02 -4.97742145e+00 -3.86168180e-01
2110             6.60040949e+02 1.90893048e+01 -8.00449191e+02 6.60105814e+02 2.40662547e+01 -8.00062400e+02 -6.48646343e-02 -4.97694991e+00 -3.86791177e-01
2120             6.59162821e+02 1.86352031e+01 -7.98839624e+02 6.59227837e+02 2.36123260e+01 -7.98452922e+02 -6.50164861e-02 -4.97712287e+00 -3.86702207e-01
2130             6.58568851e+02 1.88628883e+01 -7.98452625e+02 6.58634332e+02 2.38400638e+01 -7.98066552e+02 -6.54806225e-02 -4.97717546e+00 -3.86072392e-01
2140             6.58810869e+02 1.85698657e+01 -7.98099975e+02 6.58876374e+02 2.35468238e+01 -7.97713883e+02 -6.55054384e-02 -4.97695807e+00 -3.86092623e-01
2150             6.58966044e+02 1.88617295e+01 -7.98545701e+02 6.59031149e+02 2.38385295e+01 -7.98158895e+02 -6.51050699e-02 -4.97680002e+00 -3.86805912e-01
2160             6.60527376e+02 1.89585234e+01 -8.00584938e+02 6.60592898e+02 2.39353614e+01 -8.00198701e+02 -6.55218444e-02 -4.97683810e+00 -3.86237456e-01
2170             6.59499274e+02 1.87345736e+01 -7.99014230e+02 6.59565473e+02 2.37111328e+01 -7.98629011e+02 -6.61989384e-02 -4.97655922e+00 -3.85218638e-01
2180             6.60208656e+02 1.92141727e+01 -8.00064527e+02 6.60273921e+02 2.41900519e+01 -7.99677837e+02 -6.52655454e-02 -4.97587922e+00 -3.86689586e-01
2190             6.60785855e+02 1.90669510e+01 -8.00698065e+02 6.60851156e+02 2.40423376e+01 -8.00311443e+02 -6.53015015e-02 -4.97538660e+00 -3.86621423e-01
2200             6.60552586e+02 1.90087709e+01 -8.00086318e+02 6.60618038e+02 2.39836989e+01 -7.99699968e+02 -6.54523303e-02 -4.97492800e+00 -3.86350215e-01
2210             6.59360741e+02 1.91890181e+01 -7.98917476e+02 6.59427957e+02 2.41634540e+01 -7.98533958e+02 -6.72154155e-02 -4.97443590e+00 -3.83518365e-01
2220             6.61258745e+02 1.88672258e+01 -8.01042554e+02 6.61327036e+02 2.38410462e+01 -8.00660797e+02 -6.82914535e-02 -4.97382034e+00 -3.81756466e-01
2230             6.59661530e+02 1.87854828e+01 -7.98949074e+02 6.59730902e+02 2.37585265e+01 -7.98569133e+02 -6.93719041e-02 -4.97304367e+00 -3.79940755e-01
2240             6.59656619e+02 1.86744489e+01 -7.98923450e+02 6.59726924e+02 2.36468478e+01 -7.98545041e+02 -7.03049678e-02 -4.97239888e+00 -3.78409027e-01
2250             6.61004470e+02 1.90671346e+01 -8.00872769e+02 6.61075139e+02 2.40390800e+01 -8.00494943e+02 -7.06694575e-02 -4.97194543e+00 -3.77825405e-01
2260             6.61246952e+02 1.90872146e+01 -8.00895952e+02 6.61318396e+02 2.40578487e+01 -8.00519493e+02 -7.14444507e-02 -4.97063412e+00 -3.76458780e-01
2270             6.59896008e+02 1.87289868e+01 -7.99123280e+02 6.59966982e+02 2.36974504e+01 -7.98746319e+02 -7.09733385e-02 -4.96846356e+00 -3.76961057e-01
2280             6.61251131e+02 1.89157221e+01 -8.00801747e+02 6.61322543e+02 2.38822972e+01 -8.00425682e+02 -7.14125793e-02 -4.96657507e+00 -3.76065742e-01
2290             6.61999714e+02 1.91722005e+01 -8.01879493e+02 6.62070974e+02 2.41368464e+01 -8.01503419e+02 -7.12600415e-02 -4.96464592e+00 -3.76074074e-01
2300             6.61087627e+02 1.87945701e+01 -8.00427244e+02 6.61158607e+02 2.37573785e+01 -8.00050955e+02 -7.09798653e-02 -4.96280841e+00 -3.76289304e-01
2310             6.60156098e+02 1.88359269e+01 -7.99496200e+02 6.60224649e+02 2.37978927e+01 -7.99116144e+02 -6.85506688e-02 -4.96196573e+00 -3.80055958e-01
2320             6.62460963e+02 1.91329804e+01 -8.02400771e+02 6.62528550e+02 2.40956277e+01 -8.02019083e+02 -6.75865343e-02 -4.96264726e+00 -3.81687395e-01
2330             6.61225043e+02 1.90761563e+01 -8.00705450e+02 6.61293312e+02 2.40385404e+01 -8.00324914e+02 -6.82687352e-02 -4.96238413e+00 -3.80536485e-01
2340             6.61861028e+02 1.90032474e+01 -8.01613737e+02 6.61929899e+02 2.39649448e+01 -8.01234264e+02 -6.88717041e-02 -4.96169741e+00 -3.79473006e-01
2350             6.60989512e+02 1.89898973e+01 -8.00450066e+02 6.61058917e+02 2.39507106e+01 -8.00071588e+02 -6.94050508e-02 -4.96081334e+00 -3.78478048e-01
2360             6.61738994e+02 1.88988613e+01 -8.01415204e+02 6.61809278e+02 2.38585956e+01 -8.01038258e+02 -7.02846713e-02 -4.95973421e+00 -3.76946016e-01
2370             6.62583366e+02 1.88768548e+01 -8.02532773e+02 6.62654098e+02 2.38343489e+01 -8.02156792e+02 -7.07317380e-02 -4.95749406e+00 -3.75980208e-01
2380             6.60624762e+02 1.87415452e+01 -7.99841588e+02 6.60695950e+02 2.36966875e+01 -7.99466570e+02 -7.11878994e-02 -4.95514228e+00 -3.75017147e-01
2390             6.61227433e+02 1.87706868e+01 -8.00468982e+02 6.61297397e+02 2.37241375e+01 -8.00092201e+02 -6.99634739e-02 -4.95345066e+00 -3.76781615e-01
2400             6.63643738e+02 1.92035202e+01 -8.03911967e+02 6.63711604e+02 2.41574358e+01 -8.03531729e+02 -6.78658960e-02 -4.95391558e+00 -3.80237920e-01
2410             6.60974293e+02 1.90584692e+01 -8.00230783e+02 6.61041219e+02 2.40135601e+01 -7.99848872e+02 -6.69263169e-02 -4.95509097e+00 -3.81910843e-01
2420             6.61622734e+02 1.89948781e+01 -8.00850158e+02 6.61690589e+02 2.39512366e+01 -8.00469491e+02 -6.78541249e-02 -4.95635853e+00 -3.80666833e-01
2430             6.62259386e+02 1.90090023e+01 -8.01952012e+02 6.62328104e+02 2.39661575e+01 -8.01572573e+02 -6.87173587e-02 -4.95715515e+00 -3.79438788e-01
2440             6.60535648e+02 1.88987703e+01 -7.99506326e+02 6.60605570e+02 2.38564634e+01 -7.99128651e+02 -6.99222087e-02 -4.95769313e+00 -3.77675453e-01
2450             6.64023506e+02 1.92244428e+01 -8.03961706e+02 6.64094261e+02 2.41827078e+01 -8.03585229e+02 -7.07546234e-02 -4.95826499e+00 -3.76476762e-01
2460             6.62606565e+02 1.92707000e+01 -8.02502497e+02 6.62677723e+02 2.42282066e+01 -8.02126636e+02 -7.11582669e-02 -4.95750659e+00 -3.75861403e-01
2470             6.62773789e+02 1.87016798e+01 -8.02153205e+02 6.62844976e+02 2.36593314e+01 -8.01777276e+02 -7.11874271e-02 -4.95765164e+00 -3.75929055e-01
2480             6.61408779e+02 1.88511041e+01 -8.00847699e+02 6.61480314e+02 2.38099452e+01 -8.00472072e+02 -7.15348287e-02 -4.95884109e+00 -3.75626313e-01
2490             6.63390265e+02 1.92119299e+01 -8.03077588e+02 6.63460884e+02 2.41719671e+01 -8.02700222e+02 -7.06188866e-02 -4.96003711e+00 -3.77365472e-01
2500             6.61604842e+02 1.89560353e+01 -8.00887984e+02 6.61673021e+02 2.39180659e+01 -8.00506401e+02 -6.81781316e-02 -4.96203065e+00 -3.81582355e-01
2510             6.61269968e+02 1.91149076e+01 -8.00401288e+02 6.61338255e+02 2.40799210e+01 -8.00019411e+02 -6.82863795e-02 -4.96501334e+00 -3.81877883e-01
2520             6.63310630e+02 1.92319615e+01 -8.03155836e+02 6.63380035e+02 2.41987572e+01 -8.02775451e+02 -6.94051449e-02 -4.96679570e+00 -3.80384657e-01
2530             6.64159842e+02 1.95154349e+01 -8.04293604e+02 6.64229872e+02 2.44829420e+01 -8.03914105e+02 -7.00300631e-02 -4.96750709e+00 -3.79498455e-01
2540             6.61957728e+02 1.89787532e+01 -8.01242691e+02 6.62028344e+02 2.39468418e+01 -8.00864053e+02 -7.06160374e-02 -4.96808860e+00 -3.78638040e-01
2550             6.61425720e+02 1.90081460e+01 -8.00799934e+02 6.61497504e+02 2.39759439e+01 -8.00423173e+02 -7.17842473e-02 -4.96779792e+00 -3.76760762e-01
2560             6.64386324e+02 1.91982105e+01 -8.04446132e+02 6.64457327e+02 2.41646701e+01 -8.04068324e+02 -7.10027422e-02 -4.96645955e+00 -3.77807321e-01
2570             6.63499137e+02 1.90235737e+01 -8.03356892e+02 6.63570264e+02 2.39895172e+01 -8.02979331e+02 -7.11278579e-02 -4.96594358e+00 -3.77560611e-01
2580             6.61209647e+02 1.89388279e+01 -8.00526424e+02 6.61280422e+02 2.39054659e+01 -8.00148220e+02 -7.07747178e-02 -4.96663804e+00 -3.78203632e-01
2590             6.62252911e+02 1.90215014e+01 -8.01721665e+02 6.62323573e+02 2.39893913e+01 -8.01343104e+02 -7.06619525e-02 -4.96788998e+00 -3.78561566e-01
2600             6.64196054e+02 1.93194758e+01 -8.04281419e+02 6.64267270e+02 2.42879519e+01 -8.03903615e+02 -7.12156464e-02 -4.96847607e+00 -3.77803977e-01
2610             6.62075465e+02 1.91084477e+01 -8.01458268e+02 6.62146554e+02 2.40764828e+01 -8.01080249e+02 -7.10892297e-02 -4.96803512e+00 -3.78019171e-01
2620             6.63470800e+02 1.89982923e+01 -8.03206666e+02 6.63540878e+02 2.39660756e+01 -8.02826994e+02 -7.00783560e-02 -4.96778331e+00 -3.79671667e-01
2630             6.62723484e+02 1.90929678e+01 -8.02239281e+02 6.62791973e+02 2.40614439e+01 -8.01856928e+02 -6.84887984e-02 -4.96847617e+00 -3.82352571e-01
2640             6.62814033e+02 1.91048291e+01 -8.02248234e+02 6.62881563e+02 2.40755781e+01 -8.01863977e+02 -6.75291041e-02 -4.97074892e+00 -3.84257158e-01
2650             6.63862328e+02 1.92400371e+01 -8.03843907e+02 6.63931004e+02 2.42117588e+01 -8.03461265e+02 -6.86758322e-02 -4.97172175e+00 -3.82642304e-01
2660             6.62808616e+02 1.89193919e+01 -8.02215765e+02 6.62878501e+02 2.38918432e+01 -8.01834875e+02 -6.98849489e-02 -4.97245131e+00 -3.80889967e-01
2670             6.62578765e+02 1.90174250e+01 -8.02081039e+02 6.62649436e+02 2.39900761e+01 -8.01701280e+02 -7.06701623e-02 -4.97265112e+00 -3.79758876e-01
2680             6.63323589e+02 1.91425354e+01 -8.03049634e+02 6.63395354e+02 2.41151501e+01 -8.02671533e+02 -7.17645970e-02 -4.97261469e+00 -3.78100787e-01
2690             6.63018404e+02 1.91511934e+01 -8.02562575e+02 6.63089632e+02 2.41223654e+01 -8.02183718e+02 -7.12278950e-02 -4.97117198e+00 -3.78857282e-01
2700             6.63835782e+02 1.92998570e+01 -8.03747616e+02 6.63907281e+02 2.42713820e+01 -8.03369102e+02 -7.14993140e-02 -4.97152505e+00 -3.78513842e-01
2710             6.62530213e+02 1.88784810e+01 -8.01502082e+02 6.62601860e+02 2.38500190e+01 -8.01123815e+02 -7.16477473e-02 -4.97153801e+00 -3.78267354e-01
2720             6.63821733e+02 1.91712450e+01 -8.03874521e+02 6.63893911e+02 2.41439046e+01 -8.03496973e+02 -7.21782514e-02 -4.97265956e+00 -3.77548156e-01
2730             6.64025981e+02 1.90167759e+01 -8.03688210e+02 6.64098290e+02 2.39888789e+01 -8.03310966e+02 -7.23086605e-02 -4.97210301e+00 -3.77244540e-01
2740             6.61976309e+02 1.90674161e+01 -8.01403204e+02 6.62048905e+02 2.40383108e+01 -8.01026556e+02 -7.25953316e-02 -4.97089470e+00 -3.76648540e-01
2750             6.62376241e+02 1.94037457e+01 -8.01970952e+02 6.62447550e+02 2.43737655e+01 -8.01592301e+02 -7.13082554e-02 -4.97001978e+00 -3.78650423e-01
2760             6.64978539e+02 1.92860589e+01 -8.05152047e+02 6.65047191e+02 2.42573365e+01 -8.04769039e+02 -6.86518535e-02 -4.97127759e+00 -3.83007697e-01
2770             6.62392726e+02 1.89227297e+01 -8.01801294e+02 6.62462699e+02 2.38958306e+01 -8.01420152e+02 -6.99730408e-02 -4.97310092e+00 -3.81142012e-01
2780             6.63328293e+02 1.89988724e+01 -8.02996387e+02 6.63398595e+02 2.39719356e+01 -8.02615767e+02 -7.03016382e-02 -4.97306323e+00 -3.80619979e-01
2790             6.64378617e+02 1.91536027e+01 -8.04376479e+02 6.64450425e+02 2.41266570e+01 -8.03998239e+02 -7.18076291e-02 -4.97305422e+00 -3.78239428e-01
2800             6.64084435e+02 1.90897430e+01 -8.03879554e+02 6.64157060e+02 2.40610925e+01 -8.03502799e+02 -7.26246183e-02 -4.97134953e+00 -3.76754756e-01
2810             6.62141015e+02 1.88744219e+01 -8.01466659e+02 6.62213532e+02 2.38446779e+01 -8.01089821e+02 -7.25172043e-02 -4.97025600e+00 -3.76838051e-01
2820             6.63897289e+02 1.91805307e+01 -8.03464788e+02 6.63968948e+02 2.41501762e+01 -8.03086684e+02 -7.16589136e-02 -4.96964545e+00 -3.78103590e-01
2830             6.63730851e+02 1.90967134e+01 -8.03504193e+02 6.63801843e+02 2.40660523e+01 -8.03125112e+02 -7.09922191e-02 -4.96933890e+00 -3.79081222e-01
2840             6.62911278e+02 1.90900302e+01 -8.02262082e+02 6.62982887e+02 2.40590247e+01 -8.01884029e+02 -7.16097183e-02 -4.96899449e+00 -3.78052605e-01
2850             6.64516636e+02 1.95459821e+01 -8.04571960e+02 6.64587490e+02 2.45134091e+01 -8.04192959e+02 -7.08541193e-02 -4.96742704e+00 -3.79001709e-01
2860             6.63456873e+02 1.90101731e+01 -8.02935111e+02 6.63527691e+02 2.39768294e+01 -8.02556175e+02 -7.08180083e-02 -4.96665636e+00 -3.78936403e-01
2870             6.64103856e+02 1.95216452e+01 -8.04043397e+02 6.64173610e+02 2.44880525e+01 -8.03662821e+02 -6.97543327e-02 -4.96640728e+00 -3.80576048e-01
2880             6.64331977e+02 1.92547394e+01 -8.04058018e+02 6.64400124e+02 2.42222109e+01 -8.03674712e+02 -6.81475188e-02 -4.96747146e+00 -3.83305229e-01
2890             6.64104286e+02 1.91394686e+01 -8.03928900e+02 6.64173480e+02 2.41080882e+01 -8.03547088e+02 -6.91935752e-02 -4.96861960e+00 -3.81811995e-01
2900             6.63912922e+02 1.94710958e+01 -8.03449874e+02 6.63982900e+02 2.44390908e+01 -8.03069376e+02 -6.99785295e-02 -4.96799491e+00 -3.80498366e-01
2910             6.64099904e+02 1.91153169e+01 -8.03879176e+02 6.64170746e+02 2.40835283e+01 -8.03499976e+02 -7.08425103e-02 -4.96821132e+00 -3.79200253e-01
2920             6.64098597e+02 1.91853597e+01 -8.03906817e+02 6.64171018e+02 2.41528172e+01 -8.03530153e+02 -7.24208642e-02 -4.96745755e+00 -3.76664565e-01
2930             6.62220712e+02 1.90484559e+01 -8.01304637e+02 6.62293231e+02 2.40146857e+01 -8.00928203e+02 -7.25184536e-02 -4.96622984e+00 -3.76434210e-01
2940             6.65288812e+02 1.96789085e+01 -8.05571991e+02 6.65361121e+02 2.46446302e+01 -8.05195268e+02 -7.23094372e-02 -4.96572177e+00 -3.76723745e-01
2950             6.64005056e+02 1.89923883e+01 -8.03759875e+02 6.64077717e+02 2.39580301e+01 -8.03383687e+02 -7.26616231e-02 -4.96564179e+00 -3.76188239e-01
2960             6.63188391e+02 1.92298936e+01 -8.02662700e+02 6.63259893e+02 2.41946808e+01 -8.02284773e+02 -7.15021933e-02 -4.96478725e+00 -3.77927025e-01
2970             6.63230405e+02 1.91480024e+01 -8.02557384e+02 6.63300234e+02 2.41135844e+01 -8.02176648e+02 -6.98286437e-02 -4.96558202e+00 -3.80735753e-01
2980             6.63869047e+02 1.94059603e+01 -8.03648069e+02 6.63938949e+02 2.43735598e+01 -8.03267203e+02 -6.99021071e-02 -4.96759950e+00 -3.80866608e-01
2990             6.64411173e+02 1.91166157e+01 -8.04364858e+02 6.64483027e+02 2.40849645e+01 -8.03986965e+02 -7.18541382e-02 -4.96834888e+00 -3.77892486e-01
3000             6.64629246e+02 1.91966000e+01 -8.04508372e+02 6.64701219e+02 2.41629852e+01 -8.04130903e+02 -7.19726183e-02 -4.96638519e+00 -3.77468045e-01
3010             6.62979728e+02 1.91460857e+01 -8.02308582e+02 6.63051627e+02 2.41118240e+01 -8.01931056e+02 -7.18985246e-02 -4.96573835e+00 -3.77526213e-01
3020             6.63144091e+02 1.89982294e+01 -8.02305612e+02 6.63216325e+02 2.39634631e+01 -8.01928629e+02 -7.22340201e-02 -4.96523376e+00 -3.76983467e-01
3030             6.64524646e+02 1.91445568e+01 -8.04453011e+02 6.64597245e+02 2.41095964e+01 -8.04076589e+02 -7.25984645e-02 -4.96503969e+00 -3.76422044e-01
3040             6.63475549e+02 1.93358440e+01 -8.03064641e+02 6.63546276e+02 2.43010872e+01 -8.02685173e+02 -7.07276266e-02 -4.96524322e+00 -3.79468007e-01
3050             6.63265862e+02 1.92499483e+01 -8.02668968e+02 6.63334609e+02 2.42177885e+01 -8.02285985e+02 -6.87465080e-02 -4.96784019e+00 -3.82983733e-01
3060             6.63720700e+02 1.89152564e+01 -8.03162986e+02 6.63790175e+02 2.38855474e+01 -8.02780814e+02 -6.94749255e-02 -4.97029102e+00 -3.82171991e-01
3070             6.62464207e+02 1.91614886e+01 -8.01794762e+02 6.62534752e+02 2.41326606e+01 -8.01414155e+02 -7.05447772e-02 -4.97117199e+00 -3.80606882e-01
3080             6.66256861e+02 1.92550886e+01 -8.06251521e+02 6.66328304e+02 2.42265096e+01 -8.05872294e+02 -7.14421293e-02 -4.97142096e+00 -3.79226877e-01
3090             6.64338275e+02 1.92909183e+01 -8.04390716e+02 6.64410995e+02 2.42615569e+01 -8.04013592e+02 -7.27196106e-02 -4.97063865e+00 -3.77123957e-01
3100             6.65467274e+02 1.95314264e+01 -8.05540992e+02 6.65539276e+02 2.45010607e+01 -8.05162855e+02 -7.20025620e-02 -4.96963434e+00 -3.78137082e-01
3110             6.63980199e+02 1.92170323e+01 -8.03776000e+02 6.64052255e+02 2.41868515e+01 -8.03397949e+02 -7.20559126e-02 -4.96981922e+00 -3.78050733e-01
3120             6.63633976e+02 1.87842590e+01 -8.02690880e+02 6.63705134e+02 2.37540633e+01 -8.02311381e+02 -7.11582011e-02 -4.96980429e+00 -3.79498610e-01
3130             6.65447061e+02 1.94300838e+01 -8.05662292e+02 6.65518029e+02 2.44013179e+01 -8.05282317e+02 -7.09682190e-02 -4.97123410e+00 -3.79975582e-01
3140             6.63200644e+02 1.91029146e+01 -8.02441157e+02 6.63271309e+02 2.40752274e+01 -8.02060508e+02 -7.06650077e-02 -4.97231277e+00 -3.80649509e-01
3150             6.64409651e+02 1.92944324e+01 -8.04018648e+02 6.64479466e+02 2.42681834e+01 -8.03636438e+02 -6.98155113e-02 -4.97375101e+00 -3.82210493e-01
3160             6.65383399e+02 1.90457109e+01 -8.05421033e+02 6.65454233e+02 2.40216769e+01 -8.05040118e+02 -7.08340947e-02 -4.97596597e+00 -3.80915060e-01
3170             6.65069046e+02 1.92321819e+01 -8.05194404e+02 6.65140618e+02 2.42087470e+01 -8.04814545e+02 -7.15715122e-02 -4.97656510e+00 -3.79858741e-01
3180             6.64503864e+02 1.91005139e+01 -8.03974703e+02 6.64576445e+02 2.40776764e+01 -8.03596341e+02 -7.25807782e-02 -4.97716255e+00 -3.78362414e-01
3190             6.65033565e+02 1.94152886e+01 -8.05068654e+02 6.65106681e+02 2.43916079e+01 -8.04691189e+02 -7.31165022e-02 -4.97631929e+00 -3.77464895e-01
3200             6.62209749e+02 1.88737928e+01 -8.01206847e+02 6.62282755e+02 2.38492464e+01 -8.00829235e+02 -7.30051042e-02 -4.97545354e+00 -3.77611789e-01
3210             6.64097080e+02 1.91371441e+01 -8.03399463e+02 6.64169869e+02 2.41121590e+01 -8.03021542e+02 -7.27889880e-02 -4.97501481e+00 -3.77920605e-01
3220             6.64086148e+02 1.91360130e+01 -8.03885405e+02 6.64157187e+02 2.41104899e+01 -8.03504709e+02 -7.10385666e-02 -4.97447687e+00 -3.80695206e-01
3230             6.64481033e+02 1.92446095e+01 -8.04232882e+02 6.64552183e+02 2.42206148e+01 -8.03852197e+02 -7.11497710e-02 -4.97600538e+00 -3.80684834e-01
3240             6.62472131e+02 1.88158717e+01 -8.01091781e+02 6.62542769e+02 2.37925909e+01 -8.00710166e+02 -7.06379871e-02 -4.97671918e+00 -3.81614951e-01
3250             6.63756664e+02 1.93546509e+01 -8.03295653e+02 6.63827341e+02 2.43313816e+01 -8.02914044e+02 -7.06761021e-02 -4.97673066e+00 -3.81608365e-01
3260             6.63543197e+02 1.92472532e+01 -8.03069201e+02 6.63614069e+02 2.42246497e+01 -8.02687792e+02 -7.08724776e-02 -4.97739646e+00 -3.81408601e-01
3270             6.65723652e+02 1.92238965e+01 -8.05768114e+02 6.65795833e+02 2.42022968e+01 -8.05388702e+02 -7.21806986e-02 -4.97840032e+00 -3.79412365e-01
3280             6.63592298e+02 1.92055195e+01 -8.02948229e+02 6.63664947e+02 2.41823208e+01 -8.02569773e+02 -7.26489326e-02 -4.97680134e+00 -3.78456543e-01
3290             6.64197800e+02 1.92331767e+01 -8.03769688e+02 6.64270709e+02 2.42082813e+01 -8.03391869e+02 -7.29088469e-02 -4.97510465e+00 -3.77819194e-01
3300             6.64811023e+02 1.93548925e+01 -8.04640218e+02 6.64881392e+02 2.43281979e+01 -8.04258623e+02 -7.03694512e-02 -4.97330544e+00 -3.81595157e-01
3310             6.66046692e+02 1.95321951e+01 -8.05861595e+02 6.66115596e+02 2.45068668e+01 -8.05477558e+02 -6.89040798e-02 -4.97467170e+00 -3.84036986e-01
3320             6.64689927e+02 1.93651959e+01 -8.04701467e+02 6.64760341e+02 2.43408874e+01 -8.04319767e+02 -7.04139161e-02 -4.97569146e+00 -3.81700558e-01
3330             6.64605707e+02 1.90301428e+01 -8.04145012e+02 6.64676326e+02 2.40052700e+01 -8.03763748e+02 -7.06191180e-02 -4.97512715e+00 -3.81263946e-01
3340             6.63257385e+02 1.90550929e+01 -8.02570450e+02 6.63329390e+02 2.40297335e+01 -8.02191484e+02 -7.20053893e-02 -4.97464055e+00 -3.78965232e-01
3350             6.63718670e+02 1.89988165e+01 -8.02962347e+02 6.63791284e+02 2.39712670e+01 -8.02584636e+02 -7.26145670e-02 -4.97245052e+00 -3.77710150e-01
3360             6.63483285e+02 1.89249037e+01 -8.02884656e+02 6.63555522e+02 2.38961215e+01 -8.02506506e+02 -7.22362084e-02 -4.97121772e+00 -3.78149866e-01
3370             6.65498381e+02 1.96453999e+01 -8.05196340e+02 6.65571014e+02 2.46152521e+01 -8.04819016e+02 -7.26325024e-02 -4.96985220e+00 -3.77324540e-01
3380             6.63169118e+02 1.91891019e+01 -8.02541835e+02 6.63241712e+02 2.41574783e+01 -8.02164646e+02 -7.25936860e-02 -4.96837644e+00 -3.77189168e-01
3390             6.63365694e+02 1.91097463e+01 -8.02843837e+02 6.63435923e+02 2.40774627e+01 -8.02462945e+02 -7.02289714e-02 -4.96771644e+00 -3.80891561e-01
3400             6.62661183e+02 1.89893199e+01 -8.01635866e+02 6.62730092e+02 2.39584646e+01 -8.01252706e+02 -6.89091909e-02 -4.96914471e+00 -3.83160026e-01
3410             6.64435595e+02 1.91817475e+01 -8.04080642e+02 6.64505483e+02 2.41517142e+01 -8.03698927e+02 -6.98883065e-02 -4.96996670e+00 -3.81714604e-01
3420             6.62545960e+02 1.90276824e+01 -8.01511154e+02 6.62616802e+02 2.39974229e+01 -8.01130969e+02 -7.08416021e-02 -4.96974041e+00 -3.80184442e-01
3430             6.64128687e+02 1.93256310e+01 -8.03566140e+02 6.64199880e+02 2.42947540e+01 -8.03186601e+02 -7.11932071e-02 -4.96912306e+00 -3.79539276e-01
3440             6.64142147e+02 1.92013160e+01 -8.03506283e+02 6.64214698e+02 2.41689487e+01 -8.03129099e+02 -7.25513589e-02 -4.96763278e+00 -3.77183808e-01
3450             6.64522149e+02 1.92733203e+01 -8.04333699e+02 6.64593956e+02 2.42389548e+01 -8.03955617e+02 -7.18067675e-02 -4.96563446e+00 -3.78082242e-01
3460             6.64148976e+02 1.91602517e+01 -8.03414513e+02 6.64220831e+02 2.41242235e+01 -8.03036748e+02 -7.18553050e-02 -4.96397177e+00 -3.77764696e-01
3470             6.64353347e+02 1.91867822e+01 -8.04045364e+02 6.64425435e+02 2.41497277e+01 -8.03668168e+02 -7.20883312e-02 -4.96294550e+00 -3.77195615e-01
3480             6.65070086e+02 1.92791756e+01 -8.04910792e+02 6.65141333e+02 2.42413160e+01 -8.04532432e+02 -7.12470183e-02 -4.96214045e+00 -3.78360655e-01
3490             6.65365498e+02 1.92815843e+01 -8.05168681e+02 6.65435266e+02 2.42438770e+01 -8.04788011e+02 -6.97675238e-02 -4.96229278e+00 -3.80670089e-01
3500             6.64529630e+02 1.92222766e+01 -8.04090510e+02 6.64597584e+02 2.41858855e+01 -8.03706853e+02 -6.79536521e-02 -4.96360894e+00 -3.83656625e-01
3510             6.64424848e+02 1.90503384e+01 -8.04021914e+02 6.64493525e+02 2.40148837e+01 -8.03639272e+02 -6.86767792e-02 -4.96454530e+00 -3.82641509e-01
3520             6.62869307e+02 1.90051314e+01 -8.01879398e+02 6.62938573e+02 2.39702483e+01 -8.01497624e+02 -6.92661891e-02 -4.96511690e+00 -3.81774147e-01
3530             6.65309857e+02 1.94085240e+01 -8.05354592e+02 6.65380319e+02 2.43738700e+01 -8.04974638e+02 -7.04619509e-02 -4.96534598e+00 -3.79953637e-01
3540             6.64965699e+02 1.91206583e+01 -8.04724818e+02 6.65036711e+02 2.40855239e+01 -8.04345802e+02 -7.10116766e-02 -4.96486563e+00 -3.79015235e-01
3550             6.64443306e+02 1.91119824e+01 -8.03932490e+02 6.64514346e+02 2.40761889e+01 -8.03553563e+02 -7.10401129e-02 -4.96420647e+00 -3.78926957e-01
3560             6.66069027e+02 1.94775180e+01 -8.06347164e+02 6.66140263e+02 2.44418214e+01 -8.05968495e+02 -7.12361978e-02 -4.96430333e+00 -3.78668218e-01
3570             6.63886442e+02 1.90249319e+01 -8.03249357e+02 6.63957998e+02 2.39902461e+01 -8.02871043e+02 -7.15561009e-02 -4.96531417e+00 -3.78314165e-01
3580             6.64451142e+02 1.94949156e+01 -8.04028904e+02 6.64523274e+02 2.44616325e+01 -8.03651245e+02 -7.21322497e-02 -4.96671690e+00 -3.77659320e-01
3590             6.64197846e+02 1.89781724e+01 -8.03841325e+02 6.64269663e+02 2.39454463e+01 -8.03462981e+02 -7.18172290e-02 -4.96727391e+00 -3.78343270e-01
3600             6.64714102e+02 1.92648133e+01 -8.04303097e+02 6.64783779e+02 2.42347812e+01 -8.03920933e+02 -6.96760576e-02 -4.96996789e+00 -3.82164318e-01
3610             6.63095431e+02 1.90141859e+01 -8.02365674e+02 6.63164283e+02 2.39873027e+01 -8.01981749e+02 -6.88516299e-02 -4.97311684e+00 -3.83924864e-01
3620             6.64713791e+02 1.94416375e+01 -8.04358462e+02 6.64784142e+02 2.44165122e+01 -8.03976659e+02 -7.03505049e-02 -4.97487474e+00 -3.81803277e-01
3630             6.64351319e+02 1.92788554e+01 -8.04060007e+02 6.64422570e+02 2.42540874e+01 -8.03679566e+02 -7.12511346e-02 -4.97523198e+00 -3.80441265e-01
3640             6.63568197e+02 1.92011615e+01 -8.03002282e+02 6.63639862e+02 2.41771358e+01 -8.02622352e+02 -7.16643781e-02 -4.97597425e+00 -3.79929519e-01
