# Force         
# CofR          : (0.00000000e+00 0.00000000e+00 0.00000000e+00)
#
# Time          	total_x total_y total_z	pressure_x pressure_y pressure_z	viscous_x viscous_y viscous_z
3.16946e-05      1.47861482e+01 7.02771112e+02 1.13230586e-18 6.01978044e+00 7.03094772e+02 1.13193112e-18 8.76636774e+00 -3.23660051e-01 3.74734350e-22
6.33662e-05      1.52813524e+01 7.02825965e+02 1.15573790e-18 6.52121070e+00 7.03153837e+02 1.15535909e-18 8.76014171e+00 -3.27871715e-01 3.78802790e-22
9.50402e-05      1.54842043e+01 7.02487357e+02 1.15956687e-18 6.73081850e+00 7.02817921e+02 1.15919581e-18 8.75338579e+00 -3.30564342e-01 3.71051880e-22
0.000126685      1.56104591e+01 7.02361073e+02 1.15985466e-18 6.86404849e+00 7.02693663e+02 1.15949401e-18 8.74641063e+00 -3.32589754e-01 3.60655276e-22
0.000158284      1.56231723e+01 7.02231856e+02 1.16162724e-18 6.88392236e+00 7.02566039e+02 1.16128655e-18 8.73924993e+00 -3.34183106e-01 3.40689444e-22
0.000189874      1.56001230e+01 7.01984462e+02 1.16728241e-18 6.86819859e+00 7.02319945e+02 1.16696915e-18 8.73192439e+00 -3.35483013e-01 3.13262028e-22
0.000221465      1.55731708e+01 7.01792811e+02 1.17273348e-18 6.84868027e+00 7.02129362e+02 1.17243991e-18 8.72449052e+00 -3.36550719e-01 2.93569649e-22
0.00025304       1.55418988e+01 7.01698952e+02 1.17815316e-18 6.82492690e+00 7.02036374e+02 1.17787246e-18 8.71697186e+00 -3.37421401e-01 2.80692069e-22
0.000284589      1.55322249e+01 7.01666031e+02 1.18243281e-18 6.82284781e+00 7.02004160e+02 1.18216263e-18 8.70937706e+00 -3.38128776e-01 2.70179266e-22
0.000316106      1.55394879e+01 7.01665640e+02 1.18575560e-18 6.83777200e+00 7.02004342e+02 1.18549461e-18 8.70171587e+00 -3.38701839e-01 2.60990706e-22
0.000347586      1.55461528e+01 7.01701251e+02 1.18801195e-18 6.85215179e+00 7.02040432e+02 1.18775245e-18 8.69400103e+00 -3.39180469e-01 2.59499487e-22
0.000379023      1.55579266e+01 7.01771658e+02 1.18906564e-18 6.87168128e+00 7.02111232e+02 1.18880655e-18 8.68624528e+00 -3.39574712e-01 2.59088118e-22
0.00041041       1.55725969e+01 7.01885527e+02 1.18917870e-18 6.89414070e+00 7.02225424e+02 1.18892601e-18 8.67845617e+00 -3.39897614e-01 2.52689885e-22
0.000441741      1.55927587e+01 7.02002330e+02 1.18834427e-18 6.92209906e+00 7.02342484e+02 1.18809799e-18 8.67065961e+00 -3.40153903e-01 2.46282635e-22
0.000473009      1.56064897e+01 7.02111069e+02 1.18707900e-18 6.94362081e+00 7.02451416e+02 1.18683808e-18 8.66286893e+00 -3.40347790e-01 2.40923422e-22
0.000504216      1.56141735e+01 7.02190317e+02 1.18563998e-18 6.95907362e+00 7.02530807e+02 1.18540595e-18 8.65509993e+00 -3.40490134e-01 2.34022712e-22
0.000535387      1.56196336e+01 7.02223248e+02 1.18418576e-18 6.97227619e+00 7.02563831e+02 1.18395959e-18 8.64735745e+00 -3.40583590e-01 2.26169546e-22
0.000566556      1.56218969e+01 7.02220464e+02 1.18297259e-18 6.98225631e+00 7.02561095e+02 1.18275317e-18 8.63964056e+00 -3.40631056e-01 2.19419958e-22
0.000597754      1.56250354e+01 7.02188687e+02 1.18208537e-18 6.99308768e+00 7.02529328e+02 1.18187151e-18 8.63194771e+00 -3.40641210e-01 2.13860862e-22
0.000628996      1.56300285e+01 7.02124596e+02 1.18144553e-18 7.00574523e+00 7.02465219e+02 1.18123471e-18 8.62428323e+00 -3.40623334e-01 2.10818338e-22
0.000660241      1.56348335e+01 7.02021205e+02 1.18123249e-18 7.01816814e+00 7.02361795e+02 1.18102265e-18 8.61666534e+00 -3.40590288e-01 2.09846185e-22
0.000691451      1.56400793e+01 7.01907489e+02 1.18146923e-18 7.03097607e+00 7.02248036e+02 1.18125940e-18 8.60910321e+00 -3.40547161e-01 2.09824164e-22
0.000722649      1.56443378e+01 7.01773369e+02 1.18200937e-18 7.04275082e+00 7.02113861e+02 1.18179818e-18 8.60158700e+00 -3.40492484e-01 2.11188782e-22
0.000753858      1.56477193e+01 7.01625369e+02 1.18287474e-18 7.05361003e+00 7.01965796e+02 1.18266135e-18 8.59410926e+00 -3.40427232e-01 2.13392229e-22
0.000785094      1.56498122e+01 7.01460060e+02 1.18391872e-18 7.06314631e+00 7.01800416e+02 1.18370308e-18 8.58666586e+00 -3.40355959e-01 2.15636419e-22
0.000816362      1.56520223e+01 7.01323300e+02 1.18510867e-18 7.07276553e+00 7.01663584e+02 1.18489118e-18 8.57925677e+00 -3.40283283e-01 2.17486917e-22
0.000847662      1.56522249e+01 7.01158698e+02 1.18640153e-18 7.08034161e+00 7.01498910e+02 1.18618286e-18 8.57188330e+00 -3.40211916e-01 2.18666287e-22
0.000878989      1.56515080e+01 7.00997833e+02 1.18773821e-18 7.08696128e+00 7.01337977e+02 1.18751927e-18 8.56454672e+00 -3.40143846e-01 2.18949442e-22
0.00091032       1.56491775e+01 7.00848206e+02 1.18903303e-18 7.09192381e+00 7.01188290e+02 1.18881455e-18 8.55725372e+00 -3.40084770e-01 2.18481847e-22
0.000941629      1.56477111e+01 7.00694979e+02 1.19027203e-18 7.09770029e+00 7.01035015e+02 1.19005454e-18 8.55001078e+00 -3.40035436e-01 2.17486403e-22
0.000972911      1.56454565e+01 7.00553755e+02 1.19138084e-18 7.10263853e+00 7.00893750e+02 1.19116480e-18 8.54281799e+00 -3.39995190e-01 2.16044929e-22
0.00100416       1.56440554e+01 7.00422231e+02 1.19236243e-18 7.10838098e+00 7.00762195e+02 1.19214786e-18 8.53567438e+00 -3.39963484e-01 2.14568182e-22
0.00103539       1.56420073e+01 7.00286678e+02 1.19315365e-18 7.11342731e+00 7.00626616e+02 1.19294015e-18 8.52858002e+00 -3.39938610e-01 2.13492341e-22
0.00106658       1.56405727e+01 7.00174234e+02 1.19380977e-18 7.11903737e+00 7.00514154e+02 1.19359727e-18 8.52153529e+00 -3.39919903e-01 2.12501257e-22
0.00109774       1.56395834e+01 7.00071230e+02 1.19430604e-18 7.12504367e+00 7.00411137e+02 1.19409436e-18 8.51453977e+00 -3.39906686e-01 2.11687467e-22
0.00112888       1.56385221e+01 6.99972323e+02 1.19465716e-18 7.13093024e+00 7.00312220e+02 1.19444618e-18 8.50759189e+00 -3.39896979e-01 2.10978896e-22
0.00116          1.56369701e+01 6.99882193e+02 1.19487966e-18 7.13628023e+00 7.00222084e+02 1.19466942e-18 8.50068992e+00 -3.39890817e-01 2.10243686e-22
0.0011911        1.56353620e+01 6.99798762e+02 1.19500680e-18 7.14153002e+00 7.00138648e+02 1.19479726e-18 8.49383198e+00 -3.39885816e-01 2.09539519e-22
0.0012222        1.56329036e+01 6.99720250e+02 1.19504777e-18 7.14588700e+00 7.00060131e+02 1.19483900e-18 8.48701660e+00 -3.39880217e-01 2.08777128e-22
0.0012533        1.56301834e+01 6.99648993e+02 1.19503954e-18 7.14994027e+00 6.99988868e+02 1.19483163e-18 8.48024316e+00 -3.39874986e-01 2.07906867e-22
0.00128439       1.56273753e+01 6.99586162e+02 1.19499919e-18 7.15386381e+00 6.99926031e+02 1.19479221e-18 8.47351153e+00 -3.39868710e-01 2.06981513e-22
0.0013155        1.56232763e+01 6.99527516e+02 1.19492466e-18 7.15645456e+00 6.99867377e+02 1.19471862e-18 8.46682175e+00 -3.39860936e-01 2.06038853e-22
0.00134661       1.56196232e+01 6.99475758e+02 1.19486261e-18 7.15944808e+00 6.99815610e+02 1.19465754e-18 8.46017510e+00 -3.39851713e-01 2.05072950e-22
0.00137771       1.56149955e+01 6.99429465e+02 1.19479528e-18 7.16141903e+00 6.99769306e+02 1.19459104e-18 8.45357643e+00 -3.39841627e-01 2.04237568e-22
0.0014088        1.56095253e+01 6.99388952e+02 1.19474486e-18 7.16249968e+00 6.99728782e+02 1.19454139e-18 8.44702562e+00 -3.39829560e-01 2.03476345e-22
0.00143988       1.56041475e+01 6.99351474e+02 1.19473015e-18 7.16362553e+00 6.99691288e+02 1.19452736e-18 8.44052193e+00 -3.39814626e-01 2.02790198e-22
0.00147097       1.55975188e+01 6.99318200e+02 1.19472679e-18 7.16345427e+00 6.99657996e+02 1.19452467e-18 8.43406451e+00 -3.39795696e-01 2.02126850e-22
0.00150205       1.55910641e+01 6.99289469e+02 1.19476201e-18 7.16341043e+00 6.99629241e+02 1.19456052e-18 8.42765363e+00 -3.39772455e-01 2.01487650e-22
0.00153314       1.55840646e+01 6.99264578e+02 1.19481777e-18 7.16277642e+00 6.99604322e+02 1.19461669e-18 8.42128813e+00 -3.39744002e-01 2.01083686e-22
0.00156424       1.55766167e+01 6.99242320e+02 1.19488164e-18 7.16164878e+00 6.99582030e+02 1.19468089e-18 8.41496795e+00 -3.39709964e-01 2.00751938e-22
0.00159534       1.55696610e+01 6.99224818e+02 1.19496531e-18 7.16096795e+00 6.99564488e+02 1.19476487e-18 8.40869309e+00 -3.39669764e-01 2.00438507e-22
0.00162646       1.55620665e+01 6.99209721e+02 1.19505746e-18 7.15960311e+00 6.99549344e+02 1.19485714e-18 8.40246339e+00 -3.39623608e-01 2.00322612e-22
0.00165758       1.55548010e+01 6.99199538e+02 1.19514989e-18 7.15852185e+00 6.99539110e+02 1.19494951e-18 8.39627915e+00 -3.39571980e-01 2.00381075e-22
0.00168872       1.55477580e+01 6.99194192e+02 1.19525555e-18 7.15761734e+00 6.99533706e+02 1.19505506e-18 8.39014062e+00 -3.39514623e-01 2.00495198e-22
0.00171986       1.55401370e+01 6.99188169e+02 1.19534162e-18 7.15608956e+00 6.99527621e+02 1.19514093e-18 8.38404743e+00 -3.39451813e-01 2.00688881e-22
0.00175101       1.55331442e+01 6.99186094e+02 1.19543165e-18 7.15514360e+00 6.99525477e+02 1.19523065e-18 8.37800064e+00 -3.39382749e-01 2.01000218e-22
0.00178217       1.55260546e+01 6.99185716e+02 1.19550802e-18 7.15405379e+00 6.99525023e+02 1.19530673e-18 8.37200079e+00 -3.39307028e-01 2.01291026e-22
0.00181333       1.55190575e+01 6.99187148e+02 1.19556901e-18 7.15300936e+00 6.99526373e+02 1.19536757e-18 8.36604817e+00 -3.39225118e-01 2.01432671e-22
0.0018445        1.55129517e+01 6.99194149e+02 1.19562276e-18 7.15280865e+00 6.99533286e+02 1.19542124e-18 8.36014305e+00 -3.39137163e-01 2.01520758e-22
0.00187567       1.55067578e+01 6.99204994e+02 1.19565098e-18 7.15247169e+00 6.99544037e+02 1.19544945e-18 8.35428609e+00 -3.39042916e-01 2.01525477e-22
0.00190685       1.55007888e+01 6.99194658e+02 1.19568341e-18 7.15231156e+00 6.99533601e+02 1.19548188e-18 8.34847725e+00 -3.38942809e-01 2.01536455e-22
0.00193803       1.54952435e+01 6.99207183e+02 1.19570633e-18 7.15252756e+00 6.99546019e+02 1.19550474e-18 8.34271595e+00 -3.38836806e-01 2.01593800e-22
0.00196921       1.54895828e+01 6.99214558e+02 1.19571169e-18 7.15258059e+00 6.99553283e+02 1.19550998e-18 8.33700226e+00 -3.38725538e-01 2.01717898e-22
0.00200039       1.54844494e+01 6.99221524e+02 1.19573260e-18 7.15311375e+00 6.99560133e+02 1.19553075e-18 8.33133568e+00 -3.38608961e-01 2.01849417e-22
0.00203157       1.54791139e+01 6.99226280e+02 1.19575410e-18 7.15339777e+00 6.99564768e+02 1.19555209e-18 8.32571612e+00 -3.38488113e-01 2.02012889e-22
0.00206276       1.54737398e+01 6.99231831e+02 1.19577673e-18 7.15359634e+00 6.99570194e+02 1.19557455e-18 8.32014342e+00 -3.38362583e-01 2.02180773e-22
0.00209394       1.54689825e+01 6.99240037e+02 1.19581494e-18 7.15436467e+00 6.99578269e+02 1.19561259e-18 8.31461786e+00 -3.38232112e-01 2.02352547e-22
0.00212512       1.54636714e+01 6.99245598e+02 1.19584916e-18 7.15453269e+00 6.99583694e+02 1.19564665e-18 8.30913875e+00 -3.38095900e-01 2.02508868e-22
0.0021563        1.54581765e+01 6.99250203e+02 1.19588530e-18 7.15447124e+00 6.99588157e+02 1.19568267e-18 8.30370522e+00 -3.37953934e-01 2.02628330e-22
0.00218748       1.54532693e+01 6.99256205e+02 1.19594795e-18 7.15495304e+00 6.99594010e+02 1.19574526e-18 8.29831624e+00 -3.37805474e-01 2.02688269e-22
0.00221865       1.54474749e+01 6.99258931e+02 1.19599596e-18 7.15450445e+00 6.99596582e+02 1.19579317e-18 8.29297048e+00 -3.37650447e-01 2.02790487e-22
0.00224983       1.54425957e+01 6.99264765e+02 1.19606814e-18 7.15492854e+00 6.99602255e+02 1.19586527e-18 8.28766713e+00 -3.37489329e-01 2.02862116e-22
0.00228101       1.54371876e+01 6.99267879e+02 1.19611997e-18 7.15478272e+00 6.99605201e+02 1.19591705e-18 8.28240486e+00 -3.37322119e-01 2.02914203e-22
0.00231218       1.54315510e+01 6.99271937e+02 1.19616558e-18 7.15436856e+00 6.99609087e+02 1.19596264e-18 8.27718247e+00 -3.37150051e-01 2.02936231e-22
0.00234335       1.54263473e+01 6.99277759e+02 1.19621517e-18 7.15434832e+00 6.99614732e+02 1.19601223e-18 8.27199897e+00 -3.36973222e-01 2.02939282e-22
0.00237453       1.54205451e+01 6.99281814e+02 1.19625087e-18 7.15369141e+00 6.99618605e+02 1.19604795e-18 8.26685371e+00 -3.36791436e-01 2.02927155e-22
0.0024057        1.54150469e+01 6.99286400e+02 1.19628959e-18 7.15330148e+00 6.99623004e+02 1.19608664e-18 8.26174545e+00 -3.36604020e-01 2.02950480e-22
0.00243687       1.54094739e+01 6.99291735e+02 1.19632055e-18 7.15279989e+00 6.99628146e+02 1.19611749e-18 8.25667399e+00 -3.36411068e-01 2.03059451e-22
0.00246804       1.54034504e+01 6.99294425e+02 1.19634904e-18 7.15181206e+00 6.99630638e+02 1.19614588e-18 8.25163839e+00 -3.36213041e-01 2.03164713e-22
0.00249921       1.53978979e+01 6.99298733e+02 1.19638615e-18 7.15125943e+00 6.99634743e+02 1.19618288e-18 8.24663847e+00 -3.36009949e-01 2.03272422e-22
0.00253038       1.53922246e+01 6.99301326e+02 1.19642269e-18 7.15055017e+00 6.99637128e+02 1.19621924e-18 8.24167443e+00 -3.35801890e-01 2.03445695e-22
0.00256155       1.53864984e+01 6.99304359e+02 1.19645436e-18 7.14975262e+00 6.99639948e+02 1.19625075e-18 8.23674577e+00 -3.35588757e-01 2.03606787e-22
0.00259271       1.53812184e+01 6.99309581e+02 1.19650322e-18 7.14936602e+00 6.99644951e+02 1.19629947e-18 8.23185241e+00 -3.35370227e-01 2.03753654e-22
0.00262388       1.53755692e+01 6.99313278e+02 1.19655036e-18 7.14857476e+00 6.99648426e+02 1.19634645e-18 8.22699446e+00 -3.35147120e-01 2.03915307e-22
0.00265505       1.53697795e+01 6.99315707e+02 1.19660771e-18 7.14760770e+00 6.99650627e+02 1.19640372e-18 8.22217184e+00 -3.34919831e-01 2.03992961e-22
0.00268622       1.53642561e+01 6.99319571e+02 1.19668475e-18 7.14687100e+00 6.99654260e+02 1.19648067e-18 8.21738511e+00 -3.34688833e-01 2.04074185e-22
0.00271738       1.53587525e+01 6.99324649e+02 1.19677132e-18 7.14611885e+00 6.99659103e+02 1.19656714e-18 8.21263365e+00 -3.34454094e-01 2.04173062e-22
0.00274855       1.53538428e+01 6.99332147e+02 1.19686911e-18 7.14592525e+00 6.99666362e+02 1.19666486e-18 8.20791757e+00 -3.34215728e-01 2.04245073e-22
0.00277972       1.53487233e+01 6.99338867e+02 1.19696122e-18 7.14548656e+00 6.99672839e+02 1.19675708e-18 8.20323675e+00 -3.33972321e-01 2.04139069e-22
0.00281088       1.53437737e+01 6.99347473e+02 1.19705985e-18 7.14518244e+00 6.99681198e+02 1.19685591e-18 8.19859123e+00 -3.33725043e-01 2.03936990e-22
0.00284205       1.53389697e+01 6.99356335e+02 1.19716951e-18 7.14498936e+00 6.99689809e+02 1.19696580e-18 8.19398035e+00 -3.33474340e-01 2.03709413e-22
0.00287322       1.53339339e+01 6.99364419e+02 1.19726879e-18 7.14453070e+00 6.99697639e+02 1.19706535e-18 8.18940317e+00 -3.33219870e-01 2.03442238e-22
0.00290438       1.53291853e+01 6.99373415e+02 1.19737287e-18 7.14432597e+00 6.99706377e+02 1.19716974e-18 8.18485933e+00 -3.32961970e-01 2.03129110e-22
0.00293555       1.53242004e+01 6.99379396e+02 1.19746859e-18 7.14385125e+00 6.99712097e+02 1.19726590e-18 8.18034915e+00 -3.32700917e-01 2.02687888e-22
0.00296671       1.53193965e+01 6.99387446e+02 1.19756118e-18 7.14352410e+00 6.99719883e+02 1.19735896e-18 8.17587239e+00 -3.32437321e-01 2.02218951e-22
0.00299788       1.53149178e+01 6.99395349e+02 1.19766021e-18 7.14348935e+00 6.99727521e+02 1.19745820e-18 8.17142845e+00 -3.32171545e-01 2.02012347e-22
0.00302904       1.53102480e+01 6.99403419e+02 1.19775021e-18 7.14323059e+00 6.99735322e+02 1.19754839e-18 8.16701740e+00 -3.31903510e-01 2.01823015e-22
0.00306021       1.53057818e+01 6.99410003e+02 1.19783196e-18 7.14314255e+00 6.99741637e+02 1.19763035e-18 8.16263927e+00 -3.31633603e-01 2.01606884e-22
0.00309137       1.53014344e+01 6.99415556e+02 1.19791287e-18 7.14314033e+00 6.99746917e+02 1.19771155e-18 8.15829403e+00 -3.31360882e-01 2.01320966e-22
0.00312253       1.52969616e+01 6.99421124e+02 1.19797982e-18 7.14297948e+00 6.99752210e+02 1.19777885e-18 8.15398209e+00 -3.31085841e-01 2.00969915e-22
0.0031537        1.52925694e+01 6.99425233e+02 1.19805112e-18 7.14286551e+00 6.99756042e+02 1.19785049e-18 8.14970393e+00 -3.30808936e-01 2.00630416e-22
0.00318486       1.52881125e+01 6.99430627e+02 1.19810469e-18 7.14265263e+00 6.99761157e+02 1.19790438e-18 8.14545986e+00 -3.30530420e-01 2.00316041e-22
0.00321603       1.52833771e+01 6.99433249e+02 1.19815444e-18 7.14212660e+00 6.99763499e+02 1.19795427e-18 8.14125047e+00 -3.30250492e-01 2.00174953e-22
0.00324719       1.52788869e+01 6.99436411e+02 1.19820706e-18 7.14181076e+00 6.99766380e+02 1.19800702e-18 8.13707617e+00 -3.29968995e-01 2.00040892e-22
0.00327836       1.52741465e+01 6.99439965e+02 1.19825941e-18 7.14120890e+00 6.99769651e+02 1.19805948e-18 8.13293758e+00 -3.29686106e-01 1.99926233e-22
0.00330952       1.52694042e+01 6.99442839e+02 1.19830929e-18 7.14056894e+00 6.99772241e+02 1.19810947e-18 8.12883523e+00 -3.29402304e-01 1.99819368e-22
0.00334068       1.52645669e+01 6.99445250e+02 1.19836087e-18 7.13979731e+00 6.99774368e+02 1.19816128e-18 8.12476959e+00 -3.29117968e-01 1.99594998e-22
0.00337185       1.52595577e+01 6.99447000e+02 1.19840348e-18 7.13881607e+00 6.99775833e+02 1.19820408e-18 8.12074163e+00 -3.28833330e-01 1.99401395e-22
0.00340301       1.52550200e+01 6.99451783e+02 1.19846030e-18 7.13826809e+00 6.99780331e+02 1.19826107e-18 8.11675187e+00 -3.28548229e-01 1.99225348e-22
0.00343417       1.52505089e+01 6.99457134e+02 1.19851860e-18 7.13770753e+00 6.99785397e+02 1.19831955e-18 8.11280137e+00 -3.28262943e-01 1.99050263e-22
0.00346533       1.52461252e+01 6.99463033e+02 1.19857580e-18 7.13723445e+00 6.99791010e+02 1.19837693e-18 8.10889078e+00 -3.27977555e-01 1.98873747e-22
0.0034965        1.52419162e+01 6.99470008e+02 1.19864697e-18 7.13689509e+00 6.99797700e+02 1.19844840e-18 8.10502108e+00 -3.27691991e-01 1.98575233e-22
0.00352766       1.52379163e+01 6.99479140e+02 1.19871121e-18 7.13672263e+00 6.99806547e+02 1.19851316e-18 8.10119368e+00 -3.27406907e-01 1.98050277e-22
0.00355882       1.52341294e+01 6.99489035e+02 1.19878054e-18 7.13671973e+00 6.99816158e+02 1.19858305e-18 8.09740966e+00 -3.27122635e-01 1.97486354e-22
0.00358998       1.52304984e+01 6.99499782e+02 1.19884835e-18 7.13682790e+00 6.99826621e+02 1.19865142e-18 8.09367052e+00 -3.26838938e-01 1.96927333e-22
0.00362115       1.52269994e+01 6.99511336e+02 1.19891136e-18 7.13702180e+00 6.99837893e+02 1.19871492e-18 8.08997757e+00 -3.26556882e-01 1.96438495e-22
0.00365231       1.52237659e+01 6.99522817e+02 1.19897905e-18 7.13743371e+00 6.99849093e+02 1.19878308e-18 8.08633223e+00 -3.26276651e-01 1.95965621e-22
0.00368347       1.52204609e+01 6.99533593e+02 1.19904185e-18 7.13772464e+00 6.99859592e+02 1.19884634e-18 8.08273624e+00 -3.25998228e-01 1.95513738e-22
0.00371463       1.52173105e+01 6.99544441e+02 1.19909476e-18 7.13811973e+00 6.99870163e+02 1.19889971e-18 8.07919078e+00 -3.25722308e-01 1.95055471e-22
0.00374579       1.52142857e+01 6.99555688e+02 1.19914517e-18 7.13858835e+00 6.99881138e+02 1.19895059e-18 8.07569731e+00 -3.25449342e-01 1.94582513e-22
0.00377696       1.52110476e+01 6.99565159e+02 1.19918317e-18 7.13879009e+00 6.99890338e+02 1.19898907e-18 8.07225752e+00 -3.25179456e-01 1.94098924e-22
0.00380812       1.52080852e+01 6.99575139e+02 1.19921620e-18 7.13921211e+00 6.99900051e+02 1.19902257e-18 8.06887305e+00 -3.24912414e-01 1.93636226e-22
0.00383928       1.52049445e+01 6.99583949e+02 1.19924571e-18 7.13939904e+00 6.99908597e+02 1.19905229e-18 8.06554549e+00 -3.24648388e-01 1.93427851e-22
0.00387044       1.52017960e+01 6.99592117e+02 1.19926201e-18 7.13951966e+00 6.99916505e+02 1.19906878e-18 8.06227634e+00 -3.24388061e-01 1.93228922e-22
0.0039016        1.51988793e+01 6.99599937e+02 1.19927642e-18 7.13981200e+00 6.99924069e+02 1.19908335e-18 8.05906733e+00 -3.24131820e-01 1.93070751e-22
0.00393276       1.51956944e+01 6.99605571e+02 1.19928496e-18 7.13977415e+00 6.99929450e+02 1.19909198e-18 8.05592020e+00 -3.23879820e-01 1.92980463e-22
0.00396392       1.51924192e+01 6.99609871e+02 1.19928599e-18 7.13958254e+00 6.99933504e+02 1.19909311e-18 8.05283668e+00 -3.23632617e-01 1.92884660e-22
0.00399508       1.51891181e+01 6.99612729e+02 1.19928500e-18 7.13929950e+00 6.99936120e+02 1.19909226e-18 8.04981856e+00 -3.23390572e-01 1.92734459e-22
0.00402624       1.51856510e+01 6.99614950e+02 1.19926824e-18 7.13878331e+00 6.99938104e+02 1.19907562e-18 8.04686769e+00 -3.23153774e-01 1.92622261e-22
0.0040574        1.51821209e+01 6.99615305e+02 1.19925391e-18 7.13813501e+00 6.99938227e+02 1.19906139e-18 8.04398587e+00 -3.22922732e-01 1.92520422e-22
0.00408856       1.51784793e+01 6.99614261e+02 1.19923298e-18 7.13730431e+00 6.99936959e+02 1.19904054e-18 8.04117495e+00 -3.22697716e-01 1.92432350e-22
0.00411972       1.51747742e+01 6.99612176e+02 1.19920528e-18 7.13633736e+00 6.99934655e+02 1.19901293e-18 8.03843680e+00 -3.22479094e-01 1.92348900e-22
0.00415088       1.51711707e+01 6.99609510e+02 1.19917878e-18 7.13539743e+00 6.99931777e+02 1.19898655e-18 8.03577323e+00 -3.22267088e-01 1.92225558e-22
0.00418204       1.51674799e+01 6.99605911e+02 1.19914197e-18 7.13429396e+00 6.99927973e+02 1.19894985e-18 8.03318591e+00 -3.22062118e-01 1.92120113e-22
0.0042132        1.51638858e+01 6.99602339e+02 1.19910213e-18 7.13320933e+00 6.99924203e+02 1.19891011e-18 8.03067651e+00 -3.21864543e-01 1.92020613e-22
0.00424436       1.51604805e+01 6.99598887e+02 1.19905540e-18 7.13223410e+00 6.99920562e+02 1.19886347e-18 8.02824644e+00 -3.21674468e-01 1.91922666e-22
0.00427552       1.51570701e+01 6.99596405e+02 1.19900241e-18 7.13117325e+00 6.99917897e+02 1.19881058e-18 8.02589683e+00 -3.21492100e-01 1.91836413e-22
0.00430668       1.51539745e+01 6.99593694e+02 1.19894865e-18 7.13034577e+00 6.99915012e+02 1.19875692e-18 8.02362872e+00 -3.21317649e-01 1.91722832e-22
0.00433784       1.51509657e+01 6.99590983e+02 1.19888987e-18 7.12952279e+00 6.99912135e+02 1.19869827e-18 8.02144292e+00 -3.21151451e-01 1.91595890e-22
0.004369         1.51481613e+01 6.99588923e+02 1.19882323e-18 7.12882104e+00 6.99909917e+02 1.19863175e-18 8.01934025e+00 -3.20993901e-01 1.91477618e-22
0.00440016       1.51458564e+01 6.99589868e+02 1.19874602e-18 7.12853523e+00 6.99910713e+02 1.19855466e-18 8.01732118e+00 -3.20844975e-01 1.91359544e-22
0.00443132       1.51437018e+01 6.99592018e+02 1.19865267e-18 7.12831557e+00 6.99912723e+02 1.19846143e-18 8.01538622e+00 -3.20704700e-01 1.91241768e-22
0.00446249       1.51418686e+01 6.99595491e+02 1.19855132e-18 7.12833279e+00 6.99916064e+02 1.19836020e-18 8.01353582e+00 -3.20573167e-01 1.91120557e-22
0.00449365       1.51402424e+01 6.99599755e+02 1.19844227e-18 7.12847224e+00 6.99920206e+02 1.19825128e-18 8.01177019e+00 -3.20450471e-01 1.90992360e-22
0.00452481       1.51388292e+01 6.99605062e+02 1.19832077e-18 7.12873968e+00 6.99925399e+02 1.19812992e-18 8.01008952e+00 -3.20336975e-01 1.90857745e-22
0.00455597       1.51377197e+01 6.99611762e+02 1.19819533e-18 7.12922569e+00 6.99931995e+02 1.19800461e-18 8.00849405e+00 -3.20232947e-01 1.90721576e-22
0.00458713       1.51367131e+01 6.99619212e+02 1.19805584e-18 7.12972910e+00 6.99939350e+02 1.19786526e-18 8.00698402e+00 -3.20138343e-01 1.90583397e-22
0.00461829       1.51359121e+01 6.99625931e+02 1.19791294e-18 7.13035244e+00 6.99945985e+02 1.19772250e-18 8.00555970e+00 -3.20053097e-01 1.90441401e-22
0.00464945       1.51351328e+01 6.99633390e+02 1.19775382e-18 7.13091163e+00 6.99953367e+02 1.19756352e-18 8.00422116e+00 -3.19977499e-01 1.90300827e-22
0.00468061       1.51341651e+01 6.99639102e+02 1.19758776e-18 7.13119668e+00 6.99959014e+02 1.19739760e-18 8.00296847e+00 -3.19911557e-01 1.90165949e-22
0.00471177       1.51333960e+01 6.99644738e+02 1.19741750e-18 7.13159441e+00 6.99964593e+02 1.19722745e-18 8.00180160e+00 -3.19855255e-01 1.90048174e-22
0.00474293       1.51327878e+01 6.99651408e+02 1.19724513e-18 7.13206721e+00 6.99971216e+02 1.19705518e-18 8.00072058e+00 -3.19808494e-01 1.89949314e-22
0.00477409       1.51321191e+01 6.99654923e+02 1.19706940e-18 7.13239379e+00 6.99974695e+02 1.19687953e-18 7.99972535e+00 -3.19771372e-01 1.89874613e-22
0.00480525       1.51315907e+01 6.99658788e+02 1.19689136e-18 7.13277495e+00 6.99978532e+02 1.19670154e-18 7.99881580e+00 -3.19743947e-01 1.89824280e-22
0.00483641       1.51309652e+01 6.99662747e+02 1.19671098e-18 7.13297356e+00 6.99982473e+02 1.19652118e-18 7.99799162e+00 -3.19726290e-01 1.89801358e-22
0.00486757       1.51303920e+01 6.99666405e+02 1.19652655e-18 7.13313941e+00 6.99986123e+02 1.19633675e-18 7.99725263e+00 -3.19718352e-01 1.89797601e-22
0.00489873       1.51299223e+01 6.99669071e+02 1.19634611e-18 7.13332383e+00 6.99988791e+02 1.19615628e-18 7.99659850e+00 -3.19720131e-01 1.89836142e-22
0.00492989       1.51291111e+01 6.99669235e+02 1.19616546e-18 7.13308245e+00 6.99988966e+02 1.19597553e-18 7.99602863e+00 -3.19731660e-01 1.89936226e-22
0.00496105       1.51286116e+01 6.99670610e+02 1.19596691e-18 7.13306950e+00 6.99990363e+02 1.19577688e-18 7.99554215e+00 -3.19753396e-01 1.90035046e-22
0.00499221       1.51280426e+01 6.99671108e+02 1.19577223e-18 7.13290456e+00 6.99990894e+02 1.19558206e-18 7.99513805e+00 -3.19785168e-01 1.90169172e-22
0.00502337       1.51275004e+01 6.99672410e+02 1.19557771e-18 7.13268521e+00 6.99992237e+02 1.19538736e-18 7.99481520e+00 -3.19826876e-01 1.90342246e-22
0.00505453       1.51272332e+01 6.99673373e+02 1.19538947e-18 7.13266079e+00 6.99993252e+02 1.19519892e-18 7.99457244e+00 -3.19878217e-01 1.90553423e-22
0.00508569       1.51269495e+01 6.99674411e+02 1.19520019e-18 7.13254092e+00 6.99994350e+02 1.19500939e-18 7.99440863e+00 -3.19939023e-01 1.90804771e-22
0.00511685       1.51267657e+01 6.99675553e+02 1.19501196e-18 7.13244309e+00 6.99995562e+02 1.19482087e-18 7.99432263e+00 -3.20008946e-01 1.91089332e-22
0.00514801       1.51267667e+01 6.99677153e+02 1.19483043e-18 7.13245349e+00 6.99997240e+02 1.19463903e-18 7.99431323e+00 -3.20087814e-01 1.91400444e-22
0.00517917       1.51268699e+01 6.99679765e+02 1.19464831e-18 7.13249070e+00 6.99999940e+02 1.19445658e-18 7.99437917e+00 -3.20175515e-01 1.91734916e-22
0.00521033       1.51271104e+01 6.99682534e+02 1.19447217e-18 7.13259128e+00 7.00002806e+02 1.19428009e-18 7.99451908e+00 -3.20271873e-01 1.92080617e-22
0.00524149       1.51273387e+01 6.99684052e+02 1.19430336e-18 7.13260705e+00 7.00004429e+02 1.19411094e-18 7.99473161e+00 -3.20376757e-01 1.92421148e-22
0.00527265       1.51277113e+01 6.99686961e+02 1.19413548e-18 7.13269596e+00 7.00007451e+02 1.19394274e-18 7.99501529e+00 -3.20490185e-01 1.92732985e-22
0.00530381       1.51281122e+01 6.99689447e+02 1.19397776e-18 7.13274337e+00 7.00010059e+02 1.19378474e-18 7.99536884e+00 -3.20612003e-01 1.93014744e-22
0.00533497       1.51285557e+01 6.99693041e+02 1.19382307e-18 7.13276470e+00 7.00013783e+02 1.19362981e-18 7.99579099e+00 -3.20742392e-01 1.93261519e-22
0.00536613       1.51289102e+01 6.99688468e+02 1.19367439e-18 7.13262973e+00 7.00009350e+02 1.19348093e-18 7.99628045e+00 -3.20881249e-01 1.93467079e-22
0.00539729       1.51293410e+01 6.99690087e+02 1.19352664e-18 7.13250515e+00 7.00011115e+02 1.19333300e-18 7.99683581e+00 -3.21028162e-01 1.93635246e-22
0.00542845       1.51297153e+01 6.99690184e+02 1.19338217e-18 7.13225974e+00 7.00011367e+02 1.19318842e-18 7.99745556e+00 -3.21182857e-01 1.93741869e-22
0.00545961       1.51300922e+01 6.99689559e+02 1.19324106e-18 7.13195419e+00 7.00010904e+02 1.19304726e-18 7.99813800e+00 -3.21345221e-01 1.93799274e-22
0.00549078       1.51303956e+01 6.99688223e+02 1.19310376e-18 7.13151426e+00 7.00009738e+02 1.19290994e-18 7.99888135e+00 -3.21514940e-01 1.93824795e-22
0.00552194       1.51306443e+01 6.99685340e+02 1.19296915e-18 7.13096053e+00 7.00007032e+02 1.19277532e-18 7.99968379e+00 -3.21691823e-01 1.93835877e-22
0.0055531        1.51309468e+01 6.99681865e+02 1.19283822e-18 7.13040351e+00 7.00003740e+02 1.19264440e-18 8.00054331e+00 -3.21875601e-01 1.93816728e-22
0.00558426       1.51310668e+01 6.99677562e+02 1.19270706e-18 7.12960885e+00 6.99999628e+02 1.19251328e-18 8.00145793e+00 -3.22065967e-01 1.93778230e-22
0.00561542       1.51314766e+01 6.99673796e+02 1.19258571e-18 7.12905108e+00 6.99996059e+02 1.19239200e-18 8.00242553e+00 -3.22262665e-01 1.93714779e-22
0.00564658       1.51317532e+01 6.99672629e+02 1.19246639e-18 7.12830923e+00 6.99995095e+02 1.19227275e-18 8.00344395e+00 -3.22465564e-01 1.93646773e-22
0.00567774       1.51320516e+01 6.99668261e+02 1.19234951e-18 7.12754069e+00 6.99990935e+02 1.19215591e-18 8.00451087e+00 -3.22674502e-01 1.93595751e-22
0.0057089        1.51325374e+01 6.99664885e+02 1.19224136e-18 7.12691334e+00 6.99987774e+02 1.19204781e-18 8.00562408e+00 -3.22889244e-01 1.93544538e-22
0.00574006       1.51331007e+01 6.99660798e+02 1.19213859e-18 7.12631950e+00 6.99983908e+02 1.19194505e-18 8.00678122e+00 -3.23109624e-01 1.93538651e-22
0.00577122       1.51338964e+01 6.99658104e+02 1.19204593e-18 7.12591644e+00 6.99981440e+02 1.19185224e-18 8.00797994e+00 -3.23335327e-01 1.93681507e-22
0.00580238       1.51347588e+01 6.99657626e+02 1.19196017e-18 7.12554086e+00 6.99981192e+02 1.19176633e-18 8.00921793e+00 -3.23566084e-01 1.93840099e-22
0.00583354       1.51358527e+01 6.99654802e+02 1.19187870e-18 7.12535984e+00 6.99978603e+02 1.19168468e-18 8.01049284e+00 -3.23801444e-01 1.94013715e-22
0.0058647        1.51371489e+01 6.99653952e+02 1.19180750e-18 7.12534661e+00 6.99977993e+02 1.19161332e-18 8.01180234e+00 -3.24041074e-01 1.94184456e-22
0.00589586       1.51387679e+01 6.99655031e+02 1.19174664e-18 7.12562384e+00 6.99979315e+02 1.19155227e-18 8.01314410e+00 -3.24284734e-01 1.94363479e-22
0.00592702       1.51402838e+01 6.99655257e+02 1.19169334e-18 7.12576815e+00 6.99979789e+02 1.19149892e-18 8.01451566e+00 -3.24532052e-01 1.94420558e-22
0.00595818       1.51420081e+01 6.99657524e+02 1.19164669e-18 7.12609331e+00 6.99982306e+02 1.19145217e-18 8.01591475e+00 -3.24782770e-01 1.94520520e-22
0.00598934       1.51437713e+01 6.99659157e+02 1.19160601e-18 7.12643221e+00 6.99984193e+02 1.19141137e-18 8.01733912e+00 -3.25036608e-01 1.94640025e-22
0.0060205        1.51456578e+01 6.99661566e+02 1.19157104e-18 7.12687122e+00 6.99986859e+02 1.19137636e-18 8.01878658e+00 -3.25293338e-01 1.94680471e-22
0.00605166       1.51472358e+01 6.99662184e+02 1.19153169e-18 7.12698094e+00 6.99987736e+02 1.19133698e-18 8.02025490e+00 -3.25552806e-01 1.94709331e-22
0.00608282       1.51489326e+01 6.99662640e+02 1.19149946e-18 7.12719059e+00 6.99988455e+02 1.19130473e-18 8.02174204e+00 -3.25814743e-01 1.94721390e-22
0.00611398       1.51506861e+01 6.99664191e+02 1.19147037e-18 7.12743997e+00 6.99990269e+02 1.19127564e-18 8.02324609e+00 -3.26078799e-01 1.94735647e-22
0.00614514       1.51524206e+01 6.99665550e+02 1.19144473e-18 7.12765559e+00 6.99991895e+02 1.19124997e-18 8.02476504e+00 -3.26344554e-01 1.94755966e-22
0.0061763        1.51540450e+01 6.99665643e+02 1.19142112e-18 7.12774803e+00 6.99992254e+02 1.19122639e-18 8.02629701e+00 -3.26611612e-01 1.94730625e-22
0.00620746       1.51556215e+01 6.99666200e+02 1.19140092e-18 7.12778132e+00 6.99993080e+02 1.19120625e-18 8.02784017e+00 -3.26879774e-01 1.94671113e-22
0.00623862       1.51570685e+01 6.99666084e+02 1.19138345e-18 7.12767574e+00 6.99993233e+02 1.19118883e-18 8.02939280e+00 -3.27148882e-01 1.94620804e-22
0.00626978       1.51583998e+01 6.99665186e+02 1.19137059e-18 7.12744652e+00 6.99992604e+02 1.19117593e-18 8.03095331e+00 -3.27418437e-01 1.94659439e-22
0.00630095       1.51597101e+01 6.99663242e+02 1.19136225e-18 7.12718985e+00 6.99990930e+02 1.19116752e-18 8.03252025e+00 -3.27688495e-01 1.94733680e-22
0.00633211       1.51608769e+01 6.99662537e+02 1.19135697e-18 7.12678497e+00 6.99990496e+02 1.19116215e-18 8.03409196e+00 -3.27958653e-01 1.94822910e-22
0.00636327       1.51621297e+01 6.99660106e+02 1.19135645e-18 7.12646277e+00 6.99988335e+02 1.19116154e-18 8.03566689e+00 -3.28228684e-01 1.94916522e-22
0.00639443       1.51632201e+01 6.99659600e+02 1.19136150e-18 7.12597646e+00 6.99988098e+02 1.19116649e-18 8.03724366e+00 -3.28498459e-01 1.95011971e-22
0.0064256        1.51643983e+01 6.99656603e+02 1.19137126e-18 7.12557725e+00 6.99985371e+02 1.19117616e-18 8.03882100e+00 -3.28767925e-01 1.95100025e-22
0.00645676       1.51654735e+01 6.99656288e+02 1.19138598e-18 7.12507586e+00 6.99985324e+02 1.19119081e-18 8.04039766e+00 -3.29036822e-01 1.95169515e-22
0.00648792       1.51666066e+01 6.99651131e+02 1.19140373e-18 7.12463425e+00 6.99980436e+02 1.19120851e-18 8.04197237e+00 -3.29304999e-01 1.95219130e-22
0.00651908       1.51677066e+01 6.99649099e+02 1.19142754e-18 7.12416253e+00 6.99978671e+02 1.19123222e-18 8.04354408e+00 -3.29572239e-01 1.95323069e-22
0.00655025       1.51688061e+01 6.99647022e+02 1.19145542e-18 7.12369422e+00 6.99976860e+02 1.19125997e-18 8.04511186e+00 -3.29838342e-01 1.95455467e-22
0.00658141       1.51698562e+01 6.99644765e+02 1.19148813e-18 7.12318139e+00 6.99974868e+02 1.19129255e-18 8.04667479e+00 -3.30103176e-01 1.95581903e-22
0.00661257       1.51710207e+01 6.99642478e+02 1.19152548e-18 7.12278873e+00 6.99972845e+02 1.19132978e-18 8.04823202e+00 -3.30366755e-01 1.95706881e-22
0.00664373       1.51721592e+01 6.99642448e+02 1.19156445e-18 7.12237648e+00 6.99973077e+02 1.19136859e-18 8.04978274e+00 -3.30628977e-01 1.95860126e-22
0.0066749        1.51734056e+01 6.99642202e+02 1.19160638e-18 7.12207938e+00 6.99973092e+02 1.19141037e-18 8.05132619e+00 -3.30889809e-01 1.96008296e-22
0.00670606       1.51746162e+01 6.99638850e+02 1.19165127e-18 7.12175457e+00 6.99969999e+02 1.19145511e-18 8.05286160e+00 -3.31149316e-01 1.96156688e-22
0.00673722       1.51757758e+01 6.99637678e+02 1.19169642e-18 7.12138747e+00 6.99969085e+02 1.19150012e-18 8.05438829e+00 -3.31407496e-01 1.96306103e-22
0.00676838       1.51770219e+01 6.99636849e+02 1.19174061e-18 7.12111624e+00 6.99968513e+02 1.19154416e-18 8.05590568e+00 -3.31664338e-01 1.96450235e-22
0.00679955       1.51780964e+01 6.99635052e+02 1.19179175e-18 7.12068312e+00 6.99966972e+02 1.19159516e-18 8.05741326e+00 -3.31919763e-01 1.96586659e-22
0.00683071       1.51790776e+01 6.99632961e+02 1.19185102e-18 7.12016691e+00 6.99965134e+02 1.19165431e-18 8.05891064e+00 -3.32173687e-01 1.96710457e-22
0.00686187       1.51801431e+01 6.99631558e+02 1.19190817e-18 7.11974562e+00 6.99963984e+02 1.19171134e-18 8.06039744e+00 -3.32425930e-01 1.96833128e-22
0.00689303       1.51811081e+01 6.99629659e+02 1.19196592e-18 7.11923480e+00 6.99962335e+02 1.19176897e-18 8.06187327e+00 -3.32676351e-01 1.96949621e-22
0.00692419       1.51820582e+01 6.99627742e+02 1.19202625e-18 7.11872035e+00 6.99960667e+02 1.19182923e-18 8.06333787e+00 -3.32924753e-01 1.97025392e-22
0.00695536       1.51830153e+01 6.99625822e+02 1.19208898e-18 7.11822430e+00 6.99958993e+02 1.19189192e-18 8.06479104e+00 -3.33171092e-01 1.97062299e-22
0.00698652       1.51839143e+01 6.99623865e+02 1.19215272e-18 7.11768175e+00 6.99957280e+02 1.19195564e-18 8.06623257e+00 -3.33415389e-01 1.97083398e-22
0.00701768       1.51847832e+01 6.99620560e+02 1.19221718e-18 7.11712091e+00 6.99954218e+02 1.19202009e-18 8.06766226e+00 -3.33657615e-01 1.97084656e-22
0.00704884       1.51856422e+01 6.99618464e+02 1.19228501e-18 7.11656218e+00 6.99952362e+02 1.19208794e-18 8.06907999e+00 -3.33897693e-01 1.97073424e-22
0.00708001       1.51864946e+01 6.99616285e+02 1.19235493e-18 7.11600886e+00 6.99950420e+02 1.19215788e-18 8.07048575e+00 -3.34135589e-01 1.97059579e-22
0.00711117       1.51873474e+01 6.99614463e+02 1.19242758e-18 7.11546786e+00 6.99948834e+02 1.19223053e-18 8.07187951e+00 -3.34371259e-01 1.97048248e-22
0.00714233       1.51882115e+01 6.99611890e+02 1.19250259e-18 7.11495024e+00 6.99946495e+02 1.19230561e-18 8.07326121e+00 -3.34604664e-01 1.96980886e-22
0.00717349       1.51890480e+01 6.99610650e+02 1.19257991e-18 7.11441713e+00 6.99945486e+02 1.19238304e-18 8.07463089e+00 -3.34835773e-01 1.96865890e-22
0.00720466       1.51899874e+01 6.99607444e+02 1.19266041e-18 7.11399886e+00 6.99942509e+02 1.19246366e-18 8.07598855e+00 -3.35064646e-01 1.96752073e-22
0.00723582       1.51909629e+01 6.99605348e+02 1.19274283e-18 7.11362871e+00 6.99940639e+02 1.19254619e-18 8.07733423e+00 -3.35291295e-01 1.96644194e-22
0.00726698       1.51916541e+01 6.99609109e+02 1.19283143e-18 7.11298609e+00 6.99944625e+02 1.19263486e-18 8.07866798e+00 -3.35515740e-01 1.96573053e-22
0.00729814       1.51926061e+01 6.99607275e+02 1.19292254e-18 7.11261620e+00 6.99943013e+02 1.19272605e-18 8.07998990e+00 -3.35737998e-01 1.96487725e-22
0.00732931       1.51935118e+01 6.99606775e+02 1.19301898e-18 7.11221176e+00 6.99942733e+02 1.19282257e-18 8.08130009e+00 -3.35958058e-01 1.96411694e-22
0.00736047       1.51944670e+01 6.99606924e+02 1.19311798e-18 7.11186833e+00 6.99943100e+02 1.19292166e-18 8.08259866e+00 -3.36175923e-01 1.96318554e-22
0.00739163       1.51953024e+01 6.99606816e+02 1.19322289e-18 7.11141667e+00 6.99943208e+02 1.19302667e-18 8.08388572e+00 -3.36391656e-01 1.96221412e-22
0.00742279       1.51961280e+01 6.99607309e+02 1.19333145e-18 7.11096660e+00 6.99943914e+02 1.19313533e-18 8.08516144e+00 -3.36605324e-01 1.96115957e-22
0.00745396       1.51969582e+01 6.99607496e+02 1.19344376e-18 7.11053230e+00 6.99944313e+02 1.19324775e-18 8.08642591e+00 -3.36816940e-01 1.96008247e-22
0.00748512       1.51977435e+01 6.99607917e+02 1.19355919e-18 7.11006427e+00 6.99944944e+02 1.19336329e-18 8.08767924e+00 -3.37026545e-01 1.95897755e-22
0.00751628       1.51984987e+01 6.99608892e+02 1.19367772e-18 7.10957721e+00 6.99946126e+02 1.19348191e-18 8.08892153e+00 -3.37234105e-01 1.95812528e-22
0.00754744       1.51991897e+01 6.99609845e+02 1.19379866e-18 7.10903686e+00 6.99947285e+02 1.19360293e-18 8.09015285e+00 -3.37439652e-01 1.95729359e-22
0.0075786        1.51998646e+01 6.99610490e+02 1.19392210e-18 7.10849129e+00 6.99948133e+02 1.19372646e-18 8.09137331e+00 -3.37643222e-01 1.95645928e-22
0.00760977       1.52004812e+01 6.99611543e+02 1.19404552e-18 7.10789817e+00 6.99949387e+02 1.19384996e-18 8.09258303e+00 -3.37844834e-01 1.95561557e-22
0.00764093       1.52010426e+01 6.99612659e+02 1.19416930e-18 7.10726049e+00 6.99950704e+02 1.19397382e-18 8.09378210e+00 -3.38044513e-01 1.95476734e-22
0.00767209       1.52015622e+01 6.99613731e+02 1.19429267e-18 7.10659157e+00 6.99951973e+02 1.19409723e-18 8.09497064e+00 -3.38242211e-01 1.95445286e-22
0.00770325       1.52020547e+01 6.99614935e+02 1.19441571e-18 7.10590598e+00 6.99953373e+02 1.19422029e-18 8.09614876e+00 -3.38438016e-01 1.95420700e-22
0.00773442       1.52025276e+01 6.99616294e+02 1.19453780e-18 7.10521102e+00 6.99954926e+02 1.19434241e-18 8.09731654e+00 -3.38631953e-01 1.95395946e-22
0.00776558       1.52030056e+01 6.99618159e+02 1.19465860e-18 7.10453151e+00 6.99956983e+02 1.19446322e-18 8.09847405e+00 -3.38824015e-01 1.95373695e-22
0.00779674       1.52034452e+01 6.99620243e+02 1.19477727e-18 7.10382384e+00 6.99959257e+02 1.19458190e-18 8.09962137e+00 -3.39014281e-01 1.95366113e-22
0.0078279        1.52038734e+01 6.99622680e+02 1.19489393e-18 7.10311481e+00 6.99961883e+02 1.19469857e-18 8.10075862e+00 -3.39202793e-01 1.95368352e-22
0.00785907       1.52043633e+01 6.99625863e+02 1.19500922e-18 7.10247742e+00 6.99965252e+02 1.19481384e-18 8.10188586e+00 -3.39389516e-01 1.95374075e-22
0.00789023       1.52048169e+01 6.99629115e+02 1.19512108e-18 7.10181386e+00 6.99968689e+02 1.19492570e-18 8.10300304e+00 -3.39574281e-01 1.95377788e-22
0.00792139       1.52053001e+01 6.99632817e+02 1.19523038e-18 7.10118964e+00 6.99972574e+02 1.19503499e-18 8.10411042e+00 -3.39757340e-01 1.95391722e-22
0.00795256       1.52058007e+01 6.99636608e+02 1.19533766e-18 7.10059265e+00 6.99976546e+02 1.19514223e-18 8.10520806e+00 -3.39938691e-01 1.95427136e-22
0.00798372       1.52062246e+01 6.99642589e+02 1.19544271e-18 7.09992863e+00 6.99982708e+02 1.19524724e-18 8.10629599e+00 -3.40118261e-01 1.95474010e-22
0.00801489       1.52067290e+01 6.99647803e+02 1.19554619e-18 7.09935472e+00 6.99988099e+02 1.19535067e-18 8.10737426e+00 -3.40296033e-01 1.95525964e-22
0.00804605       1.52071907e+01 6.99654490e+02 1.19564818e-18 7.09874781e+00 6.99994962e+02 1.19545259e-18 8.10844293e+00 -3.40471978e-01 1.95588794e-22
0.00807722       1.52076281e+01 6.99659536e+02 1.19574739e-18 7.09812604e+00 7.00000182e+02 1.19555171e-18 8.10950205e+00 -3.40646158e-01 1.95679969e-22
0.00810838       1.52081154e+01 6.99666335e+02 1.19584261e-18 7.09756372e+00 7.00007154e+02 1.19564683e-18 8.11055167e+00 -3.40818575e-01 1.95781756e-22
0.00813955       1.52086298e+01 6.99674415e+02 1.19593622e-18 7.09703796e+00 7.00015404e+02 1.19574033e-18 8.11159184e+00 -3.40989268e-01 1.95890012e-22
0.00817071       1.52091892e+01 6.99683408e+02 1.19602758e-18 7.09656661e+00 7.00024566e+02 1.19583157e-18 8.11262259e+00 -3.41158223e-01 1.96005287e-22
0.00820187       1.52097757e+01 6.99693278e+02 1.19611609e-18 7.09613169e+00 7.00034604e+02 1.19591996e-18 8.11364399e+00 -3.41325496e-01 1.96130639e-22
0.00823304       1.52104008e+01 6.99704037e+02 1.19620204e-18 7.09574475e+00 7.00045528e+02 1.19600577e-18 8.11465609e+00 -3.41491113e-01 1.96263812e-22
0.0082642        1.52110423e+01 6.99715636e+02 1.19628564e-18 7.09538340e+00 7.00057291e+02 1.19608924e-18 8.11565894e+00 -3.41655065e-01 1.96405834e-22
0.00829537       1.52117552e+01 6.99729092e+02 1.19636428e-18 7.09510266e+00 7.00070909e+02 1.19616772e-18 8.11665258e+00 -3.41817389e-01 1.96558497e-22
0.00832653       1.52125627e+01 6.99744463e+02 1.19643837e-18 7.09492578e+00 7.00086441e+02 1.19624166e-18 8.11763695e+00 -3.41978031e-01 1.96704367e-22
0.0083577        1.52133911e+01 6.99761030e+02 1.19650951e-18 7.09477903e+00 7.00103167e+02 1.19631266e-18 8.11861208e+00 -3.42136985e-01 1.96848345e-22
0.00838886       1.52142548e+01 6.99778228e+02 1.19657628e-18 7.09467675e+00 7.00120522e+02 1.19637927e-18 8.11957802e+00 -3.42294249e-01 1.97002401e-22
0.00842003       1.52152053e+01 6.99796692e+02 1.19664000e-18 7.09467055e+00 7.00139142e+02 1.19644284e-18 8.12053477e+00 -3.42449847e-01 1.97162768e-22
0.00845119       1.52162683e+01 6.99816691e+02 1.19669836e-18 7.09478596e+00 7.00159295e+02 1.19650101e-18 8.12148235e+00 -3.42603792e-01 1.97354516e-22
0.00848236       1.52173713e+01 6.99837504e+02 1.19675281e-18 7.09495050e+00 7.00180260e+02 1.19655524e-18 8.12242077e+00 -3.42756112e-01 1.97565436e-22
0.00851352       1.52186089e+01 6.99859841e+02 1.19680360e-18 7.09525878e+00 7.00202748e+02 1.19660582e-18 8.12335010e+00 -3.42906772e-01 1.97772704e-22
0.00854468       1.52199618e+01 6.99883617e+02 1.19684985e-18 7.09569142e+00 7.00226673e+02 1.19665189e-18 8.12427035e+00 -3.43055722e-01 1.97966947e-22
0.00857585       1.52214561e+01 6.99908975e+02 1.19689192e-18 7.09627459e+00 7.00252178e+02 1.19669374e-18 8.12518153e+00 -3.43203032e-01 1.98173037e-22
0.00860701       1.52230514e+01 6.99935524e+02 1.19692945e-18 7.09696778e+00 7.00278873e+02 1.19673106e-18 8.12608362e+00 -3.43348702e-01 1.98393119e-22
0.00863818       1.52246862e+01 6.99963286e+02 1.19696117e-18 7.09770955e+00 7.00306779e+02 1.19676254e-18 8.12697662e+00 -3.43492724e-01 1.98633087e-22
0.00866934       1.52265524e+01 6.99993407e+02 1.19698885e-18 7.09869190e+00 7.00337042e+02 1.19678996e-18 8.12786048e+00 -3.43635117e-01 1.98886256e-22
0.00870051       1.52286016e+01 7.00025468e+02 1.19701175e-18 7.09986641e+00 7.00369244e+02 1.19681260e-18 8.12873517e+00 -3.43775888e-01 1.99151367e-22
0.00873167       1.52308608e+01 7.00059715e+02 1.19703101e-18 7.10126019e+00 7.00403630e+02 1.19683158e-18 8.12960065e+00 -3.43915080e-01 1.99427503e-22
0.00876284       1.52333210e+01 7.00096115e+02 1.19704676e-18 7.10286408e+00 7.00440168e+02 1.19684705e-18 8.13045693e+00 -3.44052684e-01 1.99715276e-22
0.008794         1.52359616e+01 7.00134185e+02 1.19705952e-18 7.10465759e+00 7.00478374e+02 1.19685950e-18 8.13130401e+00 -3.44188707e-01 2.00013606e-22
0.00882516       1.52387588e+01 7.00174157e+02 1.19706925e-18 7.10661696e+00 7.00518480e+02 1.19686893e-18 8.13214187e+00 -3.44323121e-01 2.00321646e-22
0.00885633       1.52417425e+01 7.00215825e+02 1.19707597e-18 7.10877198e+00 7.00560281e+02 1.19687533e-18 8.13297049e+00 -3.44455903e-01 2.00639006e-22
0.00888749       1.52448854e+01 7.00259232e+02 1.19707987e-18 7.11109556e+00 7.00603819e+02 1.19687891e-18 8.13378986e+00 -3.44587049e-01 2.00964342e-22
0.00891866       1.52481577e+01 7.00304318e+02 1.19708098e-18 7.11355771e+00 7.00649035e+02 1.19687970e-18 8.13459997e+00 -3.44716537e-01 2.01283645e-22
0.00894982       1.52515339e+01 7.00351469e+02 1.19708218e-18 7.11613312e+00 7.00696314e+02 1.19688058e-18 8.13540078e+00 -3.44844392e-01 2.01599165e-22
0.00898099       1.52551110e+01 7.00400218e+02 1.19708183e-18 7.11891869e+00 7.00745188e+02 1.19687992e-18 8.13619230e+00 -3.44970587e-01 2.01911459e-22
0.00901215       1.52588525e+01 7.00450472e+02 1.19707979e-18 7.12187798e+00 7.00795567e+02 1.19687757e-18 8.13697450e+00 -3.45095102e-01 2.02219630e-22
0.00904331       1.52627376e+01 7.00501990e+02 1.19707718e-18 7.12499006e+00 7.00847208e+02 1.19687465e-18 8.13774749e+00 -3.45218121e-01 2.02526467e-22
0.00907448       1.52667204e+01 7.00554677e+02 1.19707335e-18 7.12820939e+00 7.00900017e+02 1.19687052e-18 8.13851106e+00 -3.45339392e-01 2.02824536e-22
0.00910564       1.52708019e+01 7.00608426e+02 1.19706805e-18 7.13153668e+00 7.00953885e+02 1.19686493e-18 8.13926519e+00 -3.45458890e-01 2.03117943e-22
0.0091368        1.52749925e+01 7.00663321e+02 1.19706191e-18 7.13498259e+00 7.01008898e+02 1.19685850e-18 8.14000988e+00 -3.45576691e-01 2.03407804e-22
0.00916796       1.52792663e+01 7.00719382e+02 1.19705439e-18 7.13852114e+00 7.01065075e+02 1.19685070e-18 8.14074515e+00 -3.45692819e-01 2.03687092e-22
0.00919913       1.52836944e+01 7.00776500e+02 1.19704596e-18 7.14222345e+00 7.01122307e+02 1.19684200e-18 8.14147098e+00 -3.45807228e-01 2.03960972e-22
0.00923029       1.52885363e+01 7.00835698e+02 1.19703825e-18 7.14634894e+00 7.01181618e+02 1.19683402e-18 8.14218738e+00 -3.45919975e-01 2.04228896e-22
0.00926145       1.52917615e+01 7.00890676e+02 1.19702062e-18 7.14886741e+00 7.01236707e+02 1.19681611e-18 8.14289408e+00 -3.46031044e-01 2.04507152e-22
0.00929261       1.52959708e+01 7.00949882e+02 1.19700556e-18 7.15237969e+00 7.01296023e+02 1.19680078e-18 8.14359108e+00 -3.46140426e-01 2.04778367e-22
0.00932378       1.53002371e+01 7.01010287e+02 1.19698882e-18 7.15595863e+00 7.01356535e+02 1.19678378e-18 8.14427843e+00 -3.46248146e-01 2.05045724e-22
0.00935494       1.53048473e+01 7.01072771e+02 1.19697204e-18 7.15989112e+00 7.01419126e+02 1.19676673e-18 8.14495620e+00 -3.46354192e-01 2.05307504e-22
0.0093861        1.53095566e+01 7.01136464e+02 1.19695191e-18 7.16393220e+00 7.01482923e+02 1.19674634e-18 8.14562435e+00 -3.46458565e-01 2.05564602e-22
0.00941726       1.53142793e+01 7.01200865e+02 1.19693174e-18 7.16799635e+00 7.01547427e+02 1.19672592e-18 8.14628292e+00 -3.46561261e-01 2.05816433e-22
0.00944843       1.53190426e+01 7.01266010e+02 1.19691017e-18 7.17211068e+00 7.01612672e+02 1.19670411e-18 8.14693191e+00 -3.46662280e-01 2.06063754e-22
0.00947959       1.53238598e+01 7.01331988e+02 1.19688753e-18 7.17628840e+00 7.01678750e+02 1.19668122e-18 8.14757136e+00 -3.46761645e-01 2.06306770e-22
0.00951075       1.53287712e+01 7.01399537e+02 1.19686280e-18 7.18056998e+00 7.01746396e+02 1.19665626e-18 8.14820124e+00 -3.46859339e-01 2.06546991e-22
0.00954191       1.53324888e+01 7.01457678e+02 1.19683210e-18 7.18366740e+00 7.01804633e+02 1.19662530e-18 8.14882143e+00 -3.46955287e-01 2.06799860e-22
0.00957307       1.53373542e+01 7.01526260e+02 1.19680329e-18 7.18792231e+00 7.01873310e+02 1.19659624e-18 8.14943190e+00 -3.47049610e-01 2.07048165e-22
0.00960423       1.53420606e+01 7.01593502e+02 1.19677379e-18 7.19202779e+00 7.01940644e+02 1.19656650e-18 8.15003281e+00 -3.47142189e-01 2.07289716e-22
0.00963539       1.53467504e+01 7.01660496e+02 1.19674366e-18 7.19612625e+00 7.02007729e+02 1.19653614e-18 8.15062420e+00 -3.47232975e-01 2.07523754e-22
0.00966655       1.53514116e+01 7.01727405e+02 1.19671331e-18 7.20020548e+00 7.02074727e+02 1.19650556e-18 8.15120612e+00 -3.47322030e-01 2.07752153e-22
0.00969771       1.53560514e+01 7.01794180e+02 1.19668232e-18 7.20427271e+00 7.02141590e+02 1.19647434e-18 8.15177864e+00 -3.47409365e-01 2.07975250e-22
0.00972888       1.53606700e+01 7.01860783e+02 1.19665082e-18 7.20832819e+00 7.02208278e+02 1.19644262e-18 8.15234180e+00 -3.47494968e-01 2.08193599e-22
0.00976004       1.53652672e+01 7.01927147e+02 1.19661889e-18 7.21237157e+00 7.02274725e+02 1.19641048e-18 8.15289565e+00 -3.47578883e-01 2.08407556e-22
0.0097912        1.53698231e+01 7.01993073e+02 1.19658667e-18 7.21638290e+00 7.02340734e+02 1.19637805e-18 8.15344022e+00 -3.47661109e-01 2.08617226e-22
0.00982236       1.53743504e+01 7.02058657e+02 1.19655440e-18 7.22037489e+00 7.02406399e+02 1.19634558e-18 8.15397555e+00 -3.47741643e-01 2.08821243e-22
0.00985352       1.53787821e+01 7.02123782e+02 1.19652191e-18 7.22428041e+00 7.02471603e+02 1.19631289e-18 8.15450167e+00 -3.47820483e-01 2.09020345e-22
0.00988468       1.53831745e+01 7.02188102e+02 1.19648948e-18 7.22815578e+00 7.02536000e+02 1.19628026e-18 8.15501868e+00 -3.47897647e-01 2.09214804e-22
0.00991584       1.53874888e+01 7.02251360e+02 1.19645695e-18 7.23196217e+00 7.02599333e+02 1.19624754e-18 8.15552666e+00 -3.47973147e-01 2.09405979e-22
0.009947         1.53917216e+01 7.02313727e+02 1.19642465e-18 7.23569596e+00 7.02661774e+02 1.19621505e-18 8.15602568e+00 -3.48046991e-01 2.09592447e-22
0.00997816       1.53958800e+01 7.02375092e+02 1.19639297e-18 7.23936420e+00 7.02723211e+02 1.19618319e-18 8.15651581e+00 -3.48119188e-01 2.09774094e-22
0.0100093        1.53999571e+01 7.02435409e+02 1.19636174e-18 7.24295993e+00 7.02783599e+02 1.19615179e-18 8.15699713e+00 -3.48189752e-01 2.09950991e-22
0.0100405        1.54039624e+01 7.02494597e+02 1.19633094e-18 7.24649268e+00 7.02842856e+02 1.19612082e-18 8.15746971e+00 -3.48258697e-01 2.10123094e-22
0.0100716        1.54079423e+01 7.02552760e+02 1.19630092e-18 7.25000867e+00 7.02901086e+02 1.19609063e-18 8.15793366e+00 -3.48326040e-01 2.10290209e-22
0.0101028        1.54115287e+01 7.02608861e+02 1.19627002e-18 7.25313961e+00 7.02957253e+02 1.19605957e-18 8.15838905e+00 -3.48391799e-01 2.10455532e-22
0.010134         1.54151412e+01 7.02664000e+02 1.19624014e-18 7.25630522e+00 7.03012456e+02 1.19602952e-18 8.15883594e+00 -3.48455995e-01 2.10616857e-22
0.0101651        1.54184442e+01 7.02715144e+02 1.19621030e-18 7.25916979e+00 7.03063662e+02 1.19599952e-18 8.15927445e+00 -3.48518649e-01 2.10777335e-22
0.0101963        1.54221078e+01 7.02768730e+02 1.19618212e-18 7.26240308e+00 7.03117310e+02 1.19597119e-18 8.15970474e+00 -3.48579810e-01 2.10933592e-22
0.0102274        1.54256532e+01 7.02820596e+02 1.19615440e-18 7.26552627e+00 7.03169236e+02 1.19594331e-18 8.16012697e+00 -3.48639517e-01 2.11089216e-22
0.0102586        1.54291546e+01 7.02871363e+02 1.19612721e-18 7.26861337e+00 7.03220061e+02 1.19591596e-18 8.16054127e+00 -3.48697787e-01 2.11244262e-22
0.0102898        1.54325709e+01 7.02920622e+02 1.19610055e-18 7.27162313e+00 7.03269377e+02 1.19588915e-18 8.16094776e+00 -3.48754703e-01 2.11398894e-22
0.0103209        1.54359853e+01 7.02968881e+02 1.19607481e-18 7.27463869e+00 7.03317692e+02 1.19586325e-18 8.16134659e+00 -3.48810249e-01 2.11553054e-22
0.0103521        1.54388831e+01 7.03014289e+02 1.19604774e-18 7.27714526e+00 7.03363154e+02 1.19583603e-18 8.16173788e+00 -3.48864434e-01 2.11711510e-22
0.0103832        1.54418870e+01 7.03059406e+02 1.19602220e-18 7.27976537e+00 7.03408323e+02 1.19581015e-18 8.16212166e+00 -3.48917189e-01 2.12058269e-22
0.0104144        1.54442146e+01 7.03101068e+02 1.19599475e-18 7.28171650e+00 7.03450037e+02 1.19578236e-18 8.16249807e+00 -3.48968658e-01 2.12396054e-22
0.0104456        1.54476509e+01 7.03145425e+02 1.19597342e-18 7.28478349e+00 7.03494444e+02 1.19576070e-18 8.16286741e+00 -3.49018877e-01 2.12714117e-22
0.0104767        1.54503202e+01 7.03183258e+02 1.19595025e-18 7.28709021e+00 7.03532326e+02 1.19573722e-18 8.16322995e+00 -3.49068056e-01 2.13030517e-22
0.0105079        1.54532650e+01 7.03223411e+02 1.19592857e-18 7.28967947e+00 7.03572527e+02 1.19571525e-18 8.16358550e+00 -3.49115894e-01 2.13322143e-22
0.010539         1.54561265e+01 7.03261774e+02 1.19590734e-18 7.29219221e+00 7.03610936e+02 1.19569374e-18 8.16393433e+00 -3.49162507e-01 2.13597827e-22
0.0105702        1.54589324e+01 7.03298776e+02 1.19588691e-18 7.29465579e+00 7.03647984e+02 1.19567305e-18 8.16427658e+00 -3.49207941e-01 2.13857014e-22
0.0106014        1.54616890e+01 7.03334508e+02 1.19586695e-18 7.29707664e+00 7.03683760e+02 1.19565285e-18 8.16461240e+00 -3.49252232e-01 2.14099550e-22
0.0106325        1.54643995e+01 7.03368906e+02 1.19584753e-18 7.29945760e+00 7.03718202e+02 1.19563320e-18 8.16494191e+00 -3.49295408e-01 2.14325275e-22
0.0106637        1.54670974e+01 7.03401805e+02 1.19582874e-18 7.30183217e+00 7.03751143e+02 1.19561421e-18 8.16526528e+00 -3.49337496e-01 2.14533361e-22
0.0106948        1.54696615e+01 7.03433799e+02 1.19581012e-18 7.30407882e+00 7.03783177e+02 1.19559539e-18 8.16558263e+00 -3.49378525e-01 2.14724200e-22
0.010726         1.54721241e+01 7.03464519e+02 1.19578826e-18 7.30622989e+00 7.03813937e+02 1.19557336e-18 8.16589417e+00 -3.49418593e-01 2.14901580e-22
0.0107571        1.54747696e+01 7.03493454e+02 1.19577502e-18 7.30856955e+00 7.03842912e+02 1.19555996e-18 8.16620003e+00 -3.49457746e-01 2.15057795e-22
0.0107883        1.54772330e+01 7.03521222e+02 1.19575815e-18 7.31073275e+00 7.03870718e+02 1.19554295e-18 8.16650021e+00 -3.49495813e-01 2.15193932e-22
0.0108194        1.54796530e+01 7.03547634e+02 1.19574167e-18 7.31285809e+00 7.03897167e+02 1.19552636e-18 8.16679491e+00 -3.49532922e-01 2.15311726e-22
0.0108506        1.54820221e+01 7.03572744e+02 1.19572548e-18 7.31493785e+00 7.03922313e+02 1.19551007e-18 8.16708427e+00 -3.49569115e-01 2.15411623e-22
0.0108818        1.54843447e+01 7.03596559e+02 1.19570983e-18 7.31697628e+00 7.03946163e+02 1.19549434e-18 8.16736842e+00 -3.49604402e-01 2.15493544e-22
0.0109129        1.54866164e+01 7.03619085e+02 1.19569454e-18 7.31896885e+00 7.03968723e+02 1.19547899e-18 8.16764751e+00 -3.49638808e-01 2.15557641e-22
