# Moment        
# CofR          : (0.00000000e+00 0.00000000e+00 0.00000000e+00)
#
# Time          	total_x total_y total_z	pressure_x pressure_y pressure_z	viscous_x viscous_y viscous_z
3.16946e-05      4.39231945e+02 -9.24134261e+00 -5.20050462e+02 4.39434233e+02 -3.76236277e+00 -5.19788069e+02 -2.02287532e-01 -5.47897984e+00 -2.62393761e-01
6.33662e-05      4.39266228e+02 -9.55084526e+00 -5.19838746e+02 4.39471148e+02 -4.07575669e+00 -5.19580907e+02 -2.04919822e-01 -5.47508857e+00 -2.57838836e-01
9.50402e-05      4.39054598e+02 -9.67762768e+00 -5.19459978e+02 4.39261201e+02 -4.20676156e+00 -5.19205338e+02 -2.06602714e-01 -5.47086612e+00 -2.54640723e-01
0.000126685      4.38975671e+02 -9.75653695e+00 -5.19341115e+02 4.39183539e+02 -4.29003031e+00 -5.19089077e+02 -2.07868596e-01 -5.46650664e+00 -2.52038817e-01
0.000158284      4.38894910e+02 -9.76448268e+00 -5.19294771e+02 4.39103775e+02 -4.30245147e+00 -5.19044943e+02 -2.08864441e-01 -5.46203121e+00 -2.49827530e-01
0.000189874      4.38740288e+02 -9.75007686e+00 -5.19183911e+02 4.38949965e+02 -4.29262412e+00 -5.18936029e+02 -2.09676883e-01 -5.45745274e+00 -2.47881736e-01
0.000221465      4.38620507e+02 -9.73323174e+00 -5.19123170e+02 4.38830851e+02 -4.28042517e+00 -5.18877021e+02 -2.10344199e-01 -5.45280658e+00 -2.46149259e-01
0.00025304       4.38561845e+02 -9.71368673e+00 -5.19125163e+02 4.38772734e+02 -4.26557931e+00 -5.18880562e+02 -2.10888376e-01 -5.44810741e+00 -2.44600611e-01
0.000284589      4.38541269e+02 -9.70764054e+00 -5.19165843e+02 4.38752600e+02 -4.26427988e+00 -5.18922636e+02 -2.11330485e-01 -5.44336066e+00 -2.43206933e-01
0.000316106      4.38541025e+02 -9.71217992e+00 -5.19223282e+02 4.38752713e+02 -4.27360750e+00 -5.18981340e+02 -2.11688649e-01 -5.43857242e+00 -2.41941693e-01
0.000347586      4.38563282e+02 -9.71634552e+00 -5.19300849e+02 4.38775270e+02 -4.28259487e+00 -5.19060082e+02 -2.11987793e-01 -5.43375065e+00 -2.40766695e-01
0.000379023      4.38607286e+02 -9.72370410e+00 -5.19390980e+02 4.38819520e+02 -4.29480080e+00 -5.19151308e+02 -2.12234195e-01 -5.42890330e+00 -2.39672151e-01
0.00041041       4.38678454e+02 -9.73287305e+00 -5.19503350e+02 4.38890890e+02 -4.30883794e+00 -5.19264706e+02 -2.12436009e-01 -5.42403511e+00 -2.38644878e-01
0.000441741      4.38751456e+02 -9.74547417e+00 -5.19612209e+02 4.38964053e+02 -4.32631191e+00 -5.19374528e+02 -2.12596189e-01 -5.41916226e+00 -2.37681019e-01
0.000473009      4.38819418e+02 -9.75405609e+00 -5.19718097e+02 4.39032135e+02 -4.33976300e+00 -5.19481319e+02 -2.12717369e-01 -5.41429308e+00 -2.36777287e-01
0.000504216      4.38868948e+02 -9.75885846e+00 -5.19805322e+02 4.39081754e+02 -4.34942101e+00 -5.19569398e+02 -2.12806334e-01 -5.40943745e+00 -2.35924346e-01
0.000535387      4.38889530e+02 -9.76227103e+00 -5.19858457e+02 4.39102395e+02 -4.35767262e+00 -5.19623338e+02 -2.12864744e-01 -5.40459841e+00 -2.35119623e-01
0.000566556      4.38887790e+02 -9.76368554e+00 -5.19886004e+02 4.39100685e+02 -4.36391019e+00 -5.19651644e+02 -2.12894410e-01 -5.39977535e+00 -2.34359489e-01
0.000597754      4.38867929e+02 -9.76564712e+00 -5.19889930e+02 4.39080830e+02 -4.37067980e+00 -5.19656294e+02 -2.12900756e-01 -5.39496732e+00 -2.33635131e-01
0.000628996      4.38827872e+02 -9.76876779e+00 -5.19867663e+02 4.39040762e+02 -4.37859077e+00 -5.19634726e+02 -2.12889584e-01 -5.39017702e+00 -2.32937605e-01
0.000660241      4.38763253e+02 -9.77177093e+00 -5.19815873e+02 4.38976122e+02 -4.38635509e+00 -5.19583617e+02 -2.12868930e-01 -5.38541584e+00 -2.32255893e-01
0.000691451      4.38692180e+02 -9.77504955e+00 -5.19753372e+02 4.38905022e+02 -4.39436004e+00 -5.19521786e+02 -2.12841975e-01 -5.38068951e+00 -2.31586041e-01
0.000722649      4.38608355e+02 -9.77771114e+00 -5.19673400e+02 4.38821163e+02 -4.40171926e+00 -5.19442471e+02 -2.12807803e-01 -5.37599188e+00 -2.30928727e-01
0.000753858      4.38515855e+02 -9.77982456e+00 -5.19580495e+02 4.38728622e+02 -4.40850627e+00 -5.19350213e+02 -2.12767020e-01 -5.37131829e+00 -2.30282237e-01
0.000785094      4.38412538e+02 -9.78113261e+00 -5.19472321e+02 4.38625260e+02 -4.41446644e+00 -5.19242679e+02 -2.12722474e-01 -5.36666616e+00 -2.29641819e-01
0.000816362      4.38327063e+02 -9.78251394e+00 -5.19381254e+02 4.38539740e+02 -4.42047845e+00 -5.19152251e+02 -2.12677052e-01 -5.36203548e+00 -2.29003112e-01
0.000847662      4.38224187e+02 -9.78264057e+00 -5.19269771e+02 4.38436819e+02 -4.42521351e+00 -5.19041407e+02 -2.12632448e-01 -5.35742706e+00 -2.28363938e-01
0.000878989      4.38123646e+02 -9.78219250e+00 -5.19159132e+02 4.38336236e+02 -4.42935080e+00 -5.18931409e+02 -2.12589904e-01 -5.35284170e+00 -2.27722433e-01
0.00091032       4.38030129e+02 -9.78073595e+00 -5.19055730e+02 4.38242682e+02 -4.43245238e+00 -5.18828656e+02 -2.12552981e-01 -5.34828357e+00 -2.27073976e-01
0.000941629      4.37934362e+02 -9.77981942e+00 -5.18949440e+02 4.38146884e+02 -4.43606268e+00 -5.18723021e+02 -2.12522147e-01 -5.34375674e+00 -2.26418576e-01
0.000972911      4.37846097e+02 -9.77841032e+00 -5.18851949e+02 4.38058594e+02 -4.43914908e+00 -5.18626192e+02 -2.12496993e-01 -5.33926124e+00 -2.25757190e-01
0.00100416       4.37763895e+02 -9.77753460e+00 -5.18761009e+02 4.37976372e+02 -4.44273811e+00 -5.18535919e+02 -2.12477178e-01 -5.33479649e+00 -2.25090376e-01
0.00103539       4.37679173e+02 -9.77625458e+00 -5.18667797e+02 4.37891635e+02 -4.44589207e+00 -5.18443377e+02 -2.12461631e-01 -5.33036252e+00 -2.24419592e-01
0.00106658       4.37608896e+02 -9.77535792e+00 -5.18591473e+02 4.37821346e+02 -4.44939836e+00 -5.18367727e+02 -2.12449939e-01 -5.32595956e+00 -2.23745765e-01
0.00109774       4.37544519e+02 -9.77473965e+00 -5.18522268e+02 4.37756961e+02 -4.45315229e+00 -5.18299198e+02 -2.12441679e-01 -5.32158736e+00 -2.23069846e-01
0.00112888       4.37482702e+02 -9.77407633e+00 -5.18456733e+02 4.37695137e+02 -4.45683140e+00 -5.18234339e+02 -2.12435612e-01 -5.31724493e+00 -2.22393409e-01
0.00116          4.37426370e+02 -9.77310634e+00 -5.18397484e+02 4.37638802e+02 -4.46017514e+00 -5.18175767e+02 -2.12431761e-01 -5.31293120e+00 -2.21716511e-01
0.0011911        4.37374226e+02 -9.77210125e+00 -5.18342116e+02 4.37586655e+02 -4.46345626e+00 -5.18121074e+02 -2.12428635e-01 -5.30864499e+00 -2.21041249e-01
0.0012222        4.37325156e+02 -9.77056475e+00 -5.18290785e+02 4.37537582e+02 -4.46617937e+00 -5.18070416e+02 -2.12425136e-01 -5.30438538e+00 -2.20369136e-01
0.0012533        4.37280621e+02 -9.76886464e+00 -5.18244282e+02 4.37493042e+02 -4.46871267e+00 -5.18024583e+02 -2.12421866e-01 -5.30015197e+00 -2.19699389e-01
0.00128439       4.37241351e+02 -9.76710958e+00 -5.18203581e+02 4.37453769e+02 -4.47116488e+00 -5.17984548e+02 -2.12417944e-01 -5.29594471e+00 -2.19033316e-01
0.0013155        4.37204697e+02 -9.76454770e+00 -5.18165914e+02 4.37417111e+02 -4.47278410e+00 -5.17947542e+02 -2.12413085e-01 -5.29176359e+00 -2.18371500e-01
0.00134661       4.37172349e+02 -9.76226449e+00 -5.18133155e+02 4.37384756e+02 -4.47465505e+00 -5.17915441e+02 -2.12407321e-01 -5.28760944e+00 -2.17714152e-01
0.00137771       4.37143415e+02 -9.75937217e+00 -5.18105075e+02 4.37355816e+02 -4.47588690e+00 -5.17888014e+02 -2.12401017e-01 -5.28348527e+00 -2.17061134e-01
0.0014088        4.37118095e+02 -9.75595332e+00 -5.18081942e+02 4.37330489e+02 -4.47656230e+00 -5.17865529e+02 -2.12393475e-01 -5.27939101e+00 -2.16413756e-01
0.00143988       4.37094671e+02 -9.75259216e+00 -5.18060953e+02 4.37307055e+02 -4.47726595e+00 -5.17845180e+02 -2.12384142e-01 -5.27532621e+00 -2.15772938e-01
0.00147097       4.37073875e+02 -9.74844923e+00 -5.18044192e+02 4.37286248e+02 -4.47715892e+00 -5.17829052e+02 -2.12372310e-01 -5.27129032e+00 -2.15139499e-01
0.00150205       4.37055918e+02 -9.74441504e+00 -5.18030272e+02 4.37268276e+02 -4.47713152e+00 -5.17815758e+02 -2.12357784e-01 -5.26728352e+00 -2.14513604e-01
0.00153314       4.37040361e+02 -9.74004034e+00 -5.18019075e+02 4.37252701e+02 -4.47673526e+00 -5.17805179e+02 -2.12340001e-01 -5.26330508e+00 -2.13895915e-01
0.00156424       4.37026450e+02 -9.73538546e+00 -5.18010131e+02 4.37238769e+02 -4.47603049e+00 -5.17796844e+02 -2.12318728e-01 -5.25935497e+00 -2.13286701e-01
0.00159534       4.37015511e+02 -9.73103815e+00 -5.18004376e+02 4.37227805e+02 -4.47560497e+00 -5.17791690e+02 -2.12293602e-01 -5.25543318e+00 -2.12686479e-01
0.00162646       4.37006075e+02 -9.72629157e+00 -5.18000269e+02 4.37218340e+02 -4.47475195e+00 -5.17788174e+02 -2.12264755e-01 -5.25153962e+00 -2.12094989e-01
0.00165758       4.36999711e+02 -9.72175062e+00 -5.17999381e+02 4.37211944e+02 -4.47407616e+00 -5.17787870e+02 -2.12232487e-01 -5.24767447e+00 -2.11511837e-01
0.00168872       4.36996370e+02 -9.71734873e+00 -5.18001635e+02 4.37208566e+02 -4.47351084e+00 -5.17790698e+02 -2.12196640e-01 -5.24383789e+00 -2.10937277e-01
0.00171986       4.36992606e+02 -9.71258562e+00 -5.18002852e+02 4.37204763e+02 -4.47255597e+00 -5.17792481e+02 -2.12157383e-01 -5.24002964e+00 -2.10371063e-01
0.00175101       4.36991309e+02 -9.70821515e+00 -5.18006287e+02 4.37203423e+02 -4.47196475e+00 -5.17796473e+02 -2.12114218e-01 -5.23625040e+00 -2.09813830e-01
0.00178217       4.36991072e+02 -9.70378411e+00 -5.18011458e+02 4.37203139e+02 -4.47128362e+00 -5.17802193e+02 -2.12066892e-01 -5.23250049e+00 -2.09265931e-01
0.00181333       4.36991967e+02 -9.69941095e+00 -5.18017562e+02 4.37203983e+02 -4.47063085e+00 -5.17808835e+02 -2.12015698e-01 -5.22878010e+00 -2.08726988e-01
0.0018445        4.36996343e+02 -9.69559481e+00 -5.18027045e+02 4.37208304e+02 -4.47050540e+00 -5.17818848e+02 -2.11960727e-01 -5.22508941e+00 -2.08196892e-01
0.00187567       4.37003121e+02 -9.69172361e+00 -5.18039411e+02 4.37215023e+02 -4.47029480e+00 -5.17831735e+02 -2.11901823e-01 -5.22142881e+00 -2.07675848e-01
0.00190685       4.36996661e+02 -9.68799300e+00 -5.18035695e+02 4.37208501e+02 -4.47019472e+00 -5.17828531e+02 -2.11839255e-01 -5.21779828e+00 -2.07163441e-01
0.00193803       4.37004489e+02 -9.68452719e+00 -5.18049014e+02 4.37216262e+02 -4.47032972e+00 -5.17842354e+02 -2.11773004e-01 -5.21419747e+00 -2.06659645e-01
0.00196921       4.37009099e+02 -9.68098928e+00 -5.18057752e+02 4.37220802e+02 -4.47036287e+00 -5.17851588e+02 -2.11703461e-01 -5.21062641e+00 -2.06163915e-01
0.00200039       4.37013453e+02 -9.67778090e+00 -5.18066794e+02 4.37225083e+02 -4.47069609e+00 -5.17861118e+02 -2.11630600e-01 -5.20708480e+00 -2.05676202e-01
0.00203157       4.37016425e+02 -9.67444618e+00 -5.18074403e+02 4.37227980e+02 -4.47087361e+00 -5.17869208e+02 -2.11555071e-01 -5.20357258e+00 -2.05195651e-01
0.00206276       4.37019894e+02 -9.67108735e+00 -5.18082282e+02 4.37231371e+02 -4.47099772e+00 -5.17877559e+02 -2.11476614e-01 -5.20008963e+00 -2.04722642e-01
0.00209394       4.37025023e+02 -9.66811408e+00 -5.18091905e+02 4.37236418e+02 -4.47147792e+00 -5.17887647e+02 -2.11395070e-01 -5.19663616e+00 -2.04257416e-01
0.00212512       4.37028499e+02 -9.66479465e+00 -5.18099450e+02 4.37239809e+02 -4.47158293e+00 -5.17895649e+02 -2.11309937e-01 -5.19321172e+00 -2.03800610e-01
0.0021563        4.37031377e+02 -9.66136029e+00 -5.18106781e+02 4.37242598e+02 -4.47154453e+00 -5.17903429e+02 -2.11221209e-01 -5.18981576e+00 -2.03352000e-01
0.00218748       4.37035128e+02 -9.65829330e+00 -5.18114455e+02 4.37246256e+02 -4.47184565e+00 -5.17911543e+02 -2.11128422e-01 -5.18644765e+00 -2.02911980e-01
0.00221865       4.37036832e+02 -9.65467183e+00 -5.18119635e+02 4.37247863e+02 -4.47156528e+00 -5.17917155e+02 -2.11031529e-01 -5.18310655e+00 -2.02480458e-01
0.00224983       4.37040478e+02 -9.65162229e+00 -5.18126643e+02 4.37251409e+02 -4.47183033e+00 -5.17924586e+02 -2.10930831e-01 -5.17979195e+00 -2.02056913e-01
0.00228101       4.37042424e+02 -9.64824224e+00 -5.18132030e+02 4.37253251e+02 -4.47173920e+00 -5.17930389e+02 -2.10826324e-01 -5.17650304e+00 -2.01641218e-01
0.00231218       4.37044961e+02 -9.64471939e+00 -5.18138518e+02 4.37255680e+02 -4.47148035e+00 -5.17937286e+02 -2.10718782e-01 -5.17323905e+00 -2.01232200e-01
0.00234335       4.37048599e+02 -9.64146706e+00 -5.18146335e+02 4.37259208e+02 -4.47146770e+00 -5.17945505e+02 -2.10608264e-01 -5.16999936e+00 -2.00829729e-01
0.00237453       4.37051133e+02 -9.63784070e+00 -5.18153155e+02 4.37261628e+02 -4.47105713e+00 -5.17952721e+02 -2.10494648e-01 -5.16678357e+00 -2.00433872e-01
0.0024057        4.37054000e+02 -9.63440433e+00 -5.18160732e+02 4.37264378e+02 -4.47081343e+00 -5.17960687e+02 -2.10377512e-01 -5.16359091e+00 -2.00045046e-01
0.00243687       4.37057334e+02 -9.63092118e+00 -5.18168973e+02 4.37267591e+02 -4.47049993e+00 -5.17969310e+02 -2.10256917e-01 -5.16042124e+00 -1.99663094e-01
0.00246804       4.37059015e+02 -9.62715653e+00 -5.18175593e+02 4.37269149e+02 -4.46988254e+00 -5.17976305e+02 -2.10133151e-01 -5.15727399e+00 -1.99287638e-01
0.00249921       4.37061708e+02 -9.62368619e+00 -5.18183417e+02 4.37271715e+02 -4.46953714e+00 -5.17984498e+02 -2.10006218e-01 -5.15414904e+00 -1.98918669e-01
0.00253038       4.37063329e+02 -9.62014037e+00 -5.18189984e+02 4.37273205e+02 -4.46909385e+00 -5.17991428e+02 -2.09876181e-01 -5.15104652e+00 -1.98556123e-01
0.00256155       4.37065224e+02 -9.61656149e+00 -5.18197139e+02 4.37274967e+02 -4.46859539e+00 -5.17998939e+02 -2.09742973e-01 -5.14796611e+00 -1.98200131e-01
0.00259271       4.37068488e+02 -9.61326152e+00 -5.18205921e+02 4.37278095e+02 -4.46835376e+00 -5.18008070e+02 -2.09606392e-01 -5.14490776e+00 -1.97850947e-01
0.00262388       4.37070799e+02 -9.60973077e+00 -5.18214004e+02 4.37280266e+02 -4.46785923e+00 -5.18016496e+02 -2.09466950e-01 -5.14187154e+00 -1.97507973e-01
0.00265505       4.37072317e+02 -9.60611221e+00 -5.18221572e+02 4.37281642e+02 -4.46725481e+00 -5.18024401e+02 -2.09324894e-01 -5.13885740e+00 -1.97170923e-01
0.00268622       4.37074732e+02 -9.60266006e+00 -5.18230056e+02 4.37283912e+02 -4.46679437e+00 -5.18033217e+02 -2.09180520e-01 -5.13586569e+00 -1.96839454e-01
0.00271738       4.37077906e+02 -9.59922031e+00 -5.18239232e+02 4.37286939e+02 -4.46632428e+00 -5.18042718e+02 -2.09033809e-01 -5.13289603e+00 -1.96513552e-01
0.00274855       4.37082592e+02 -9.59615176e+00 -5.18249714e+02 4.37291476e+02 -4.46620328e+00 -5.18053521e+02 -2.08884830e-01 -5.12994848e+00 -1.96193216e-01
0.00277972       4.37086792e+02 -9.59295207e+00 -5.18259605e+02 4.37295524e+02 -4.46592910e+00 -5.18063726e+02 -2.08732701e-01 -5.12702297e+00 -1.95879653e-01
0.00281088       4.37092170e+02 -9.58985855e+00 -5.18270729e+02 4.37300749e+02 -4.46573903e+00 -5.18075157e+02 -2.08578152e-01 -5.12411952e+00 -1.95571901e-01
0.00284205       4.37097709e+02 -9.58685607e+00 -5.18281952e+02 4.37306131e+02 -4.46561835e+00 -5.18086683e+02 -2.08421462e-01 -5.12123772e+00 -1.95269585e-01
0.00287322       4.37102762e+02 -9.58370867e+00 -5.18292592e+02 4.37311024e+02 -4.46533169e+00 -5.18097619e+02 -2.08262419e-01 -5.11837698e+00 -1.94972873e-01
0.00290438       4.37108385e+02 -9.58074081e+00 -5.18303659e+02 4.37316486e+02 -4.46520373e+00 -5.18108978e+02 -2.08101231e-01 -5.11553708e+00 -1.94681521e-01
0.00293555       4.37112122e+02 -9.57762525e+00 -5.18312442e+02 4.37320060e+02 -4.46490703e+00 -5.18118047e+02 -2.07938073e-01 -5.11271822e+00 -1.94395229e-01
0.00296671       4.37117154e+02 -9.57462281e+00 -5.18322501e+02 4.37324927e+02 -4.46470257e+00 -5.18128387e+02 -2.07773325e-01 -5.10992024e+00 -1.94113598e-01
0.00299788       4.37122093e+02 -9.57182362e+00 -5.18332169e+02 4.37329700e+02 -4.46468084e+00 -5.18138332e+02 -2.07607216e-01 -5.10714278e+00 -1.93836359e-01
0.00302904       4.37127137e+02 -9.56890500e+00 -5.18341570e+02 4.37334576e+02 -4.46451912e+00 -5.18148007e+02 -2.07439694e-01 -5.10438588e+00 -1.93563574e-01
0.00306021       4.37131252e+02 -9.56611364e+00 -5.18349854e+02 4.37338523e+02 -4.46446410e+00 -5.18156559e+02 -2.07271002e-01 -5.10164954e+00 -1.93294931e-01
0.00309137       4.37134723e+02 -9.56339647e+00 -5.18357047e+02 4.37341823e+02 -4.46446271e+00 -5.18164016e+02 -2.07100551e-01 -5.09893377e+00 -1.93031310e-01
0.00312253       4.37138202e+02 -9.56060098e+00 -5.18363937e+02 4.37345131e+02 -4.46436217e+00 -5.18171165e+02 -2.06928651e-01 -5.09623880e+00 -1.92772354e-01
0.0031537        4.37140771e+02 -9.55785590e+00 -5.18370527e+02 4.37347526e+02 -4.46429094e+00 -5.18178009e+02 -2.06755585e-01 -5.09356496e+00 -1.92517771e-01
0.00318486       4.37144142e+02 -9.55507030e+00 -5.18377541e+02 4.37350723e+02 -4.46415789e+00 -5.18185273e+02 -2.06581512e-01 -5.09091241e+00 -1.92267488e-01
0.00321603       4.37145781e+02 -9.55211067e+00 -5.18382822e+02 4.37352187e+02 -4.46382913e+00 -5.18190801e+02 -2.06406557e-01 -5.08828155e+00 -1.92021378e-01
0.00324719       4.37147757e+02 -9.54930433e+00 -5.18388214e+02 4.37353988e+02 -4.46363173e+00 -5.18196434e+02 -2.06230622e-01 -5.08567261e+00 -1.91779608e-01
0.00327836       4.37149978e+02 -9.54634155e+00 -5.18393774e+02 4.37356032e+02 -4.46325556e+00 -5.18202232e+02 -2.06053816e-01 -5.08308599e+00 -1.91542108e-01
0.00330952       4.37151774e+02 -9.54337760e+00 -5.18398968e+02 4.37357651e+02 -4.46285559e+00 -5.18207660e+02 -2.05876440e-01 -5.08052202e+00 -1.91308619e-01
0.00334068       4.37153281e+02 -9.54035432e+00 -5.18403839e+02 4.37358980e+02 -4.46237332e+00 -5.18212760e+02 -2.05698730e-01 -5.07798099e+00 -1.91078971e-01
0.00337185       4.37154375e+02 -9.53722356e+00 -5.18408218e+02 4.37359896e+02 -4.46176004e+00 -5.18217365e+02 -2.05520831e-01 -5.07546352e+00 -1.90852978e-01
0.00340301       4.37157364e+02 -9.53438747e+00 -5.18414236e+02 4.37362707e+02 -4.46141755e+00 -5.18223605e+02 -2.05342643e-01 -5.07296992e+00 -1.90630950e-01
0.00343417       4.37160709e+02 -9.53156807e+00 -5.18420484e+02 4.37365873e+02 -4.46106721e+00 -5.18230071e+02 -2.05164339e-01 -5.07050086e+00 -1.90412766e-01
0.00346533       4.37164395e+02 -9.52882827e+00 -5.18426947e+02 4.37369381e+02 -4.46077153e+00 -5.18236749e+02 -2.04985972e-01 -5.06805674e+00 -1.90198484e-01
0.0034965        4.37168755e+02 -9.52619761e+00 -5.18434066e+02 4.37373562e+02 -4.46055943e+00 -5.18244078e+02 -2.04807494e-01 -5.06563817e+00 -1.89988250e-01
0.00352766       4.37174462e+02 -9.52369770e+00 -5.18442134e+02 4.37379092e+02 -4.46045165e+00 -5.18252353e+02 -2.04629317e-01 -5.06324605e+00 -1.89781799e-01
0.00355882       4.37180647e+02 -9.52133087e+00 -5.18450676e+02 4.37385099e+02 -4.46044983e+00 -5.18261097e+02 -2.04451647e-01 -5.06088104e+00 -1.89578944e-01
0.00358998       4.37187364e+02 -9.51906151e+00 -5.18459650e+02 4.37391638e+02 -4.46051744e+00 -5.18270270e+02 -2.04274336e-01 -5.05854408e+00 -1.89379927e-01
0.00362115       4.37194585e+02 -9.51687461e+00 -5.18468975e+02 4.37398683e+02 -4.46063863e+00 -5.18279791e+02 -2.04098051e-01 -5.05623598e+00 -1.89184285e-01
0.00365231       4.37201760e+02 -9.51485371e+00 -5.18478124e+02 4.37405683e+02 -4.46089607e+00 -5.18289132e+02 -2.03922907e-01 -5.05395764e+00 -1.88992086e-01
0.00368347       4.37208496e+02 -9.51278805e+00 -5.18486747e+02 4.37412245e+02 -4.46107790e+00 -5.18297943e+02 -2.03748893e-01 -5.05171015e+00 -1.88803449e-01
0.00371463       4.37215275e+02 -9.51081907e+00 -5.18495273e+02 4.37418852e+02 -4.46132483e+00 -5.18306655e+02 -2.03576443e-01 -5.04949424e+00 -1.88618064e-01
0.00374579       4.37222305e+02 -9.50892854e+00 -5.18504254e+02 4.37425711e+02 -4.46161772e+00 -5.18315818e+02 -2.03405839e-01 -5.04731082e+00 -1.88435832e-01
0.00377696       4.37228224e+02 -9.50690476e+00 -5.18512089e+02 4.37431461e+02 -4.46174381e+00 -5.18323833e+02 -2.03237160e-01 -5.04516095e+00 -1.88256790e-01
0.00380812       4.37234462e+02 -9.50505322e+00 -5.18520272e+02 4.37437532e+02 -4.46200757e+00 -5.18332191e+02 -2.03070259e-01 -5.04304565e+00 -1.88081292e-01
0.00383928       4.37239968e+02 -9.50309033e+00 -5.18527980e+02 4.37442873e+02 -4.46212440e+00 -5.18340070e+02 -2.02905243e-01 -5.04096593e+00 -1.87909478e-01
0.00387044       4.37245073e+02 -9.50112250e+00 -5.18535426e+02 4.37447816e+02 -4.46219978e+00 -5.18347685e+02 -2.02742538e-01 -5.03892271e+00 -1.87741049e-01
0.0039016        4.37249961e+02 -9.49929958e+00 -5.18542528e+02 4.37452543e+02 -4.46238250e+00 -5.18354952e+02 -2.02582388e-01 -5.03691708e+00 -1.87575937e-01
0.00393276       4.37253482e+02 -9.49730897e+00 -5.18548567e+02 4.37455907e+02 -4.46235885e+00 -5.18361153e+02 -2.02424888e-01 -5.03495013e+00 -1.87414196e-01
0.00396392       4.37256169e+02 -9.49526202e+00 -5.18554104e+02 4.37458440e+02 -4.46223909e+00 -5.18366849e+02 -2.02270386e-01 -5.03302293e+00 -1.87255668e-01
0.00399508       4.37257956e+02 -9.49319878e+00 -5.18558944e+02 4.37460075e+02 -4.46206218e+00 -5.18371843e+02 -2.02119107e-01 -5.03113660e+00 -1.87100372e-01
0.00402624       4.37259344e+02 -9.49103188e+00 -5.18563608e+02 4.37461315e+02 -4.46173957e+00 -5.18376659e+02 -2.01971109e-01 -5.02929231e+00 -1.86948431e-01
0.0040574        4.37259565e+02 -9.48882555e+00 -5.18567484e+02 4.37461392e+02 -4.46133438e+00 -5.18380684e+02 -2.01826707e-01 -5.02749117e+00 -1.86799794e-01
0.00408856       4.37258913e+02 -9.48654954e+00 -5.18570569e+02 4.37460599e+02 -4.46081519e+00 -5.18383914e+02 -2.01686072e-01 -5.02573434e+00 -1.86654525e-01
0.00411972       4.37257610e+02 -9.48423385e+00 -5.18573260e+02 4.37459159e+02 -4.46021085e+00 -5.18386747e+02 -2.01549434e-01 -5.02402300e+00 -1.86512564e-01
0.00415088       4.37255944e+02 -9.48198166e+00 -5.18575813e+02 4.37457360e+02 -4.45962339e+00 -5.18389439e+02 -2.01416930e-01 -5.02235827e+00 -1.86373972e-01
0.00418204       4.37253694e+02 -9.47967492e+00 -5.18577779e+02 4.37454983e+02 -4.45893373e+00 -5.18391541e+02 -2.01288824e-01 -5.02074119e+00 -1.86238653e-01
0.0042132        4.37251462e+02 -9.47742865e+00 -5.18579782e+02 4.37452627e+02 -4.45825583e+00 -5.18393676e+02 -2.01165339e-01 -5.01917282e+00 -1.86106535e-01
0.00424436       4.37249304e+02 -9.47530033e+00 -5.18581835e+02 4.37450351e+02 -4.45764631e+00 -5.18395857e+02 -2.01046542e-01 -5.01765402e+00 -1.85977729e-01
0.00427552       4.37247753e+02 -9.47316880e+00 -5.18584058e+02 4.37448685e+02 -4.45698328e+00 -5.18398205e+02 -2.00932563e-01 -5.01618552e+00 -1.85852218e-01
0.00430668       4.37246059e+02 -9.47123406e+00 -5.18586267e+02 4.37446882e+02 -4.45646611e+00 -5.18400537e+02 -2.00823530e-01 -5.01476795e+00 -1.85729996e-01
0.00433784       4.37244364e+02 -9.46935357e+00 -5.18588527e+02 4.37445084e+02 -4.45595174e+00 -5.18402916e+02 -2.00719657e-01 -5.01340183e+00 -1.85610978e-01
0.004369         4.37243077e+02 -9.46760081e+00 -5.18590906e+02 4.37443698e+02 -4.45551315e+00 -5.18405411e+02 -2.00621188e-01 -5.01208765e+00 -1.85495002e-01
0.00440016       4.37243668e+02 -9.46616026e+00 -5.18594821e+02 4.37444196e+02 -4.45533452e+00 -5.18409438e+02 -2.00528109e-01 -5.01082574e+00 -1.85382151e-01
0.00443132       4.37245011e+02 -9.46481362e+00 -5.18599233e+02 4.37445452e+02 -4.45519723e+00 -5.18413960e+02 -2.00440438e-01 -5.00961639e+00 -1.85272457e-01
0.00446249       4.37247182e+02 -9.46366788e+00 -5.18604298e+02 4.37447540e+02 -4.45520799e+00 -5.18419132e+02 -2.00358229e-01 -5.00845988e+00 -1.85165918e-01
0.00449365       4.37249847e+02 -9.46265152e+00 -5.18609735e+02 4.37450128e+02 -4.45529515e+00 -5.18424672e+02 -2.00281545e-01 -5.00735637e+00 -1.85062545e-01
0.00452481       4.37253164e+02 -9.46176825e+00 -5.18615475e+02 4.37453374e+02 -4.45546230e+00 -5.18430513e+02 -2.00210609e-01 -5.00630595e+00 -1.84962127e-01
0.00455597       4.37257351e+02 -9.46107484e+00 -5.18621947e+02 4.37457497e+02 -4.45576606e+00 -5.18437082e+02 -2.00145592e-01 -5.00530878e+00 -1.84864543e-01
0.00458713       4.37262007e+02 -9.46044570e+00 -5.18628637e+02 4.37462094e+02 -4.45608069e+00 -5.18443868e+02 -2.00086464e-01 -5.00436501e+00 -1.84769838e-01
0.00461829       4.37266207e+02 -9.45994509e+00 -5.18634911e+02 4.37466240e+02 -4.45647027e+00 -5.18450233e+02 -2.00033186e-01 -5.00347481e+00 -1.84678056e-01
0.00464945       4.37270868e+02 -9.45945799e+00 -5.18641650e+02 4.37470854e+02 -4.45681977e+00 -5.18457061e+02 -1.99985937e-01 -5.00263822e+00 -1.84589065e-01
0.00468061       4.37274439e+02 -9.45885322e+00 -5.18647495e+02 4.37474384e+02 -4.45699792e+00 -5.18462992e+02 -1.99944723e-01 -5.00185530e+00 -1.84502872e-01
0.00471177       4.37277961e+02 -9.45837251e+00 -5.18653222e+02 4.37477871e+02 -4.45724651e+00 -5.18468803e+02 -1.99909534e-01 -5.00112600e+00 -1.84419481e-01
0.00474293       4.37282130e+02 -9.45799237e+00 -5.18659266e+02 4.37482010e+02 -4.45754201e+00 -5.18474927e+02 -1.99880309e-01 -5.00045036e+00 -1.84338954e-01
0.00477409       4.37284327e+02 -9.45757446e+00 -5.18663833e+02 4.37484184e+02 -4.45774612e+00 -5.18479572e+02 -1.99857108e-01 -4.99982834e+00 -1.84261199e-01
0.00480525       4.37286743e+02 -9.45724421e+00 -5.18668475e+02 4.37486583e+02 -4.45798434e+00 -5.18484289e+02 -1.99839967e-01 -4.99925987e+00 -1.84186210e-01
0.00483641       4.37289217e+02 -9.45685324e+00 -5.18672965e+02 4.37489046e+02 -4.45810848e+00 -5.18488851e+02 -1.99828931e-01 -4.99874476e+00 -1.84113900e-01
0.00486757       4.37291503e+02 -9.45649503e+00 -5.18677224e+02 4.37491327e+02 -4.45821213e+00 -5.18493180e+02 -1.99823970e-01 -4.99828289e+00 -1.84044218e-01
0.00489873       4.37293170e+02 -9.45620146e+00 -5.18680976e+02 4.37492995e+02 -4.45832739e+00 -5.18496999e+02 -1.99825082e-01 -4.99787407e+00 -1.83977196e-01
0.00492989       4.37293272e+02 -9.45569443e+00 -5.18683674e+02 4.37493104e+02 -4.45817653e+00 -5.18499761e+02 -1.99832288e-01 -4.99751789e+00 -1.83912783e-01
0.00496105       4.37294131e+02 -9.45538228e+00 -5.18686849e+02 4.37493977e+02 -4.45816843e+00 -5.18502998e+02 -1.99845872e-01 -4.99721384e+00 -1.83850736e-01
0.00499221       4.37294443e+02 -9.45502663e+00 -5.18689553e+02 4.37494308e+02 -4.45806535e+00 -5.18505762e+02 -1.99865730e-01 -4.99696128e+00 -1.83791071e-01
0.00502337       4.37295256e+02 -9.45468775e+00 -5.18692369e+02 4.37495148e+02 -4.45792825e+00 -5.18508635e+02 -1.99891798e-01 -4.99675950e+00 -1.83733724e-01
0.00505453       4.37295858e+02 -9.45452077e+00 -5.18695272e+02 4.37495782e+02 -4.45791300e+00 -5.18511593e+02 -1.99923886e-01 -4.99660778e+00 -1.83678746e-01
0.00508569       4.37296507e+02 -9.45434347e+00 -5.18698135e+02 4.37496469e+02 -4.45783808e+00 -5.18514509e+02 -1.99961890e-01 -4.99650539e+00 -1.83626108e-01
0.00511685       4.37297221e+02 -9.45422858e+00 -5.18701077e+02 4.37497226e+02 -4.45777693e+00 -5.18517501e+02 -2.00005591e-01 -4.99645164e+00 -1.83575863e-01
0.00514801       4.37298220e+02 -9.45422920e+00 -5.18704151e+02 4.37498275e+02 -4.45778343e+00 -5.18520623e+02 -2.00054884e-01 -4.99644577e+00 -1.83527990e-01
0.00517917       4.37299853e+02 -9.45429367e+00 -5.18707707e+02 4.37499963e+02 -4.45780669e+00 -5.18524225e+02 -2.00109697e-01 -4.99648698e+00 -1.83482416e-01
0.00521033       4.37301584e+02 -9.45444397e+00 -5.18711258e+02 4.37501754e+02 -4.45786955e+00 -5.18527819e+02 -2.00169920e-01 -4.99657442e+00 -1.83439114e-01
0.00524149       4.37302533e+02 -9.45458666e+00 -5.18714147e+02 4.37502768e+02 -4.45787941e+00 -5.18530749e+02 -2.00235473e-01 -4.99670726e+00 -1.83398056e-01
0.00527265       4.37304350e+02 -9.45481954e+00 -5.18717752e+02 4.37504657e+02 -4.45793498e+00 -5.18534392e+02 -2.00306366e-01 -4.99688456e+00 -1.83359080e-01
0.00530381       4.37305904e+02 -9.45507013e+00 -5.18721210e+02 4.37506287e+02 -4.45796461e+00 -5.18537887e+02 -2.00382502e-01 -4.99710552e+00 -1.83322135e-01
0.00533497       4.37308150e+02 -9.45534731e+00 -5.18725149e+02 4.37508614e+02 -4.45797794e+00 -5.18541862e+02 -2.00463995e-01 -4.99736937e+00 -1.83287001e-01
0.00536613       4.37305293e+02 -9.45556886e+00 -5.18725489e+02 4.37505844e+02 -4.45789358e+00 -5.18542235e+02 -2.00550781e-01 -4.99767528e+00 -1.83253637e-01
0.00539729       4.37306304e+02 -9.45583810e+00 -5.18728661e+02 4.37506947e+02 -4.45781572e+00 -5.18545439e+02 -2.00642601e-01 -4.99802238e+00 -1.83222184e-01
0.00542845       4.37306365e+02 -9.45607206e+00 -5.18731114e+02 4.37507104e+02 -4.45766234e+00 -5.18547921e+02 -2.00739286e-01 -4.99840973e+00 -1.83192636e-01
0.00545961       4.37305974e+02 -9.45630762e+00 -5.18733310e+02 4.37506815e+02 -4.45747137e+00 -5.18550145e+02 -2.00840763e-01 -4.99883625e+00 -1.83164890e-01
0.00549078       4.37305139e+02 -9.45649726e+00 -5.18735218e+02 4.37506086e+02 -4.45719641e+00 -5.18552079e+02 -2.00946837e-01 -4.99930084e+00 -1.83138930e-01
0.00552194       4.37303338e+02 -9.45665270e+00 -5.18736506e+02 4.37504395e+02 -4.45685033e+00 -5.18553391e+02 -2.01057389e-01 -4.99980237e+00 -1.83114673e-01
0.0055531        4.37301166e+02 -9.45684176e+00 -5.18737480e+02 4.37502338e+02 -4.45650219e+00 -5.18554388e+02 -2.01172251e-01 -5.00033957e+00 -1.83092073e-01
0.00558426       4.37298476e+02 -9.45691674e+00 -5.18738171e+02 4.37499767e+02 -4.45600553e+00 -5.18555100e+02 -2.01291229e-01 -5.00091120e+00 -1.83071092e-01
0.00561542       4.37296123e+02 -9.45717288e+00 -5.18739045e+02 4.37497537e+02 -4.45565692e+00 -5.18555993e+02 -2.01414165e-01 -5.00151596e+00 -1.83051673e-01
0.00564658       4.37295393e+02 -9.45734574e+00 -5.18740932e+02 4.37496934e+02 -4.45519327e+00 -5.18557898e+02 -2.01540977e-01 -5.00215247e+00 -1.83033716e-01
0.00567774       4.37292663e+02 -9.45753222e+00 -5.18741378e+02 4.37494334e+02 -4.45471293e+00 -5.18558361e+02 -2.01671564e-01 -5.00281929e+00 -1.83017098e-01
0.0057089        4.37290553e+02 -9.45783589e+00 -5.18742260e+02 4.37492359e+02 -4.45432084e+00 -5.18559258e+02 -2.01805778e-01 -5.00351505e+00 -1.83001757e-01
0.00574006       4.37287999e+02 -9.45818795e+00 -5.18742679e+02 4.37489942e+02 -4.45394969e+00 -5.18559692e+02 -2.01943515e-01 -5.00423826e+00 -1.82987568e-01
0.00577122       4.37286315e+02 -9.45868524e+00 -5.18743527e+02 4.37488400e+02 -4.45369777e+00 -5.18560552e+02 -2.02084579e-01 -5.00498746e+00 -1.82974477e-01
0.00580238       4.37286016e+02 -9.45922424e+00 -5.18744958e+02 4.37488245e+02 -4.45346304e+00 -5.18561995e+02 -2.02228802e-01 -5.00576121e+00 -1.82962415e-01
0.00583354       4.37284251e+02 -9.45990792e+00 -5.18745948e+02 4.37486627e+02 -4.45334990e+00 -5.18562997e+02 -2.02375903e-01 -5.00655803e+00 -1.82951377e-01
0.0058647        4.37283720e+02 -9.46071809e+00 -5.18747360e+02 4.37486246e+02 -4.45334163e+00 -5.18564419e+02 -2.02525671e-01 -5.00737646e+00 -1.82941307e-01
0.00589586       4.37284394e+02 -9.46172996e+00 -5.18749543e+02 4.37487072e+02 -4.45351490e+00 -5.18566611e+02 -2.02677959e-01 -5.00821506e+00 -1.82932107e-01
0.00592702       4.37284536e+02 -9.46267738e+00 -5.18751166e+02 4.37487368e+02 -4.45360509e+00 -5.18568242e+02 -2.02832533e-01 -5.00907229e+00 -1.82923754e-01
0.00595818       4.37285952e+02 -9.46375504e+00 -5.18753638e+02 4.37488942e+02 -4.45380832e+00 -5.18570722e+02 -2.02989231e-01 -5.00994672e+00 -1.82916190e-01
0.00598934       4.37286973e+02 -9.46485708e+00 -5.18755753e+02 4.37490121e+02 -4.45402013e+00 -5.18572844e+02 -2.03147880e-01 -5.01083695e+00 -1.82909358e-01
0.0060205        4.37288478e+02 -9.46603612e+00 -5.18758201e+02 4.37491787e+02 -4.45429451e+00 -5.18575298e+02 -2.03308336e-01 -5.01174161e+00 -1.82903187e-01
0.00605166       4.37288865e+02 -9.46702240e+00 -5.18760010e+02 4.37492335e+02 -4.45436309e+00 -5.18577112e+02 -2.03470503e-01 -5.01265932e+00 -1.82897569e-01
0.00608282       4.37289150e+02 -9.46808289e+00 -5.18761664e+02 4.37492784e+02 -4.45449412e+00 -5.18578771e+02 -2.03634215e-01 -5.01358878e+00 -1.82892418e-01
0.00611398       4.37290119e+02 -9.46917879e+00 -5.18763813e+02 4.37493918e+02 -4.45464998e+00 -5.18580925e+02 -2.03799249e-01 -5.01452881e+00 -1.82887718e-01
0.00614514       4.37290969e+02 -9.47026289e+00 -5.18765916e+02 4.37494934e+02 -4.45478474e+00 -5.18583033e+02 -2.03965346e-01 -5.01547815e+00 -1.82883517e-01
0.0061763        4.37291027e+02 -9.47127815e+00 -5.18767540e+02 4.37495159e+02 -4.45484252e+00 -5.18584661e+02 -2.04132257e-01 -5.01643563e+00 -1.82879831e-01
0.00620746       4.37291375e+02 -9.47226343e+00 -5.18769501e+02 4.37495675e+02 -4.45486332e+00 -5.18586624e+02 -2.04299859e-01 -5.01740011e+00 -1.82876610e-01
0.00623862       4.37291302e+02 -9.47316784e+00 -5.18771275e+02 4.37495771e+02 -4.45479734e+00 -5.18588401e+02 -2.04468051e-01 -5.01837050e+00 -1.82873762e-01
0.00626978       4.37290741e+02 -9.47399989e+00 -5.18772823e+02 4.37495378e+02 -4.45465407e+00 -5.18589952e+02 -2.04636523e-01 -5.01934582e+00 -1.82871453e-01
0.00630095       4.37289526e+02 -9.47481882e+00 -5.18774000e+02 4.37494331e+02 -4.45449366e+00 -5.18591130e+02 -2.04805310e-01 -5.02032516e+00 -1.82869346e-01
0.00633211       4.37289086e+02 -9.47554808e+00 -5.18775600e+02 4.37494060e+02 -4.45424061e+00 -5.18592732e+02 -2.04974158e-01 -5.02130748e+00 -1.82867559e-01
0.00636327       4.37287566e+02 -9.47633104e+00 -5.18776751e+02 4.37492709e+02 -4.45403923e+00 -5.18593885e+02 -2.05142927e-01 -5.02229181e+00 -1.82866071e-01
0.00639443       4.37287250e+02 -9.47701257e+00 -5.18778354e+02 4.37492562e+02 -4.45373529e+00 -5.18595489e+02 -2.05311537e-01 -5.02327729e+00 -1.82864825e-01
0.0064256        4.37285377e+02 -9.47774891e+00 -5.18779342e+02 4.37490857e+02 -4.45348578e+00 -5.18596478e+02 -2.05479953e-01 -5.02426313e+00 -1.82863693e-01
0.00645676       4.37285180e+02 -9.47842095e+00 -5.18781294e+02 4.37490828e+02 -4.45317241e+00 -5.18598431e+02 -2.05648014e-01 -5.02524854e+00 -1.82862719e-01
0.00648792       4.37281957e+02 -9.47912914e+00 -5.18781605e+02 4.37487773e+02 -4.45289641e+00 -5.18598743e+02 -2.05815624e-01 -5.02623273e+00 -1.82861872e-01
0.00651908       4.37280687e+02 -9.47981663e+00 -5.18783059e+02 4.37486670e+02 -4.45260158e+00 -5.18600198e+02 -2.05982649e-01 -5.02721505e+00 -1.82861151e-01
0.00655025       4.37279389e+02 -9.48050380e+00 -5.18784473e+02 4.37485538e+02 -4.45230889e+00 -5.18601613e+02 -2.06148964e-01 -5.02819491e+00 -1.82860547e-01
0.00658141       4.37277978e+02 -9.48116011e+00 -5.18785851e+02 4.37484292e+02 -4.45198837e+00 -5.18602991e+02 -2.06314485e-01 -5.02917175e+00 -1.82860055e-01
0.00661257       4.37276549e+02 -9.48188796e+00 -5.18787186e+02 4.37483028e+02 -4.45174295e+00 -5.18604327e+02 -2.06479222e-01 -5.03014501e+00 -1.82859626e-01
0.00664373       4.37276530e+02 -9.48259951e+00 -5.18789413e+02 4.37483173e+02 -4.45148530e+00 -5.18606553e+02 -2.06643110e-01 -5.03111421e+00 -1.82859234e-01
0.0066749        4.37276376e+02 -9.48337848e+00 -5.18791531e+02 4.37483182e+02 -4.45129961e+00 -5.18608672e+02 -2.06806130e-01 -5.03207887e+00 -1.82858819e-01
0.00670606       4.37274281e+02 -9.48413510e+00 -5.18792386e+02 4.37481250e+02 -4.45109660e+00 -5.18609527e+02 -2.06968323e-01 -5.03303850e+00 -1.82858327e-01
0.00673722       4.37273549e+02 -9.48485985e+00 -5.18794182e+02 4.37480678e+02 -4.45086717e+00 -5.18611324e+02 -2.07129685e-01 -5.03399268e+00 -1.82857705e-01
0.00676838       4.37273031e+02 -9.48563870e+00 -5.18796123e+02 4.37480321e+02 -4.45069765e+00 -5.18613266e+02 -2.07290212e-01 -5.03494105e+00 -1.82856904e-01
0.00679955       4.37271908e+02 -9.48631023e+00 -5.18797635e+02 4.37479358e+02 -4.45042695e+00 -5.18614780e+02 -2.07449852e-01 -5.03588328e+00 -1.82855923e-01
0.00683071       4.37270600e+02 -9.48692347e+00 -5.18799055e+02 4.37478209e+02 -4.45010432e+00 -5.18616200e+02 -2.07608555e-01 -5.03681915e+00 -1.82854777e-01
0.00686187       4.37269724e+02 -9.48758941e+00 -5.18800791e+02 4.37477490e+02 -4.44984101e+00 -5.18617938e+02 -2.07766206e-01 -5.03774840e+00 -1.82853522e-01
0.00689303       4.37268537e+02 -9.48819255e+00 -5.18802333e+02 4.37476459e+02 -4.44952175e+00 -5.18619480e+02 -2.07922719e-01 -5.03867079e+00 -1.82852178e-01
0.00692419       4.37267339e+02 -9.48878639e+00 -5.18803882e+02 4.37475417e+02 -4.44920022e+00 -5.18621031e+02 -2.08077971e-01 -5.03958617e+00 -1.82850805e-01
0.00695536       4.37266139e+02 -9.48938459e+00 -5.18805439e+02 4.37474371e+02 -4.44889019e+00 -5.18622590e+02 -2.08231932e-01 -5.04049440e+00 -1.82849424e-01
0.00698652       4.37264916e+02 -9.48994645e+00 -5.18806968e+02 4.37473300e+02 -4.44855109e+00 -5.18624120e+02 -2.08384618e-01 -5.04139536e+00 -1.82847992e-01
0.00701768       4.37262850e+02 -9.49048948e+00 -5.18808142e+02 4.37471386e+02 -4.44820057e+00 -5.18625296e+02 -2.08536010e-01 -5.04228891e+00 -1.82846501e-01
0.00704884       4.37261540e+02 -9.49102636e+00 -5.18809726e+02 4.37470226e+02 -4.44785136e+00 -5.18626881e+02 -2.08686058e-01 -5.04317499e+00 -1.82844962e-01
0.00708001       4.37260178e+02 -9.49155913e+00 -5.18811297e+02 4.37469013e+02 -4.44750554e+00 -5.18628454e+02 -2.08834743e-01 -5.04405359e+00 -1.82843366e-01
0.00711117       4.37259039e+02 -9.49209211e+00 -5.18813032e+02 4.37468021e+02 -4.44716742e+00 -5.18630190e+02 -2.08982037e-01 -5.04492469e+00 -1.82841747e-01
0.00714233       4.37257431e+02 -9.49263216e+00 -5.18814482e+02 4.37466559e+02 -4.44684390e+00 -5.18631642e+02 -2.09127915e-01 -5.04578826e+00 -1.82840116e-01
0.00717349       4.37256656e+02 -9.49315501e+00 -5.18816410e+02 4.37465929e+02 -4.44651071e+00 -5.18633572e+02 -2.09272358e-01 -5.04664430e+00 -1.82838473e-01
0.00720466       4.37254653e+02 -9.49374213e+00 -5.18817665e+02 4.37464068e+02 -4.44624929e+00 -5.18634828e+02 -2.09415404e-01 -5.04749284e+00 -1.82836793e-01
0.00723582       4.37253342e+02 -9.49435184e+00 -5.18819329e+02 4.37462899e+02 -4.44601795e+00 -5.18636494e+02 -2.09557059e-01 -5.04833389e+00 -1.82835077e-01
0.00726698       4.37255693e+02 -9.49478379e+00 -5.18822386e+02 4.37465390e+02 -4.44561631e+00 -5.18639553e+02 -2.09697338e-01 -5.04916749e+00 -1.82833313e-01
0.00729814       4.37254547e+02 -9.49537881e+00 -5.18824310e+02 4.37464383e+02 -4.44538513e+00 -5.18641479e+02 -2.09836249e-01 -5.04999369e+00 -1.82831496e-01
0.00732931       4.37254235e+02 -9.49594490e+00 -5.18826612e+02 4.37464208e+02 -4.44513235e+00 -5.18643783e+02 -2.09973786e-01 -5.05081256e+00 -1.82829629e-01
0.00736047       4.37254327e+02 -9.49654187e+00 -5.18829136e+02 4.37464437e+02 -4.44491771e+00 -5.18646308e+02 -2.10109952e-01 -5.05162416e+00 -1.82827722e-01
0.00739163       4.37254260e+02 -9.49706399e+00 -5.18831621e+02 4.37464505e+02 -4.44463542e+00 -5.18648795e+02 -2.10244785e-01 -5.05242858e+00 -1.82825755e-01
0.00742279       4.37254568e+02 -9.49758002e+00 -5.18834375e+02 4.37464946e+02 -4.44435413e+00 -5.18651551e+02 -2.10378327e-01 -5.05322590e+00 -1.82823708e-01
0.00745396       4.37254685e+02 -9.49809888e+00 -5.18837067e+02 4.37465196e+02 -4.44408269e+00 -5.18654246e+02 -2.10510588e-01 -5.05401619e+00 -1.82821589e-01
0.00748512       4.37254948e+02 -9.49858969e+00 -5.18839899e+02 4.37465590e+02 -4.44379017e+00 -5.18657080e+02 -2.10641591e-01 -5.05479952e+00 -1.82819386e-01
0.00751628       4.37255557e+02 -9.49906171e+00 -5.18842986e+02 4.37466329e+02 -4.44348576e+00 -5.18660168e+02 -2.10771315e-01 -5.05557596e+00 -1.82817117e-01
0.00754744       4.37256153e+02 -9.49949357e+00 -5.18846136e+02 4.37467053e+02 -4.44314803e+00 -5.18663321e+02 -2.10899783e-01 -5.05634553e+00 -1.82814777e-01
0.0075786        4.37256556e+02 -9.49991538e+00 -5.18849246e+02 4.37467583e+02 -4.44280706e+00 -5.18666433e+02 -2.11027014e-01 -5.05710832e+00 -1.82812359e-01
0.00760977       4.37257214e+02 -9.50030075e+00 -5.18852633e+02 4.37468367e+02 -4.44243636e+00 -5.18669823e+02 -2.11153021e-01 -5.05786440e+00 -1.82809871e-01
0.00764093       4.37257912e+02 -9.50065162e+00 -5.18856111e+02 4.37469190e+02 -4.44203781e+00 -5.18673303e+02 -2.11277821e-01 -5.05861381e+00 -1.82807325e-01
0.00767209       4.37258582e+02 -9.50097638e+00 -5.18859689e+02 4.37469983e+02 -4.44161973e+00 -5.18676884e+02 -2.11401382e-01 -5.05935665e+00 -1.82804755e-01
0.00770325       4.37259334e+02 -9.50128421e+00 -5.18863397e+02 4.37470858e+02 -4.44119124e+00 -5.18680595e+02 -2.11523760e-01 -5.06009297e+00 -1.82802140e-01
0.00773442       4.37260184e+02 -9.50157972e+00 -5.18867219e+02 4.37471829e+02 -4.44075689e+00 -5.18684420e+02 -2.11644971e-01 -5.06082284e+00 -1.82799473e-01
0.00776558       4.37261349e+02 -9.50187847e+00 -5.18871318e+02 4.37473114e+02 -4.44033219e+00 -5.18688521e+02 -2.11765010e-01 -5.06154628e+00 -1.82796775e-01
0.00779674       4.37262652e+02 -9.50215326e+00 -5.18875597e+02 4.37474536e+02 -4.43988990e+00 -5.18692803e+02 -2.11883926e-01 -5.06226336e+00 -1.82794014e-01
0.0078279        4.37264175e+02 -9.50242090e+00 -5.18880062e+02 4.37476177e+02 -4.43944676e+00 -5.18697271e+02 -2.12001746e-01 -5.06297414e+00 -1.82791186e-01
0.00785907       4.37266164e+02 -9.50272705e+00 -5.18884832e+02 4.37478283e+02 -4.43904839e+00 -5.18702044e+02 -2.12118447e-01 -5.06367866e+00 -1.82788322e-01
0.00789023       4.37268197e+02 -9.50301056e+00 -5.18889685e+02 4.37480431e+02 -4.43863366e+00 -5.18706899e+02 -2.12233926e-01 -5.06437690e+00 -1.82785585e-01
0.00792139       4.37270511e+02 -9.50331254e+00 -5.18894795e+02 4.37482859e+02 -4.43824353e+00 -5.18712012e+02 -2.12348337e-01 -5.06506901e+00 -1.82782746e-01
0.00795256       4.37272880e+02 -9.50362544e+00 -5.18899978e+02 4.37485341e+02 -4.43787041e+00 -5.18717199e+02 -2.12461682e-01 -5.06575504e+00 -1.82779830e-01
0.00798372       4.37276618e+02 -9.50389039e+00 -5.18905773e+02 4.37489192e+02 -4.43745540e+00 -5.18722996e+02 -2.12573913e-01 -5.06643499e+00 -1.82776898e-01
0.00801489       4.37279877e+02 -9.50420561e+00 -5.18911506e+02 4.37492562e+02 -4.43709670e+00 -5.18728732e+02 -2.12685020e-01 -5.06710891e+00 -1.82773971e-01
0.00804605       4.37284057e+02 -9.50449421e+00 -5.18917621e+02 4.37496852e+02 -4.43671738e+00 -5.18734850e+02 -2.12794986e-01 -5.06777683e+00 -1.82771070e-01
0.00807722       4.37287210e+02 -9.50476756e+00 -5.18923526e+02 4.37500114e+02 -4.43632878e+00 -5.18740758e+02 -2.12903849e-01 -5.06843878e+00 -1.82768169e-01
0.00810838       4.37291460e+02 -9.50507212e+00 -5.18929993e+02 4.37504471e+02 -4.43597733e+00 -5.18747228e+02 -2.13011610e-01 -5.06909479e+00 -1.82765275e-01
0.00813955       4.37296509e+02 -9.50539362e+00 -5.18936903e+02 4.37509628e+02 -4.43564873e+00 -5.18754141e+02 -2.13118292e-01 -5.06974490e+00 -1.82762371e-01
0.00817071       4.37302130e+02 -9.50574325e+00 -5.18944094e+02 4.37515354e+02 -4.43535413e+00 -5.18761334e+02 -2.13223889e-01 -5.07038912e+00 -1.82759477e-01
0.00820187       4.37308299e+02 -9.50610980e+00 -5.18951545e+02 4.37521627e+02 -4.43508231e+00 -5.18768789e+02 -2.13328435e-01 -5.07102749e+00 -1.82756574e-01
0.00823304       4.37315023e+02 -9.50650052e+00 -5.18959269e+02 4.37528455e+02 -4.43484047e+00 -5.18776515e+02 -2.13431945e-01 -5.07166006e+00 -1.82753654e-01
0.0082642        4.37322272e+02 -9.50690146e+00 -5.18967289e+02 4.37535807e+02 -4.43461462e+00 -5.18784539e+02 -2.13534415e-01 -5.07228684e+00 -1.82750731e-01
0.00829537       4.37330682e+02 -9.50734702e+00 -5.18975866e+02 4.37544318e+02 -4.43443916e+00 -5.18793118e+02 -2.13635868e-01 -5.07290786e+00 -1.82747800e-01
0.00832653       4.37340289e+02 -9.50785171e+00 -5.18985010e+02 4.37554025e+02 -4.43432861e+00 -5.18802265e+02 -2.13736269e-01 -5.07352309e+00 -1.82744882e-01
0.0083577        4.37350644e+02 -9.50836945e+00 -5.18994575e+02 4.37564479e+02 -4.43423689e+00 -5.18811833e+02 -2.13835616e-01 -5.07413255e+00 -1.82741986e-01
0.00838886       4.37361393e+02 -9.50890923e+00 -5.19004265e+02 4.37575326e+02 -4.43417297e+00 -5.18821526e+02 -2.13933905e-01 -5.07473626e+00 -1.82739117e-01
0.00842003       4.37372933e+02 -9.50950332e+00 -5.19014318e+02 4.37586964e+02 -4.43416909e+00 -5.18831582e+02 -2.14031154e-01 -5.07533423e+00 -1.82736271e-01
0.00845119       4.37385432e+02 -9.51016769e+00 -5.19024693e+02 4.37599560e+02 -4.43424122e+00 -5.18841960e+02 -2.14127370e-01 -5.07592647e+00 -1.82733446e-01
0.00848236       4.37398440e+02 -9.51085704e+00 -5.19035373e+02 4.37612663e+02 -4.43434406e+00 -5.18852643e+02 -2.14222570e-01 -5.07651298e+00 -1.82730630e-01
0.00851352       4.37412401e+02 -9.51163055e+00 -5.19046421e+02 4.37626717e+02 -4.43453674e+00 -5.18863693e+02 -2.14316732e-01 -5.07709381e+00 -1.82727837e-01
0.00854468       4.37427261e+02 -9.51247611e+00 -5.19057807e+02 4.37641671e+02 -4.43480714e+00 -5.18875082e+02 -2.14409826e-01 -5.07766897e+00 -1.82725085e-01
0.00857585       4.37443109e+02 -9.51341008e+00 -5.19069600e+02 4.37657611e+02 -4.43517162e+00 -5.18886878e+02 -2.14501895e-01 -5.07823846e+00 -1.82722334e-01
0.00860701       4.37459702e+02 -9.51440712e+00 -5.19081659e+02 4.37674295e+02 -4.43560486e+00 -5.18898940e+02 -2.14592939e-01 -5.07880226e+00 -1.82719594e-01
0.00863818       4.37477054e+02 -9.51542886e+00 -5.19094035e+02 4.37691737e+02 -4.43606847e+00 -5.18911319e+02 -2.14682952e-01 -5.07936039e+00 -1.82716873e-01
0.00866934       4.37495879e+02 -9.51659524e+00 -5.19107025e+02 4.37710651e+02 -4.43668244e+00 -5.18924311e+02 -2.14771948e-01 -5.07991280e+00 -1.82714167e-01
0.00870051       4.37515918e+02 -9.51787599e+00 -5.19120466e+02 4.37730777e+02 -4.43741651e+00 -5.18937755e+02 -2.14859930e-01 -5.08045948e+00 -1.82711476e-01
0.00873167       4.37537322e+02 -9.51928803e+00 -5.19134458e+02 4.37752269e+02 -4.43828762e+00 -5.18951749e+02 -2.14946925e-01 -5.08100041e+00 -1.82708779e-01
0.00876284       4.37560072e+02 -9.52082563e+00 -5.19149008e+02 4.37775105e+02 -4.43929005e+00 -5.18966302e+02 -2.15032928e-01 -5.08153558e+00 -1.82706073e-01
0.008794         4.37583866e+02 -9.52247599e+00 -5.19163952e+02 4.37798983e+02 -4.44041099e+00 -5.18981249e+02 -2.15117942e-01 -5.08206500e+00 -1.82703355e-01
0.00882516       4.37608848e+02 -9.52422427e+00 -5.19179382e+02 4.37824050e+02 -4.44163560e+00 -5.18996681e+02 -2.15201950e-01 -5.08258867e+00 -1.82700653e-01
0.00885633       4.37634891e+02 -9.52608905e+00 -5.19195267e+02 4.37850176e+02 -4.44298249e+00 -5.19012569e+02 -2.15284940e-01 -5.08310656e+00 -1.82697979e-01
0.00888749       4.37662020e+02 -9.52805339e+00 -5.19211604e+02 4.37877387e+02 -4.44443472e+00 -5.19028909e+02 -2.15366905e-01 -5.08361866e+00 -1.82695336e-01
0.00891866       4.37690199e+02 -9.53009855e+00 -5.19228416e+02 4.37905647e+02 -4.44597357e+00 -5.19045724e+02 -2.15447836e-01 -5.08412498e+00 -1.82692740e-01
0.00894982       4.37719668e+02 -9.53220869e+00 -5.19245897e+02 4.37935196e+02 -4.44758320e+00 -5.19063207e+02 -2.15527745e-01 -5.08462549e+00 -1.82690183e-01
0.00898099       4.37750136e+02 -9.53444437e+00 -5.19263797e+02 4.37965743e+02 -4.44932418e+00 -5.19081109e+02 -2.15606617e-01 -5.08512019e+00 -1.82687670e-01
0.00901215       4.37781545e+02 -9.53678280e+00 -5.19282097e+02 4.37997230e+02 -4.45117374e+00 -5.19099412e+02 -2.15684439e-01 -5.08560907e+00 -1.82685215e-01
0.00904331       4.37813743e+02 -9.53921097e+00 -5.19300755e+02 4.38029505e+02 -4.45311879e+00 -5.19118072e+02 -2.15761325e-01 -5.08609218e+00 -1.82682661e-01
0.00907448       4.37846673e+02 -9.54170028e+00 -5.19319755e+02 4.38062510e+02 -4.45513087e+00 -5.19137074e+02 -2.15837120e-01 -5.08656941e+00 -1.82680245e-01
0.00910564       4.37880266e+02 -9.54425117e+00 -5.19339087e+02 4.38096178e+02 -4.45721043e+00 -5.19156409e+02 -2.15911806e-01 -5.08704074e+00 -1.82677963e-01
0.0091368        4.37914576e+02 -9.54687029e+00 -5.19358815e+02 4.38130561e+02 -4.45936412e+00 -5.19176139e+02 -2.15985432e-01 -5.08750617e+00 -1.82675758e-01
0.00916796       4.37949614e+02 -9.54954143e+00 -5.19378929e+02 4.38165672e+02 -4.46157571e+00 -5.19196256e+02 -2.16058012e-01 -5.08796572e+00 -1.82673616e-01
0.00919913       4.37985312e+02 -9.55230902e+00 -5.19399513e+02 4.38201442e+02 -4.46388965e+00 -5.19216841e+02 -2.16129517e-01 -5.08841936e+00 -1.82671571e-01
0.00923029       4.38022311e+02 -9.55533520e+00 -5.19421182e+02 4.38238511e+02 -4.46646809e+00 -5.19238512e+02 -2.16199985e-01 -5.08886711e+00 -1.82669592e-01
0.00926145       4.38056672e+02 -9.55735093e+00 -5.19439793e+02 4.38272942e+02 -4.46804213e+00 -5.19257126e+02 -2.16269402e-01 -5.08930880e+00 -1.82667682e-01
0.00929261       4.38093676e+02 -9.55998173e+00 -5.19460801e+02 4.38310014e+02 -4.47023731e+00 -5.19278135e+02 -2.16337766e-01 -5.08974442e+00 -1.82665839e-01
0.00932378       4.38131429e+02 -9.56264816e+00 -5.19482205e+02 4.38347834e+02 -4.47247414e+00 -5.19299541e+02 -2.16405091e-01 -5.09017402e+00 -1.82664037e-01
0.00935494       4.38170482e+02 -9.56552957e+00 -5.19504621e+02 4.38386954e+02 -4.47493195e+00 -5.19321958e+02 -2.16471370e-01 -5.09059762e+00 -1.82662290e-01
0.0093861        4.38210290e+02 -9.56847284e+00 -5.19527348e+02 4.38426827e+02 -4.47745762e+00 -5.19344687e+02 -2.16536603e-01 -5.09101522e+00 -1.82660597e-01
0.00941726       4.38250541e+02 -9.57142454e+00 -5.19550401e+02 4.38467142e+02 -4.47999772e+00 -5.19367742e+02 -2.16600788e-01 -5.09142682e+00 -1.82658977e-01
0.00944843       4.38291256e+02 -9.57440162e+00 -5.19573754e+02 4.38507920e+02 -4.48256918e+00 -5.19391096e+02 -2.16663925e-01 -5.09183245e+00 -1.82657430e-01
0.00947959       4.38332493e+02 -9.57741235e+00 -5.19597471e+02 4.38549219e+02 -4.48518025e+00 -5.19414815e+02 -2.16726028e-01 -5.09223210e+00 -1.82655932e-01
0.00951075       4.38374711e+02 -9.58048202e+00 -5.19621782e+02 4.38591498e+02 -4.48785624e+00 -5.19439128e+02 -2.16787087e-01 -5.09262578e+00 -1.82654489e-01
0.00954191       4.38411049e+02 -9.58280552e+00 -5.19642466e+02 4.38627896e+02 -4.48979212e+00 -5.19459813e+02 -2.16847054e-01 -5.09301340e+00 -1.82653130e-01
0.00957307       4.38453913e+02 -9.58584638e+00 -5.19667081e+02 4.38670819e+02 -4.49245144e+00 -5.19484429e+02 -2.16906006e-01 -5.09339494e+00 -1.82651734e-01
0.00960423       4.38495939e+02 -9.58878787e+00 -5.19691381e+02 4.38712902e+02 -4.49501737e+00 -5.19508731e+02 -2.16963868e-01 -5.09377051e+00 -1.82650451e-01
0.00963539       4.38537810e+02 -9.59171903e+00 -5.19715630e+02 4.38754831e+02 -4.49757891e+00 -5.19532981e+02 -2.17020609e-01 -5.09414012e+00 -1.82649328e-01
0.00966655       4.38579628e+02 -9.59463225e+00 -5.19739983e+02 4.38796704e+02 -4.50012842e+00 -5.19557335e+02 -2.17076269e-01 -5.09450383e+00 -1.82648310e-01
0.00969771       4.38621363e+02 -9.59753210e+00 -5.19764358e+02 4.38838494e+02 -4.50267045e+00 -5.19581710e+02 -2.17130853e-01 -5.09486165e+00 -1.82647389e-01
0.00972888       4.38662989e+02 -9.60041874e+00 -5.19788781e+02 4.38880174e+02 -4.50520512e+00 -5.19606135e+02 -2.17184355e-01 -5.09521362e+00 -1.82646564e-01
0.00976004       4.38704467e+02 -9.60329201e+00 -5.19813208e+02 4.38921703e+02 -4.50773223e+00 -5.19630562e+02 -2.17236802e-01 -5.09555978e+00 -1.82645816e-01
0.0097912        4.38745671e+02 -9.60613945e+00 -5.19837576e+02 4.38962959e+02 -4.51023932e+00 -5.19654930e+02 -2.17288193e-01 -5.09590014e+00 -1.82645151e-01
0.00982236       4.38786661e+02 -9.60896902e+00 -5.19861926e+02 4.39003999e+02 -4.51273430e+00 -5.19679281e+02 -2.17338527e-01 -5.09623472e+00 -1.82644576e-01
0.00985352       4.38827364e+02 -9.61173880e+00 -5.19886186e+02 4.39044752e+02 -4.51517526e+00 -5.19703542e+02 -2.17387802e-01 -5.09656354e+00 -1.82644092e-01
0.00988468       4.38867564e+02 -9.61448404e+00 -5.19910279e+02 4.39085000e+02 -4.51759736e+00 -5.19727636e+02 -2.17436029e-01 -5.09688667e+00 -1.82643698e-01
0.00991584       4.38907100e+02 -9.61718052e+00 -5.19934130e+02 4.39124583e+02 -4.51997636e+00 -5.19751486e+02 -2.17483217e-01 -5.09720416e+00 -1.82643393e-01
0.009947         4.38946080e+02 -9.61982603e+00 -5.19957753e+02 4.39163609e+02 -4.52230998e+00 -5.19775110e+02 -2.17529369e-01 -5.09751605e+00 -1.82643175e-01
0.00997816       4.38984432e+02 -9.62242501e+00 -5.19981137e+02 4.39202007e+02 -4.52460262e+00 -5.19798494e+02 -2.17574493e-01 -5.09782238e+00 -1.82643042e-01
0.0100093        4.39022130e+02 -9.62497316e+00 -5.20004235e+02 4.39239749e+02 -4.52684995e+00 -5.19821592e+02 -2.17618595e-01 -5.09812321e+00 -1.82642993e-01
0.0100405        4.39059123e+02 -9.62747650e+00 -5.20027015e+02 4.39276785e+02 -4.52905793e+00 -5.19844372e+02 -2.17661686e-01 -5.09841857e+00 -1.82643024e-01
0.0100716        4.39095475e+02 -9.62996396e+00 -5.20049545e+02 4.39313179e+02 -4.53125542e+00 -5.19866902e+02 -2.17703775e-01 -5.09870853e+00 -1.82643136e-01
0.0101028        4.39130538e+02 -9.63220541e+00 -5.20071102e+02 4.39348283e+02 -4.53321225e+00 -5.19888459e+02 -2.17744874e-01 -5.09899315e+00 -1.82643325e-01
0.010134         4.39165000e+02 -9.63446323e+00 -5.20092457e+02 4.39382785e+02 -4.53519076e+00 -5.19909813e+02 -2.17784997e-01 -5.09927246e+00 -1.82643586e-01
0.0101651        4.39196965e+02 -9.63652765e+00 -5.20112425e+02 4.39414789e+02 -4.53698112e+00 -5.19929781e+02 -2.17824156e-01 -5.09954653e+00 -1.82643917e-01
0.0101963        4.39230456e+02 -9.63881739e+00 -5.20133401e+02 4.39448319e+02 -4.53900192e+00 -5.19950757e+02 -2.17862381e-01 -5.09981546e+00 -1.82644301e-01
0.0102274        4.39262873e+02 -9.64103328e+00 -5.20153752e+02 4.39480772e+02 -4.54095392e+00 -5.19971107e+02 -2.17899698e-01 -5.10007936e+00 -1.82644728e-01
0.0102586        4.39294602e+02 -9.64322165e+00 -5.20173730e+02 4.39512538e+02 -4.54288336e+00 -5.19991084e+02 -2.17936117e-01 -5.10033829e+00 -1.82645199e-01
0.0102898        4.39325389e+02 -9.64535681e+00 -5.20193124e+02 4.39543361e+02 -4.54476446e+00 -5.20010478e+02 -2.17971689e-01 -5.10059235e+00 -1.82645670e-01
0.0103209        4.39355551e+02 -9.64749080e+00 -5.20212154e+02 4.39573557e+02 -4.54664918e+00 -5.20029508e+02 -2.18006406e-01 -5.10084162e+00 -1.82646169e-01
0.0103521        4.39383931e+02 -9.64930197e+00 -5.20229650e+02 4.39601971e+02 -4.54821579e+00 -5.20047003e+02 -2.18040271e-01 -5.10108618e+00 -1.82646705e-01
0.0103832        4.39412128e+02 -9.65117939e+00 -5.20247095e+02 4.39630202e+02 -4.54985336e+00 -5.20064447e+02 -2.18073243e-01 -5.10132604e+00 -1.82647269e-01
0.0104144        4.39438168e+02 -9.65263410e+00 -5.20262607e+02 4.39656273e+02 -4.55107281e+00 -5.20079959e+02 -2.18105411e-01 -5.10156129e+00 -1.82647859e-01
0.0104456        4.39465891e+02 -9.65478181e+00 -5.20280132e+02 4.39684027e+02 -4.55298968e+00 -5.20097484e+02 -2.18136798e-01 -5.10179213e+00 -1.82648479e-01
0.0104767        4.39489536e+02 -9.65645010e+00 -5.20294909e+02 4.39707704e+02 -4.55443138e+00 -5.20112260e+02 -2.18167535e-01 -5.10201872e+00 -1.82648949e-01
0.0105079        4.39514632e+02 -9.65829060e+00 -5.20310359e+02 4.39732829e+02 -4.55604967e+00 -5.20127710e+02 -2.18197434e-01 -5.10224094e+00 -1.82649570e-01
0.010539         4.39538609e+02 -9.66007909e+00 -5.20325047e+02 4.39756835e+02 -4.55762013e+00 -5.20142397e+02 -2.18226567e-01 -5.10245895e+00 -1.82650252e-01
0.0105702        4.39561735e+02 -9.66183273e+00 -5.20339110e+02 4.39779990e+02 -4.55915987e+00 -5.20156459e+02 -2.18254963e-01 -5.10267286e+00 -1.82650969e-01
0.0106014        4.39584067e+02 -9.66355565e+00 -5.20352590e+02 4.39802350e+02 -4.56067290e+00 -5.20169939e+02 -2.18282645e-01 -5.10288275e+00 -1.82651713e-01
0.0106325        4.39605566e+02 -9.66524969e+00 -5.20365467e+02 4.39823876e+02 -4.56216100e+00 -5.20182814e+02 -2.18309630e-01 -5.10308869e+00 -1.82652480e-01
0.0106637        4.39626128e+02 -9.66693590e+00 -5.20377722e+02 4.39844464e+02 -4.56364510e+00 -5.20195069e+02 -2.18335935e-01 -5.10329080e+00 -1.82653270e-01
0.0106948        4.39646124e+02 -9.66853841e+00 -5.20389398e+02 4.39864486e+02 -4.56504926e+00 -5.20206744e+02 -2.18361578e-01 -5.10348914e+00 -1.82654079e-01
0.010726         4.39665324e+02 -9.67007754e+00 -5.20400623e+02 4.39883711e+02 -4.56639368e+00 -5.20217969e+02 -2.18386621e-01 -5.10368385e+00 -1.82654838e-01
0.0107571        4.39683409e+02 -9.67173099e+00 -5.20410974e+02 4.39901820e+02 -4.56785597e+00 -5.20228319e+02 -2.18411091e-01 -5.10387502e+00 -1.82655531e-01
0.0107883        4.39700764e+02 -9.67327060e+00 -5.20420828e+02 4.39919199e+02 -4.56920797e+00 -5.20238172e+02 -2.18434883e-01 -5.10406263e+00 -1.82656343e-01
0.0108194        4.39717271e+02 -9.67478313e+00 -5.20430076e+02 4.39935729e+02 -4.57053631e+00 -5.20247419e+02 -2.18458076e-01 -5.10424682e+00 -1.82657180e-01
0.0108506        4.39732965e+02 -9.67626382e+00 -5.20438734e+02 4.39951445e+02 -4.57183616e+00 -5.20256076e+02 -2.18480697e-01 -5.10442767e+00 -1.82658025e-01
0.0108818        4.39747849e+02 -9.67771544e+00 -5.20446819e+02 4.39966352e+02 -4.57311017e+00 -5.20264160e+02 -2.18502751e-01 -5.10460526e+00 -1.82658884e-01
0.0109129        4.39761928e+02 -9.67913523e+00 -5.20454331e+02 4.39980452e+02 -4.57435553e+00 -5.20271671e+02 -2.18524255e-01 -5.10477970e+00 -1.82659757e-01
