# Force and moment coefficients
# dragDir       : (1.00000000e+00 0.00000000e+00 0.00000000e+00)
# sideDir       : (0.00000000e+00 0.00000000e+00 -1.00000000e+00)
# liftDir       : (0.00000000e+00 1.00000000e+00 0.00000000e+00)
# rollAxis      : (1.00000000e+00 0.00000000e+00 0.00000000e+00)
# pitchAxis     : (0.00000000e+00 0.00000000e+00 -1.00000000e+00)
# yawAxis       : (0.00000000e+00 1.00000000e+00 0.00000000e+00)
# magUInf       : 1.00000000e+02
# lRef          : 1.00000000e+00
# Aref          : 2.50000000e-01
# CofR          : (0.00000000e+00 0.00000000e+00 0.00000000e+00)
#
# Time          	Cd              	Cd(f)           	Cd(r)           	Cl              	Cl(f)           	Cl(r)           	CmPitch         	CmRoll          	CmYaw           	Cs              	Cs(f)           	Cs(r)           
10              	-1.60360200e-01	-3.33238189e-01	1.72877989e-01	-4.04892943e-01	-3.48513902e-01	-5.63790402e-02	-1.46067431e-01	-2.53058089e-01	1.00225125e-01	2.26383590e-22	1.00225125e-01	-1.00225125e-01
20              	-1.30795677e-02	7.33202681e-02	-8.63998358e-02	1.27776083e-01	1.96345267e-01	-6.85691836e-02	1.32457225e-01	7.98600519e-02	8.17472981e-03	-9.78561238e-22	8.17472981e-03	-8.17472981e-03
30              	2.16467344e-02	1.68562055e-01	-1.46915320e-01	2.52381900e-01	3.15720927e-01	-6.33390272e-02	1.89529977e-01	1.57738688e-01	-1.35292090e-02	-1.01815965e-21	-1.35292090e-02	1.35292090e-02
40              	2.35213443e-02	1.83642854e-01	-1.60121509e-01	2.75011491e-01	3.39078924e-01	-6.40674333e-02	2.01573179e-01	1.71882182e-01	-1.47008402e-02	-9.44748126e-22	-1.47008402e-02	1.47008402e-02
50              	2.24962024e-02	1.91244666e-01	-1.68748464e-01	2.87994503e-01	3.54928141e-01	-6.69336375e-02	2.10930889e-01	1.79996565e-01	-1.40601265e-02	-9.22500977e-22	-1.40601265e-02	1.40601265e-02
60              	2.19975760e-02	1.98572188e-01	-1.76574612e-01	3.00117441e-01	3.70161823e-01	-7.00443822e-02	2.20103103e-01	1.87573400e-01	-1.37484850e-02	-9.34065478e-22	-1.37484850e-02	1.37484850e-02
70              	2.15377673e-02	2.05392909e-01	-1.83855142e-01	3.11398441e-01	3.84183141e-01	-7.27846998e-02	2.28483920e-01	1.94624026e-01	-1.34611045e-02	-9.24527862e-22	-1.34611045e-02	1.34611045e-02
80              	2.10717826e-02	2.13830676e-01	-1.92758894e-01	3.25271656e-01	4.01694109e-01	-7.64224535e-02	2.39058281e-01	2.03294785e-01	-1.31698641e-02	-9.09835989e-22	-1.31698641e-02	1.31698641e-02
90              	2.04932791e-02	2.21384821e-01	-2.00891542e-01	3.37821090e-01	4.17166401e-01	-7.93453115e-02	2.48255856e-01	2.11138181e-01	-1.28082995e-02	-9.14016109e-22	-1.28082995e-02	1.28082995e-02
100             	1.99095721e-02	2.28528674e-01	-2.08619102e-01	3.49718220e-01	4.31889194e-01	-8.21709734e-02	2.57030083e-01	2.18573888e-01	-1.24434825e-02	-9.07636523e-22	-1.24434825e-02	1.24434825e-02
110             	1.94154898e-02	2.32478428e-01	-2.13062938e-01	3.56433093e-01	4.39980517e-01	-8.35474244e-02	2.61763971e-01	2.22770683e-01	-1.21346811e-02	-9.05748915e-22	-1.21346811e-02	1.21346811e-02
120             	1.89474343e-02	2.36126863e-01	-2.17179429e-01	3.62645034e-01	4.47325359e-01	-8.46803256e-02	2.66002842e-01	2.26653146e-01	-1.18421465e-02	-9.15963380e-22	-1.18421465e-02	1.18421465e-02
130             	1.82987731e-02	2.38525404e-01	-2.20226630e-01	3.67001627e-01	4.52507979e-01	-8.55063517e-02	2.69007165e-01	2.29376017e-01	-1.14367332e-02	-9.05580868e-22	-1.14367332e-02	1.14367332e-02
140             	1.81351865e-02	2.40035870e-01	-2.21900683e-01	3.69549242e-01	4.55808335e-01	-8.62590927e-02	2.71033714e-01	2.30968276e-01	-1.13344916e-02	-9.13157543e-22	-1.13344916e-02	1.13344916e-02
150             	1.76146430e-02	2.44521226e-01	-2.26906583e-01	3.77142246e-01	4.65195084e-01	-8.80528373e-02	2.76623961e-01	2.35713904e-01	-1.10091518e-02	-9.11992085e-22	-1.10091518e-02	1.10091518e-02
160             	1.72302541e-02	2.47093966e-01	-2.29863712e-01	3.81566142e-01	4.70360743e-01	-8.87946010e-02	2.79577672e-01	2.38478839e-01	-1.07689088e-02	-8.98729695e-22	-1.07689088e-02	1.07689088e-02
170             	1.73309006e-02	2.49367014e-01	-2.32036114e-01	3.85122503e-01	4.74342861e-01	-8.92203585e-02	2.81781610e-01	2.40701564e-01	-1.08318129e-02	-9.05940568e-22	-1.08318129e-02	1.08318129e-02
180             	1.71275451e-02	2.52117831e-01	-2.34990286e-01	3.89686494e-01	4.80276798e-01	-9.05903037e-02	2.85433551e-01	2.43554059e-01	-1.07047157e-02	-9.13322562e-22	-1.07047157e-02	1.07047157e-02
190             	1.67521617e-02	2.55425401e-01	-2.38673239e-01	3.95278912e-01	4.87153611e-01	-9.18746992e-02	2.89514155e-01	2.47049320e-01	-1.04701010e-02	-8.82388358e-22	-1.04701010e-02	1.04701010e-02
200             	1.63441338e-02	2.56581482e-01	-2.40237349e-01	3.97455065e-01	4.90407839e-01	-9.29527737e-02	2.91680306e-01	2.48409416e-01	-1.02150836e-02	-8.70827506e-22	-1.02150836e-02	1.02150836e-02
210             	1.57271061e-02	2.56845269e-01	-2.41118162e-01	3.98370745e-01	4.92120322e-01	-9.37495771e-02	2.92934950e-01	2.48981715e-01	-9.82944134e-03	-8.55903362e-22	-9.82944134e-03	9.82944134e-03
220             	1.54592143e-02	2.57028604e-01	-2.41569390e-01	3.98878395e-01	4.93402617e-01	-9.45242216e-02	2.93963419e-01	2.49298997e-01	-9.66200894e-03	-8.63554716e-22	-9.66200894e-03	9.66200894e-03
230             	1.55324637e-02	2.58476408e-01	-2.42943944e-01	4.01136282e-01	4.96499138e-01	-9.53628569e-02	2.95930998e-01	2.50710176e-01	-9.70778984e-03	-8.71021294e-22	-9.70778984e-03	9.70778984e-03
240             	1.57194497e-02	2.59167965e-01	-2.43448515e-01	4.02093184e-01	4.97797124e-01	-9.57039393e-02	2.96750531e-01	2.51308240e-01	-9.82465606e-03	-8.74166569e-22	-9.82465606e-03	9.82465606e-03
250             	1.54008758e-02	2.61007441e-01	-2.45606565e-01	4.05291205e-01	5.02085672e-01	-9.67944664e-02	2.99440069e-01	2.53307003e-01	-9.62554736e-03	-8.69222002e-22	-9.62554736e-03	9.62554736e-03
260             	1.50622957e-02	2.61645820e-01	-2.46583524e-01	4.06583476e-01	5.03808252e-01	-9.72247767e-02	3.00516515e-01	2.54114672e-01	-9.41393484e-03	-8.46315853e-22	-9.41393484e-03	9.41393484e-03
270             	1.43647448e-02	2.62473043e-01	-2.48108298e-01	4.08465072e-01	5.06597992e-01	-9.81329194e-02	3.02365456e-01	2.55290670e-01	-8.97796552e-03	-8.37786315e-22	-8.97796552e-03	8.97796552e-03
280             	1.43935152e-02	2.61446669e-01	-2.47053154e-01	4.06799859e-01	5.04771173e-01	-9.79713140e-02	3.01371244e-01	2.54249912e-01	-8.99594700e-03	-8.32833596e-22	-8.99594700e-03	8.99594700e-03
290             	1.45860709e-02	2.60933971e-01	-2.46347900e-01	4.05825497e-01	5.03681252e-01	-9.78557550e-02	3.00768504e-01	2.53640936e-01	-9.11629432e-03	-8.37591717e-22	-9.11629432e-03	9.11629432e-03
300             	1.46201871e-02	2.61473511e-01	-2.46853324e-01	4.06661468e-01	5.05255298e-01	-9.85938305e-02	3.01924564e-01	2.54163417e-01	-9.13761696e-03	-8.47394124e-22	-9.13761696e-03	9.13761696e-03
310             	1.46354354e-02	2.62358289e-01	-2.47722854e-01	4.08064915e-01	5.07111411e-01	-9.90464964e-02	3.03078954e-01	2.55040572e-01	-9.14714712e-03	-8.45981184e-22	-9.14714712e-03	9.14714712e-03
320             	1.40153876e-02	2.62566254e-01	-2.48550866e-01	4.08893696e-01	5.08472159e-01	-9.95784631e-02	3.04025311e-01	2.55558560e-01	-8.75961726e-03	-8.28722008e-22	-8.75961726e-03	8.75961726e-03
330             	1.38870483e-02	2.63132700e-01	-2.49245652e-01	4.09902682e-01	5.10285048e-01	-1.00382366e-01	3.05333707e-01	2.56189176e-01	-8.67940518e-03	-8.30119670e-22	-8.67940518e-03	8.67940518e-03
340             	1.37461147e-02	2.62382603e-01	-2.48636488e-01	4.08815273e-01	5.09628082e-01	-1.00812808e-01	3.05220445e-01	2.55509546e-01	-8.59132168e-03	-8.36330565e-22	-8.59132168e-03	8.59132168e-03
350             	1.33299883e-02	2.61401391e-01	-2.48071403e-01	4.07578235e-01	5.08257728e-01	-1.00679493e-01	3.04468610e-01	2.54736397e-01	-8.33124266e-03	-8.21759215e-22	-8.33124266e-03	8.33124266e-03
360             	1.32505339e-02	2.61237546e-01	-2.47987012e-01	4.07379646e-01	5.08622553e-01	-1.01242906e-01	3.04932729e-01	2.54612279e-01	-8.28158369e-03	-8.34293385e-22	-8.28158369e-03	8.28158369e-03
370             	1.29828025e-02	2.59400982e-01	-2.46418179e-01	4.04655328e-01	5.05472304e-01	-1.00816975e-01	3.03144639e-01	2.52909580e-01	-8.11425157e-03	-8.25702261e-22	-8.11425157e-03	8.11425157e-03
380             	1.31781776e-02	2.59397835e-01	-2.46219657e-01	4.04493994e-01	5.05353497e-01	-1.00859503e-01	3.03106500e-01	2.52808746e-01	-8.23636101e-03	-8.43970990e-22	-8.23636101e-03	8.23636101e-03
390             	1.34257853e-02	2.59728142e-01	-2.46302357e-01	4.04824399e-01	5.06124646e-01	-1.01300247e-01	3.03712447e-01	2.53015249e-01	-8.39111579e-03	-8.62980339e-22	-8.39111579e-03	8.39111579e-03
400             	1.34133943e-02	2.60159153e-01	-2.46745759e-01	4.05523929e-01	5.07235051e-01	-1.01711122e-01	3.04473086e-01	2.53452456e-01	-8.38337147e-03	-8.64798951e-22	-8.38337147e-03	8.38337147e-03
410             	1.26771837e-02	2.58437893e-01	-2.45760710e-01	4.03358882e-01	5.04796402e-01	-1.01437520e-01	3.03116961e-01	2.52099301e-01	-7.92323979e-03	-8.56232927e-22	-7.92323979e-03	7.92323979e-03
420             	1.29780289e-02	2.58338245e-01	-2.45360216e-01	4.02958769e-01	5.04567923e-01	-1.01609154e-01	3.03088539e-01	2.51849230e-01	-8.11126809e-03	-8.68390976e-22	-8.11126809e-03	8.11126809e-03
430             	1.30285609e-02	2.57344653e-01	-2.44316092e-01	4.01328596e-01	5.02843743e-01	-1.01515147e-01	3.02179445e-01	2.50830373e-01	-8.14285058e-03	-8.78718173e-22	-8.14285058e-03	8.14285058e-03
440             	1.31628822e-02	2.57490896e-01	-2.44328014e-01	4.01455128e-01	5.03405149e-01	-1.01950021e-01	3.02677585e-01	2.50909455e-01	-8.22680139e-03	-8.83695709e-22	-8.22680139e-03	8.22680139e-03
450             	1.31371038e-02	2.56443666e-01	-2.43306562e-01	3.99800182e-01	5.01683644e-01	-1.01883462e-01	3.01783553e-01	2.49875114e-01	-8.21068989e-03	-8.79417172e-22	-8.21068989e-03	8.21068989e-03
460             	1.28752816e-02	2.56668085e-01	-2.43792804e-01	4.00368711e-01	5.02530715e-01	-1.02162004e-01	3.02346360e-01	2.50230445e-01	-8.04705101e-03	-8.73405221e-22	-8.04705101e-03	8.04705101e-03
470             	1.25625161e-02	2.55950724e-01	-2.43388208e-01	3.99471146e-01	5.02036259e-01	-1.02565113e-01	3.02300686e-01	2.49669466e-01	-7.85157254e-03	-8.55875586e-22	-7.85157254e-03	7.85157254e-03
480             	1.19073609e-02	2.55033878e-01	-2.43126518e-01	3.98528317e-01	5.00893503e-01	-1.02365186e-01	3.01629344e-01	2.49080198e-01	-7.44210055e-03	-8.37927651e-22	-7.44210055e-03	7.44210055e-03
490             	1.19909812e-02	2.54484852e-01	-2.42493871e-01	3.97582978e-01	5.00212899e-01	-1.02629920e-01	3.01421409e-01	2.48489362e-01	-7.49436324e-03	-8.46517903e-22	-7.49436324e-03	7.49436324e-03
500             	1.24436505e-02	2.53197442e-01	-2.40753791e-01	3.95160986e-01	4.97374809e-01	-1.02213822e-01	2.99794315e-01	2.46975616e-01	-7.77728153e-03	-8.54460273e-22	-7.77728153e-03	7.77728153e-03
510             	1.27854990e-02	2.53630357e-01	-2.40844858e-01	3.95580171e-01	4.98271003e-01	-1.02690832e-01	3.00480918e-01	2.47237607e-01	-7.99093689e-03	-8.57806857e-22	-7.99093689e-03	7.99093689e-03
520             	1.29671080e-02	2.52789007e-01	-2.39821899e-01	3.94088725e-01	4.96605287e-01	-1.02516562e-01	2.99560924e-01	2.46305453e-01	-8.10444253e-03	-8.63934647e-22	-8.10444253e-03	8.10444253e-03
530             	1.28369192e-02	2.52478819e-01	-2.39641900e-01	3.93696576e-01	4.96282330e-01	-1.02585755e-01	2.99434043e-01	2.46060360e-01	-8.02307449e-03	-8.56691729e-22	-8.02307449e-03	8.02307449e-03
540             	1.24502969e-02	2.51729628e-01	-2.39279331e-01	3.92807167e-01	4.95361504e-01	-1.02554337e-01	2.98957920e-01	2.45504480e-01	-7.78143553e-03	-8.34538970e-22	-7.78143553e-03	7.78143553e-03
550             	1.21805859e-02	2.52612524e-01	-2.40431938e-01	3.94435569e-01	4.97399849e-01	-1.02964280e-01	3.00182065e-01	2.46522231e-01	-7.61286621e-03	-8.21167820e-22	-7.61286621e-03	7.61286621e-03
560             	1.19967647e-02	2.51575465e-01	-2.39578700e-01	3.92923332e-01	4.95598768e-01	-1.02675437e-01	2.99137103e-01	2.45577082e-01	-7.49797794e-03	-8.27017117e-22	-7.49797794e-03	7.49797794e-03
570             	1.24513530e-02	2.49732219e-01	-2.37280866e-01	3.89610469e-01	4.91909497e-01	-1.02299028e-01	2.97104262e-01	2.43506543e-01	-7.78209564e-03	-8.27789431e-22	-7.78209564e-03	7.78209564e-03
580             	1.24808402e-02	2.49181798e-01	-2.36700958e-01	3.88706205e-01	4.91672848e-01	-1.02966643e-01	2.97319746e-01	2.42941378e-01	-7.80052512e-03	-8.43564461e-22	-7.80052512e-03	7.80052512e-03
590             	1.24238362e-02	2.45926157e-01	-2.33502321e-01	3.83542782e-01	4.86761902e-01	-1.03219120e-01	2.94990511e-01	2.39714239e-01	-7.76489760e-03	-8.51906707e-22	-7.76489760e-03	7.76489760e-03
600             	1.23098800e-02	2.42366425e-01	-2.30056545e-01	3.77938376e-01	4.81527747e-01	-1.03589371e-01	2.92558559e-01	2.36211485e-01	-7.69367498e-03	-8.61588067e-22	-7.69367498e-03	7.69367498e-03
610             	1.17803902e-02	2.38601701e-01	-2.26821311e-01	3.72338409e-01	4.77415299e-01	-1.05076890e-01	2.91246095e-01	2.32711506e-01	-7.36274388e-03	-8.65658197e-22	-7.36274388e-03	7.36274388e-03
620             	1.11246409e-02	2.34639948e-01	-2.23515307e-01	3.66524204e-01	4.73175559e-01	-1.06651354e-01	2.89913457e-01	2.29077628e-01	-6.95290058e-03	-8.65409584e-22	-6.95290058e-03	6.95290058e-03
630             	1.04229768e-02	2.33773052e-01	-2.23350075e-01	3.65698502e-01	4.72844780e-01	-1.07146278e-01	2.89995529e-01	2.28561564e-01	-6.51436050e-03	-8.49215635e-22	-6.51436050e-03	6.51436050e-03
640             	1.05299757e-02	2.34249418e-01	-2.23719442e-01	3.66375087e-01	4.72469010e-01	-1.06093923e-01	2.89281466e-01	2.28984430e-01	-6.58123484e-03	-8.43667025e-22	-6.58123484e-03	6.58123484e-03
650             	1.05166111e-02	2.35448711e-01	-2.24932100e-01	3.68304649e-01	4.73627500e-01	-1.05322851e-01	2.89475175e-01	2.30190406e-01	-6.57288196e-03	-8.43056183e-22	-6.57288196e-03	6.57288196e-03
660             	1.11159663e-02	2.38442544e-01	-2.27326578e-01	3.72615298e-01	4.77424582e-01	-1.04809284e-01	2.91116933e-01	2.32884561e-01	-6.94747894e-03	-8.52051366e-22	-6.94747894e-03	6.94747894e-03
670             	1.17089574e-02	2.38050014e-01	-2.26341056e-01	3.71512856e-01	4.75243403e-01	-1.03730547e-01	2.89486975e-01	2.32195535e-01	-7.31809834e-03	-8.65033775e-22	-7.31809834e-03	7.31809834e-03
680             	1.19678352e-02	2.39416576e-01	-2.27448741e-01	3.73492254e-01	4.76735465e-01	-1.03243211e-01	2.89989338e-01	2.33432659e-01	-7.47989702e-03	-8.63248246e-22	-7.47989702e-03	7.47989702e-03
690             	1.20540827e-02	2.41462577e-01	-2.29408494e-01	3.76696857e-01	4.80285823e-01	-1.03588966e-01	2.91937394e-01	2.35435536e-01	-7.53380171e-03	-8.70021919e-22	-7.53380171e-03	7.53380171e-03
700             	1.26166683e-02	2.41018546e-01	-2.28401878e-01	3.75536339e-01	4.78223548e-01	-1.02687209e-01	2.90455379e-01	2.34710212e-01	-7.88541766e-03	-8.67034202e-22	-7.88541766e-03	7.88541766e-03
710             	1.20869859e-02	2.42832651e-01	-2.30745665e-01	3.78862653e-01	4.81838159e-01	-1.02975506e-01	2.92406832e-01	2.36789158e-01	-7.55436620e-03	-8.65692615e-22	-7.55436620e-03	7.55436620e-03
720             	1.21264682e-02	2.43463432e-01	-2.31336964e-01	3.79840316e-01	4.82564543e-01	-1.02724227e-01	2.92644385e-01	2.37400198e-01	-7.57904264e-03	-8.56484160e-22	-7.57904264e-03	7.57904264e-03
730             	1.22036540e-02	2.44262892e-01	-2.32059238e-01	3.81057704e-01	4.84121557e-01	-1.03063853e-01	2.93592705e-01	2.38161065e-01	-7.62728375e-03	-8.57024366e-22	-7.62728375e-03	7.62728375e-03
740             	1.18365340e-02	2.44524922e-01	-2.32688388e-01	3.81770649e-01	4.85049208e-01	-1.03278559e-01	2.94163884e-01	2.38606655e-01	-7.39783375e-03	-8.48438957e-22	-7.39783375e-03	7.39783375e-03
750             	1.20224888e-02	2.44397548e-01	-2.32375059e-01	3.81418085e-01	4.84531887e-01	-1.03113801e-01	2.93822844e-01	2.38386303e-01	-7.51405552e-03	-8.55938631e-22	-7.51405552e-03	7.51405552e-03
760             	1.18567885e-02	2.44637083e-01	-2.32780294e-01	3.81933901e-01	4.85270803e-01	-1.03336902e-01	2.94303852e-01	2.38708688e-01	-7.41049280e-03	-8.59885715e-22	-7.41049280e-03	7.41049280e-03
770             	1.22974221e-02	2.45288625e-01	-2.32991203e-01	3.82623862e-01	4.85615837e-01	-1.02991975e-01	2.94303906e-01	2.39139914e-01	-7.68588880e-03	-8.61665355e-22	-7.68588880e-03	7.68588880e-03
780             	1.23847746e-02	2.46656402e-01	-2.34271628e-01	3.84742424e-01	4.87754998e-01	-1.03012573e-01	2.95383785e-01	2.40464015e-01	-7.74048412e-03	-8.63844941e-22	-7.74048412e-03	7.74048412e-03
790             	1.22475125e-02	2.48042069e-01	-2.35794556e-01	3.87069300e-01	4.90285346e-01	-1.03216046e-01	2.96750696e-01	2.41918312e-01	-7.65469533e-03	-8.66138494e-22	-7.65469533e-03	7.65469533e-03
800             	1.27164815e-02	2.48963082e-01	-2.36246601e-01	3.88167747e-01	4.90968310e-01	-1.02800564e-01	2.96884437e-01	2.42604842e-01	-7.94780092e-03	-8.63978014e-22	-7.94780092e-03	7.94780092e-03
810             	1.28676597e-02	2.50119334e-01	-2.37251674e-01	3.89896806e-01	4.92748823e-01	-1.02852016e-01	2.97800419e-01	2.43685504e-01	-8.04228731e-03	-8.67423097e-22	-8.04228731e-03	8.04228731e-03
820             	1.29992949e-02	2.51648617e-01	-2.38649323e-01	3.92238352e-01	4.95170965e-01	-1.02932613e-01	2.99051789e-01	2.45148970e-01	-8.12455930e-03	-8.72613329e-22	-8.12455930e-03	8.12455930e-03
830             	1.28660121e-02	2.53043901e-01	-2.40177889e-01	3.94577433e-01	4.97542458e-01	-1.02965025e-01	3.00253742e-01	2.46610895e-01	-8.04125757e-03	-8.60655133e-22	-8.04125757e-03	8.04125757e-03
840             	1.25822750e-02	2.54868885e-01	-2.42286610e-01	3.97724397e-01	5.01023240e-01	-1.03298843e-01	3.02161042e-01	2.48577748e-01	-7.86392187e-03	-8.48734803e-22	-7.86392187e-03	7.86392187e-03
850             	1.22611830e-02	2.57157689e-01	-2.44896506e-01	4.01643356e-01	5.05572719e-01	-1.03929364e-01	3.04751041e-01	2.51027097e-01	-7.66323938e-03	-8.35316497e-22	-7.66323938e-03	7.66323938e-03
860             	1.24360681e-02	2.57380786e-01	-2.44944718e-01	4.01860403e-01	5.05524872e-01	-1.03664469e-01	3.04594671e-01	2.51162752e-01	-7.77254257e-03	-8.37517506e-22	-7.77254257e-03	7.77254257e-03
870             	1.24943074e-02	2.57622934e-01	-2.45128627e-01	4.02201249e-01	5.05807765e-01	-1.03606516e-01	3.04707140e-01	2.51375780e-01	-7.80894213e-03	-8.50970336e-22	-7.80894213e-03	7.80894213e-03
880             	1.27891311e-02	2.58700485e-01	-2.45911354e-01	4.03689471e-01	5.06933344e-01	-1.03243872e-01	3.05088608e-01	2.52305920e-01	-7.99320695e-03	-8.51022738e-22	-7.99320695e-03	7.99320695e-03
890             	1.32792318e-02	2.60279185e-01	-2.46999953e-01	4.05823310e-01	5.09160210e-01	-1.03336900e-01	3.06248555e-01	2.53639569e-01	-8.29951988e-03	-8.58257833e-22	-8.29951988e-03	8.29951988e-03
900             	1.29971709e-02	2.61672095e-01	-2.48674924e-01	4.08277616e-01	5.12041854e-01	-1.03764239e-01	3.07903047e-01	2.55173510e-01	-8.12323184e-03	-8.51923949e-22	-8.12323184e-03	8.12323184e-03
910             	1.28475814e-02	2.62938957e-01	-2.50091375e-01	4.10424266e-01	5.14485424e-01	-1.04061159e-01	3.09273291e-01	2.56515166e-01	-8.02973837e-03	-8.42594169e-22	-8.02973837e-03	8.02973837e-03
920             	1.27898614e-02	2.64029334e-01	-2.51239472e-01	4.12215045e-01	5.16312138e-01	-1.04097093e-01	3.10204616e-01	2.57634403e-01	-7.99366339e-03	-8.40223116e-22	-7.99366339e-03	7.99366339e-03
930             	1.21807730e-02	2.65803797e-01	-2.53623024e-01	4.15541457e-01	5.20074833e-01	-1.04533376e-01	3.12304104e-01	2.59713411e-01	-7.61298314e-03	-8.19832607e-22	-7.61298314e-03	7.61298314e-03
940             	1.25241294e-02	2.65362739e-01	-2.52838610e-01	4.14561079e-01	5.18552661e-01	-1.03991582e-01	3.11272121e-01	2.59100674e-01	-7.82758088e-03	-8.20639128e-22	-7.82758088e-03	7.82758088e-03
950             	1.23946022e-02	2.66765151e-01	-2.54370549e-01	4.16908561e-01	5.21186042e-01	-1.04277482e-01	3.12731762e-01	2.60567850e-01	-7.74662636e-03	-8.25131662e-22	-7.74662636e-03	7.74662636e-03
960             	1.27404132e-02	2.68575805e-01	-2.55835392e-01	4.19528958e-01	5.24062559e-01	-1.04533601e-01	3.14298080e-01	2.62205599e-01	-7.96275824e-03	-8.34213820e-22	-7.96275824e-03	7.96275824e-03
970             	1.25960591e-02	2.68790485e-01	-2.56194426e-01	4.19987929e-01	5.24392078e-01	-1.04404149e-01	3.14398114e-01	2.62492456e-01	-7.87253692e-03	-8.30675649e-22	-7.87253692e-03	7.87253692e-03
980             	1.30247327e-02	2.69090342e-01	-2.56065609e-01	4.20124761e-01	5.24108905e-01	-1.03984144e-01	3.14046525e-01	2.62577976e-01	-8.14045793e-03	-8.34710829e-22	-8.14045793e-03	8.14045793e-03
990             	1.31890043e-02	2.71421973e-01	-2.58232969e-01	4.23723954e-01	5.28383623e-01	-1.04659669e-01	3.16521646e-01	2.64827471e-01	-8.24312768e-03	-8.35188537e-22	-8.24312768e-03	8.24312768e-03
1000            	1.34228529e-02	2.72932850e-01	-2.59509997e-01	4.25954277e-01	5.30957588e-01	-1.05003310e-01	3.17980449e-01	2.66221423e-01	-8.38928305e-03	-8.44032499e-22	-8.38928305e-03	8.38928305e-03
1010            	1.29416141e-02	2.72469246e-01	-2.59527632e-01	4.25597503e-01	5.30371466e-01	-1.04773963e-01	3.17572714e-01	2.65998439e-01	-8.08850881e-03	-8.25023871e-22	-8.08850881e-03	8.08850881e-03
1020            	1.29651123e-02	2.74101322e-01	-2.61136210e-01	4.28190026e-01	5.33192164e-01	-1.05002138e-01	3.19097151e-01	2.67618766e-01	-8.10319519e-03	-8.17219800e-22	-8.10319519e-03	8.10319519e-03
1030            	1.25855085e-02	2.74501014e-01	-2.61915505e-01	4.29133215e-01	5.34521484e-01	-1.05388269e-01	3.19954877e-01	2.68208259e-01	-7.86594280e-03	-8.13619138e-22	-7.86594280e-03	7.86594280e-03
1040            	1.27573721e-02	2.76074950e-01	-2.63317578e-01	4.31514023e-01	5.37136324e-01	-1.05622302e-01	3.21379313e-01	2.69696264e-01	-7.97335757e-03	-8.10362979e-22	-7.97335757e-03	7.97335757e-03
1050            	1.28269549e-02	2.76241622e-01	-2.63414667e-01	4.31725031e-01	5.37218855e-01	-1.05493824e-01	3.21356340e-01	2.69828144e-01	-8.01684681e-03	-8.18731147e-22	-8.01684681e-03	8.01684681e-03
1060            	1.28064485e-02	2.76284160e-01	-2.63477712e-01	4.31809497e-01	5.37126459e-01	-1.05316962e-01	3.21221710e-01	2.69880936e-01	-8.00403032e-03	-8.08244224e-22	-8.00403032e-03	8.00403032e-03
1070            	1.27498495e-02	2.78729703e-01	-2.65979854e-01	4.35767645e-01	5.41904424e-01	-1.06136779e-01	3.24020602e-01	2.72354778e-01	-7.96865594e-03	-8.10135728e-22	-7.96865594e-03	7.96865594e-03
1080            	1.26482764e-02	2.78544798e-01	-2.65896522e-01	4.35553056e-01	5.41629384e-01	-1.06076328e-01	3.23852856e-01	2.72220660e-01	-7.90517278e-03	-8.04363287e-22	-7.90517278e-03	7.90517278e-03
1090            	1.23485888e-02	2.78133213e-01	-2.65784624e-01	4.35134270e-01	5.40881205e-01	-1.05746935e-01	3.23314070e-01	2.71958919e-01	-7.71786797e-03	-7.92543074e-22	-7.71786797e-03	7.71786797e-03
1100            	1.21410220e-02	2.79107628e-01	-2.66966606e-01	4.36859388e-01	5.42879757e-01	-1.06020370e-01	3.24450064e-01	2.73037117e-01	-7.58813876e-03	-7.92454419e-22	-7.58813876e-03	7.58813876e-03
1110            	1.20606916e-02	2.80804772e-01	-2.68744080e-01	4.39639082e-01	5.46452850e-01	-1.06813768e-01	3.26633309e-01	2.74774426e-01	-7.53793222e-03	-7.83946438e-22	-7.53793222e-03	7.53793222e-03
1120            	1.23988508e-02	2.80561263e-01	-2.68162412e-01	4.38978939e-01	5.45362073e-01	-1.06383133e-01	3.25872603e-01	2.74361837e-01	-7.74928173e-03	-7.97673537e-22	-7.74928173e-03	7.74928173e-03
1130            	1.25109874e-02	2.80784892e-01	-2.68273905e-01	4.39247037e-01	5.45625590e-01	-1.06378553e-01	3.26002071e-01	2.74529398e-01	-7.81936712e-03	-8.00306930e-22	-7.81936712e-03	7.81936712e-03
1140            	1.24110552e-02	2.80891096e-01	-2.68480041e-01	4.39496909e-01	5.45871162e-01	-1.06374253e-01	3.26122707e-01	2.74685568e-01	-7.75690948e-03	-7.97714318e-22	-7.75690948e-03	7.75690948e-03
1150            	1.30248431e-02	2.81224170e-01	-2.68199327e-01	4.39538798e-01	5.45565478e-01	-1.06026680e-01	3.25796079e-01	2.74711749e-01	-8.14052696e-03	-7.96532638e-22	-8.14052696e-03	8.14052696e-03
1160            	1.29729069e-02	2.82131869e-01	-2.69158962e-01	4.41032664e-01	5.47533552e-01	-1.06500887e-01	3.27017219e-01	2.75645415e-01	-8.10806684e-03	-8.11235045e-22	-8.10806684e-03	8.10806684e-03
1170            	1.30749686e-02	2.82379381e-01	-2.69304412e-01	4.41347034e-01	5.47902050e-01	-1.06555016e-01	3.27228533e-01	2.75841896e-01	-8.17185539e-03	-8.05872653e-22	-8.17185539e-03	8.17185539e-03
1180            	1.29440403e-02	2.82331495e-01	-2.69387454e-01	4.41375159e-01	5.47802746e-01	-1.06427587e-01	3.27115166e-01	2.75859475e-01	-8.09002520e-03	-8.01369154e-22	-8.09002520e-03	8.09002520e-03
1190            	1.27561810e-02	2.83032391e-01	-2.70276210e-01	4.42646881e-01	5.49452032e-01	-1.06805151e-01	3.28128591e-01	2.76654301e-01	-7.97261311e-03	-8.00723789e-22	-7.97261311e-03	7.97261311e-03
1200            	1.29290593e-02	2.83138401e-01	-2.70209341e-01	4.42678194e-01	5.49241150e-01	-1.06562956e-01	3.27902053e-01	2.76673871e-01	-8.08066209e-03	-7.96262656e-22	-8.08066209e-03	8.08066209e-03
1210            	1.27196990e-02	2.84041775e-01	-2.71322076e-01	4.44291081e-01	5.51523332e-01	-1.07232251e-01	3.29377792e-01	2.77681926e-01	-7.94981188e-03	-8.05885246e-22	-7.94981188e-03	7.94981188e-03
1220            	1.26436796e-02	2.83548688e-01	-2.70905008e-01	4.43562957e-01	5.50282201e-01	-1.06719244e-01	3.28500723e-01	2.77226848e-01	-7.90229972e-03	-7.85570515e-22	-7.90229972e-03	7.90229972e-03
1230            	1.25117295e-02	2.83698310e-01	-2.71186580e-01	4.43907912e-01	5.50661774e-01	-1.06753862e-01	3.28707818e-01	2.77442445e-01	-7.81983096e-03	-7.84416166e-22	-7.81983096e-03	7.81983096e-03
1240            	1.24622581e-02	2.84396587e-01	-2.71934329e-01	4.45064733e-01	5.52249111e-01	-1.07184378e-01	3.29716745e-01	2.78165458e-01	-7.78891132e-03	-7.84252983e-22	-7.78891132e-03	7.78891132e-03
1250            	1.20397603e-02	2.84479385e-01	-2.72439624e-01	4.45535207e-01	5.52946644e-01	-1.07411437e-01	3.30179040e-01	2.78459504e-01	-7.52485017e-03	-7.90949940e-22	-7.52485017e-03	7.52485017e-03
1260            	1.20981577e-02	2.84708914e-01	-2.72610756e-01	4.45855736e-01	5.53068843e-01	-1.07213107e-01	3.30140975e-01	2.78659835e-01	-7.56134855e-03	-7.76268496e-22	-7.56134855e-03	7.56134855e-03
1270            	1.20902757e-02	2.85883758e-01	-2.73793482e-01	4.47741792e-01	5.55617663e-01	-1.07875871e-01	3.31746767e-01	2.79838620e-01	-7.55642228e-03	-7.86651504e-22	-7.55642228e-03	7.55642228e-03
1280            	1.22146258e-02	2.84990126e-01	-2.72775501e-01	4.46212502e-01	5.53591559e-01	-1.07379057e-01	3.30485308e-01	2.78882814e-01	-7.63414115e-03	-7.83822274e-22	-7.63414115e-03	7.63414115e-03
1290            	1.24172984e-02	2.85499062e-01	-2.73081764e-01	4.46864660e-01	5.54364798e-01	-1.07500138e-01	3.30932468e-01	2.79290413e-01	-7.76081149e-03	-7.88411027e-22	-7.76081149e-03	7.76081149e-03
1300            	1.20566250e-02	2.85326840e-01	-2.73270215e-01	4.46877644e-01	5.54351192e-01	-1.07473548e-01	3.30912370e-01	2.79298527e-01	-7.53539062e-03	-7.88847002e-22	-7.53539062e-03	7.53539062e-03
1310            	1.21514070e-02	2.86199149e-01	-2.74047742e-01	4.48197514e-01	5.55894491e-01	-1.07696977e-01	3.31795734e-01	2.80123446e-01	-7.59462938e-03	-7.95236983e-22	-7.59462938e-03	7.59462938e-03
1320            	1.21053581e-02	2.86261666e-01	-2.74156308e-01	4.48334380e-01	5.56225344e-01	-1.07890965e-01	3.32058155e-01	2.80208987e-01	-7.56584879e-03	-7.86500158e-22	-7.56584879e-03	7.56584879e-03
1330            	1.20259302e-02	2.86623176e-01	-2.74597246e-01	4.48976338e-01	5.56916517e-01	-1.07940179e-01	3.32428348e-01	2.80610211e-01	-7.51620636e-03	-7.77947966e-22	-7.51620636e-03	7.51620636e-03
1340            	1.21750967e-02	2.86267215e-01	-2.74092118e-01	4.48287466e-01	5.56083948e-01	-1.07796482e-01	3.31940215e-01	2.80179666e-01	-7.60943546e-03	-7.89919791e-22	-7.60943546e-03	7.60943546e-03
1350            	1.19707116e-02	2.86820826e-01	-2.74850114e-01	4.49336752e-01	5.57451792e-01	-1.08115040e-01	3.32783416e-01	2.80835470e-01	-7.48169473e-03	-7.92463913e-22	-7.48169473e-03	7.48169473e-03
1360            	1.21972298e-02	2.86480189e-01	-2.74282959e-01	4.48610519e-01	5.56397284e-01	-1.07786765e-01	3.32092024e-01	2.80381574e-01	-7.62326866e-03	-7.79006503e-22	-7.62326866e-03	7.62326866e-03
1370            	1.22608664e-02	2.86251986e-01	-2.73991120e-01	4.48194485e-01	5.56087707e-01	-1.07893222e-01	3.31990465e-01	2.80121553e-01	-7.66304153e-03	-8.00980741e-22	-7.66304153e-03	7.66304153e-03
1380            	1.22625823e-02	2.86587078e-01	-2.74324496e-01	4.48729260e-01	5.56526927e-01	-1.07797668e-01	3.32162297e-01	2.80455787e-01	-7.66411394e-03	-7.86830618e-22	-7.66411394e-03	7.66411394e-03
1390            	1.23301952e-02	2.86447913e-01	-2.74117718e-01	4.48452505e-01	5.56222701e-01	-1.07770196e-01	3.31996448e-01	2.80282816e-01	-7.70637202e-03	-7.87967959e-22	-7.70637202e-03	7.70637202e-03
1400            	1.19316385e-02	2.86833678e-01	-2.74902039e-01	4.49388573e-01	5.57552260e-01	-1.08163686e-01	3.32857973e-01	2.80867858e-01	-7.45727406e-03	-7.85509115e-22	-7.45727406e-03	7.45727406e-03
1410            	1.23859144e-02	2.86781629e-01	-2.74395715e-01	4.48941875e-01	5.56831937e-01	-1.07890062e-01	3.32361000e-01	2.80588672e-01	-7.74119653e-03	-7.92104386e-22	-7.74119653e-03	7.74119653e-03
1420            	1.23030315e-02	2.86172804e-01	-2.73869773e-01	4.48034062e-01	5.55863827e-01	-1.07829765e-01	3.31846796e-01	2.80021289e-01	-7.68939466e-03	-7.97808608e-22	-7.68939466e-03	7.68939466e-03
1430            	1.23472649e-02	2.87048606e-01	-2.74701341e-01	4.49399957e-01	5.57480420e-01	-1.08080462e-01	3.32780441e-01	2.80874973e-01	-7.71704057e-03	-8.03395278e-22	-7.71704057e-03	7.71704057e-03
1440            	1.24384727e-02	2.86332563e-01	-2.73894090e-01	4.48181322e-01	5.55881814e-01	-1.07700492e-01	3.31791153e-01	2.80113326e-01	-7.77404542e-03	-7.95786391e-22	-7.77404542e-03	7.77404542e-03
1450            	1.25333333e-02	2.87184117e-01	-2.74650783e-01	4.49467920e-01	5.57535623e-01	-1.08067703e-01	3.32801663e-01	2.80917450e-01	-7.83333333e-03	-8.04844876e-22	-7.83333333e-03	7.83333333e-03
1460            	1.24435025e-02	2.86903579e-01	-2.74460076e-01	4.49090924e-01	5.56996303e-01	-1.07905379e-01	3.32450841e-01	2.80681827e-01	-7.77718907e-03	-7.98744613e-22	-7.77718907e-03	7.77718907e-03
1470            	1.24471539e-02	2.87258610e-01	-2.74811457e-01	4.49656054e-01	5.57766990e-01	-1.08110936e-01	3.32938963e-01	2.81035033e-01	-7.77947122e-03	-7.94900636e-22	-7.77947122e-03	7.77947122e-03
1480            	1.23526128e-02	2.87440368e-01	-2.75087755e-01	4.50022499e-01	5.58278943e-01	-1.08256444e-01	3.33267694e-01	2.81264062e-01	-7.72038303e-03	-7.91605413e-22	-7.72038303e-03	7.72038303e-03
1490            	1.18326983e-02	2.86601262e-01	-2.74768564e-01	4.49095860e-01	5.57179086e-01	-1.08083226e-01	3.32631156e-01	2.80684913e-01	-7.39543642e-03	-7.78806084e-22	-7.39543642e-03	7.39543642e-03
1500            	1.18359867e-02	2.87715748e-01	-2.75879762e-01	4.50876408e-01	5.59321636e-01	-1.08445228e-01	3.33883432e-01	2.81797755e-01	-7.39749168e-03	-7.80186636e-22	-7.39749168e-03	7.39749168e-03
1510            	1.19799151e-02	2.87933901e-01	-2.75953986e-01	4.51110309e-01	5.59829512e-01	-1.08719203e-01	3.34274357e-01	2.81943943e-01	-7.48744695e-03	-7.81706581e-22	-7.48744695e-03	7.48744695e-03
1520            	1.18980450e-02	2.87361104e-01	-2.75463059e-01	4.50259330e-01	5.58512787e-01	-1.08253457e-01	3.33383122e-01	2.81412082e-01	-7.43627812e-03	-7.80456112e-22	-7.43627812e-03	7.43627812e-03
1530            	1.19846190e-02	2.87580212e-01	-2.75595593e-01	4.50540645e-01	5.59063954e-01	-1.08523310e-01	3.33793632e-01	2.81587903e-01	-7.49038690e-03	-7.91073418e-22	-7.49038690e-03	7.49038690e-03
1540            	1.22764894e-02	2.87204275e-01	-2.74927785e-01	4.49705648e-01	5.57940620e-01	-1.08234972e-01	3.33087796e-01	2.81066030e-01	-7.67280590e-03	-7.89642916e-22	-7.67280590e-03	7.67280590e-03
1550            	1.22354416e-02	2.87667909e-01	-2.75432467e-01	4.50480301e-01	5.58899840e-01	-1.08419539e-01	3.33659690e-01	2.81550188e-01	-7.64715098e-03	-7.93464257e-22	-7.64715098e-03	7.64715098e-03
1560            	1.24024982e-02	2.87797953e-01	-2.75395455e-01	4.50554727e-01	5.58965389e-01	-1.08410662e-01	3.33688026e-01	2.81596704e-01	-7.75156137e-03	-8.00336348e-22	-7.75156137e-03	7.75156137e-03
1570            	1.24375703e-02	2.87649924e-01	-2.75212354e-01	4.50289823e-01	5.58730016e-01	-1.08440193e-01	3.33585105e-01	2.81431139e-01	-7.77348143e-03	-7.97871693e-22	-7.77348143e-03	7.77348143e-03
1580            	1.19335914e-02	2.86756394e-01	-2.74822803e-01	4.49263358e-01	5.57419436e-01	-1.08156078e-01	3.32787757e-01	2.80789599e-01	-7.45849464e-03	-7.84511828e-22	-7.45849464e-03	7.45849464e-03
1590            	1.22177336e-02	2.88173927e-01	-2.75956193e-01	4.51304096e-01	5.59828163e-01	-1.08524067e-01	3.34176115e-01	2.82065060e-01	-7.63608350e-03	-7.85528782e-22	-7.63608350e-03	7.63608350e-03
1600            	1.22899329e-02	2.87295610e-01	-2.75005678e-01	4.49841030e-01	5.58075645e-01	-1.08234615e-01	3.33155130e-01	2.81150644e-01	-7.68120806e-03	-7.90245510e-22	-7.68120806e-03	7.68120806e-03
1610            	1.23755034e-02	2.86802763e-01	-2.74427259e-01	4.48984018e-01	5.56970933e-01	-1.07986916e-01	3.32478924e-01	2.80615011e-01	-7.73468961e-03	-7.83639899e-22	-7.73468961e-03	7.73468961e-03
1620            	1.25886817e-02	2.88659864e-01	-2.76071182e-01	4.51784837e-01	5.60480720e-01	-1.08695883e-01	3.34588302e-01	2.82365523e-01	-7.86792604e-03	-8.03906996e-22	-7.86792604e-03	7.86792604e-03
1630            	1.26202117e-02	2.88135415e-01	-2.75515203e-01	4.50920495e-01	5.59448752e-01	-1.08528257e-01	3.33988504e-01	2.81825309e-01	-7.88763228e-03	-8.00437727e-22	-7.88763228e-03	7.88763228e-03
1640            	1.24210409e-02	2.88316453e-01	-2.75895413e-01	4.51369493e-01	5.59941706e-01	-1.08572213e-01	3.34256960e-01	2.82105933e-01	-7.76315054e-03	-7.89411948e-22	-7.76315054e-03	7.76315054e-03
1650            	1.22001406e-02	2.87613122e-01	-2.75412981e-01	4.50420883e-01	5.58767357e-01	-1.08346474e-01	3.33556915e-01	2.81513052e-01	-7.62508789e-03	-7.84549770e-22	-7.62508789e-03	7.62508789e-03
1660            	1.23072007e-02	2.87304416e-01	-2.74997215e-01	4.49841305e-01	5.57934581e-01	-1.08093275e-01	3.33013928e-01	2.81150816e-01	-7.69200041e-03	-7.85594878e-22	-7.69200041e-03	7.69200041e-03
1670            	1.22099184e-02	2.87819353e-01	-2.75609435e-01	4.50743031e-01	5.59146657e-01	-1.08403626e-01	3.33775141e-01	2.81714394e-01	-7.63119901e-03	-7.84247130e-22	-7.63119901e-03	7.63119901e-03
1680            	1.23105370e-02	2.87765680e-01	-2.75455143e-01	4.50576659e-01	5.58944690e-01	-1.08368031e-01	3.33656361e-01	2.81610412e-01	-7.69408562e-03	-7.96093931e-22	-7.69408562e-03	7.69408562e-03
1690            	1.21447420e-02	2.88152217e-01	-2.76007475e-01	4.51327754e-01	5.59894555e-01	-1.08566802e-01	3.34230678e-01	2.82079846e-01	-7.59046373e-03	-7.84471552e-22	-7.59046373e-03	7.59046373e-03
1700            	1.22733868e-02	2.88780723e-01	-2.76507337e-01	4.52230448e-01	5.60967158e-01	-1.08736710e-01	3.34851934e-01	2.82644030e-01	-7.67086675e-03	-7.92355116e-22	-7.67086675e-03	7.67086675e-03
1710            	1.21960277e-02	2.89139292e-01	-2.76943265e-01	4.52866046e-01	5.61817262e-01	-1.08951216e-01	3.35384239e-01	2.83041279e-01	-7.62251729e-03	-7.87404588e-22	-7.62251729e-03	7.62251729e-03
1720            	1.21048000e-02	2.87829388e-01	-2.75724588e-01	4.50843180e-01	5.59245394e-01	-1.08402214e-01	3.33823804e-01	2.81776988e-01	-7.56550001e-03	-7.86497886e-22	-7.56550001e-03	7.56550001e-03
1730            	1.20961262e-02	2.88581622e-01	-2.76485496e-01	4.52053694e-01	5.60606707e-01	-1.08553013e-01	3.34579860e-01	2.82533559e-01	-7.56007890e-03	-7.90817958e-22	-7.56007890e-03	7.56007890e-03
1740            	1.22113831e-02	2.88896205e-01	-2.76684822e-01	4.52464822e-01	5.61305158e-01	-1.08840336e-01	3.35072747e-01	2.82790514e-01	-7.63211441e-03	-7.89706288e-22	-7.63211441e-03	7.63211441e-03
1750            	1.18159161e-02	2.88380170e-01	-2.76564254e-01	4.51955539e-01	5.60644459e-01	-1.08688920e-01	3.34666690e-01	2.82472212e-01	-7.38494759e-03	-7.78573256e-22	-7.38494759e-03	7.38494759e-03
1760            	1.17239356e-02	2.88629131e-01	-2.76905195e-01	4.52427461e-01	5.61010135e-01	-1.08582674e-01	3.34796405e-01	2.82767163e-01	-7.32745973e-03	-7.75911935e-22	-7.32745973e-03	7.32745973e-03
1770            	1.21212356e-02	2.88966674e-01	-2.76845439e-01	4.52649691e-01	5.61441095e-01	-1.08791404e-01	3.35116250e-01	2.82906057e-01	-7.57577223e-03	-7.91120328e-22	-7.57577223e-03	7.57577223e-03
1780            	1.21884297e-02	2.87973269e-01	-2.75784839e-01	4.51006486e-01	5.59151833e-01	-1.08145347e-01	3.33648590e-01	2.81879054e-01	-7.61776858e-03	-7.81721219e-22	-7.61776858e-03	7.61776858e-03
1790            	1.19172382e-02	2.88675063e-01	-2.76757825e-01	4.52346310e-01	5.60978454e-01	-1.08632144e-01	3.34805299e-01	2.82716444e-01	-7.44827386e-03	-7.88577629e-22	-7.44827386e-03	7.44827386e-03
1800            	1.22261080e-02	2.88850888e-01	-2.76624780e-01	4.52380535e-01	5.60917030e-01	-1.08536495e-01	3.34726763e-01	2.82737834e-01	-7.64131749e-03	-7.88616131e-22	-7.64131749e-03	7.64131749e-03
1810            	1.20557426e-02	2.88773574e-01	-2.76717832e-01	4.52393125e-01	5.60977666e-01	-1.08584541e-01	3.34781104e-01	2.82745703e-01	-7.53483916e-03	-7.91624273e-22	-7.53483916e-03	7.53483916e-03
1820            	1.22013771e-02	2.88021423e-01	-2.75820046e-01	4.51073175e-01	5.59122115e-01	-1.08048940e-01	3.33585527e-01	2.81920734e-01	-7.62586066e-03	-7.83670364e-22	-7.62586066e-03	7.62586066e-03
1830            	1.26193201e-02	2.89596793e-01	-2.76977472e-01	4.53259412e-01	5.61923974e-01	-1.08664562e-01	3.35294268e-01	2.83287132e-01	-7.88707506e-03	-7.98569468e-22	-7.88707506e-03	7.88707506e-03
1840            	1.23494853e-02	2.88839353e-01	-2.76489867e-01	4.52263376e-01	5.60813818e-01	-1.08550442e-01	3.34682130e-01	2.82664610e-01	-7.71842834e-03	-7.96821346e-22	-7.71842834e-03	7.71842834e-03
1850            	1.25013244e-02	2.88404944e-01	-2.75903620e-01	4.51446852e-01	5.59559480e-01	-1.08112629e-01	3.33836054e-01	2.82154282e-01	-7.81332776e-03	-7.94771598e-22	-7.81332776e-03	7.81332776e-03
1860            	1.26627187e-02	2.89351576e-01	-2.76688857e-01	4.52832347e-01	5.61293962e-01	-1.08461616e-01	3.34877789e-01	2.83020217e-01	-7.91419918e-03	-8.11699772e-22	-7.91419918e-03	7.91419918e-03
1870            	1.23802881e-02	2.89173901e-01	-2.76793613e-01	4.52774011e-01	5.61336208e-01	-1.08562196e-01	3.34949202e-01	2.82983757e-01	-7.73768007e-03	-7.95559396e-22	-7.73768007e-03	7.73768007e-03
1880            	1.25114137e-02	2.89447520e-01	-2.76936107e-01	4.53106902e-01	5.61647914e-01	-1.08541012e-01	3.35094463e-01	2.83191814e-01	-7.81963354e-03	-8.01307926e-22	-7.81963354e-03	7.81963354e-03
1890            	1.26115519e-02	2.89141128e-01	-2.76529576e-01	4.52536563e-01	5.60843879e-01	-1.08307316e-01	3.34575597e-01	2.82835352e-01	-7.88221992e-03	-8.03962052e-22	-7.88221992e-03	7.88221992e-03
1900            	1.22885791e-02	2.89683549e-01	-2.77394970e-01	4.53662815e-01	5.62289484e-01	-1.08626669e-01	3.35458076e-01	2.83539259e-01	-7.68036193e-03	-8.01163270e-22	-7.68036193e-03	7.68036193e-03
1910            	1.25965518e-02	2.89762059e-01	-2.77165507e-01	4.53542053e-01	5.62090596e-01	-1.08548543e-01	3.35319569e-01	2.83463783e-01	-7.87284487e-03	-7.92451465e-22	-7.87284487e-03	7.87284487e-03
1920            	1.22405459e-02	2.89117957e-01	-2.76877411e-01	4.52796295e-01	5.61264276e-01	-1.08467981e-01	3.34866128e-01	2.82997684e-01	-7.65034119e-03	-7.92003608e-22	-7.65034119e-03	7.65034119e-03
1930            	1.20666689e-02	2.89118947e-01	-2.77052278e-01	4.52936980e-01	5.61406489e-01	-1.08469509e-01	3.34937999e-01	2.83085613e-01	-7.54166804e-03	-7.81908852e-22	-7.54166804e-03	7.54166804e-03
1940            	1.21134132e-02	2.90086802e-01	-2.77973389e-01	4.54448152e-01	5.63239683e-01	-1.08791530e-01	3.36015606e-01	2.84030095e-01	-7.57088325e-03	-7.86530985e-22	-7.57088325e-03	7.57088325e-03
1950            	1.23043283e-02	2.88740034e-01	-2.76435706e-01	4.52140591e-01	5.60309262e-01	-1.08168671e-01	3.34238967e-01	2.82587870e-01	-7.69020519e-03	-7.92152998e-22	-7.69020519e-03	7.69020519e-03
1960            	1.21496031e-02	2.90122143e-01	-2.77972540e-01	4.54475747e-01	5.63344804e-01	-1.08869057e-01	3.36106930e-01	2.84047342e-01	-7.59350193e-03	-7.80670645e-22	-7.59350193e-03	7.59350193e-03
1970            	1.21822435e-02	2.89095348e-01	-2.76913104e-01	4.52806762e-01	5.61093540e-01	-1.08286778e-01	3.34690159e-01	2.83004226e-01	-7.61390220e-03	-7.82299167e-22	-7.61390220e-03	7.61390220e-03
1980            	1.21304739e-02	2.90410790e-01	-2.78280316e-01	4.54952885e-01	5.63893035e-01	-1.08940150e-01	3.36416593e-01	2.84345553e-01	-7.58154619e-03	-7.94279528e-22	-7.58154619e-03	7.58154619e-03
1990            	1.20370782e-02	2.89902642e-01	-2.77865564e-01	4.54214564e-01	5.63097640e-01	-1.08883076e-01	3.35990358e-01	2.83884103e-01	-7.52317389e-03	-7.83544827e-22	-7.52317389e-03	7.52317389e-03
2000            	1.21024295e-02	2.89401431e-01	-2.77299001e-01	4.53360346e-01	5.61700266e-01	-1.08339920e-01	3.35020093e-01	2.83350216e-01	-7.56401846e-03	-7.73937868e-22	-7.56401846e-03	7.56401846e-03
2010            	1.20621044e-02	2.89849938e-01	-2.77787833e-01	4.54110217e-01	5.62771469e-01	-1.08661252e-01	3.35716361e-01	2.83818885e-01	-7.53881523e-03	-7.88685243e-22	-7.53881523e-03	7.53881523e-03
2020            	1.22282272e-02	2.89619963e-01	-2.77391736e-01	4.53609360e-01	5.62127863e-01	-1.08518504e-01	3.35323184e-01	2.83505850e-01	-7.64264200e-03	-7.89315803e-22	-7.64264200e-03	7.64264200e-03
2030            	1.22195760e-02	2.89527683e-01	-2.77308107e-01	4.53468632e-01	5.62013627e-01	-1.08544995e-01	3.35279311e-01	2.83417895e-01	-7.63723500e-03	-7.90778056e-22	-7.63723500e-03	7.63723500e-03
2040            	1.24238245e-02	2.89653968e-01	-2.77230143e-01	4.53507289e-01	5.61941732e-01	-1.08434443e-01	3.35188088e-01	2.83442055e-01	-7.76489034e-03	-7.91596408e-22	-7.76489034e-03	7.76489034e-03
2050            	1.24111126e-02	2.90353259e-01	-2.77942147e-01	4.54636324e-01	5.63457987e-01	-1.08821662e-01	3.36139824e-01	2.84147703e-01	-7.75694536e-03	-7.96804771e-22	-7.75694536e-03	7.75694536e-03
2060            	1.21981595e-02	2.89685104e-01	-2.77486944e-01	4.53737638e-01	5.62276369e-01	-1.08538731e-01	3.35407550e-01	2.83586024e-01	-7.62384969e-03	-7.82857405e-22	-7.62384969e-03	7.62384969e-03
2070            	1.22715943e-02	2.89317227e-01	-2.77045632e-01	4.53090287e-01	5.61227343e-01	-1.08137056e-01	3.34682200e-01	2.83181430e-01	-7.66974643e-03	-7.77337814e-22	-7.66974643e-03	7.66974643e-03
2080            	1.21850927e-02	2.90243894e-01	-2.78058801e-01	4.54642156e-01	5.63509924e-01	-1.08867768e-01	3.36188846e-01	2.84151347e-01	-7.61568295e-03	-7.90003591e-22	-7.61568295e-03	7.61568295e-03
2090            	1.22672383e-02	2.89020369e-01	-2.76753131e-01	4.52618800e-01	5.60785300e-01	-1.08166500e-01	3.34475900e-01	2.82886750e-01	-7.66702394e-03	-7.78669517e-22	-7.66702394e-03	7.66702394e-03
2100            	1.25802770e-02	2.90564595e-01	-2.77984318e-01	4.54839130e-01	5.63455360e-01	-1.08616229e-01	3.36035794e-01	2.84274457e-01	-7.86267312e-03	-7.86765575e-22	-7.86267312e-03	7.86267312e-03
2110            	1.20923385e-02	2.89472449e-01	-2.77380110e-01	4.53482047e-01	5.62087985e-01	-1.08605937e-01	3.35346961e-01	2.83426280e-01	-7.55771156e-03	-7.91136719e-22	-7.55771156e-03	7.55771156e-03
2120            	1.27633130e-02	2.90046199e-01	-2.77282886e-01	4.53863268e-01	5.62235132e-01	-1.08371864e-01	3.35303498e-01	2.83664542e-01	-7.97707064e-03	-7.92625401e-22	-7.97707064e-03	7.97707064e-03
2130            	1.22406217e-02	2.90038096e-01	-2.77797474e-01	4.54268456e-01	5.62994832e-01	-1.08726377e-01	3.35860605e-01	2.83917785e-01	-7.65038859e-03	-7.97628021e-22	-7.65038859e-03	7.65038859e-03
2140            	1.24857137e-02	2.90698695e-01	-2.78212981e-01	4.55129341e-01	5.63867686e-01	-1.08738345e-01	3.36303015e-01	2.84455838e-01	-7.80357104e-03	-7.95437992e-22	-7.80357104e-03	7.80357104e-03
2150            	1.28092867e-02	2.90578815e-01	-2.77769529e-01	4.54678675e-01	5.63352262e-01	-1.08673587e-01	3.36012925e-01	2.84174172e-01	-8.00580419e-03	-7.98265076e-22	-8.00580419e-03	8.00580419e-03
2160            	1.22426518e-02	2.90419144e-01	-2.78176492e-01	4.54876509e-01	5.63613568e-01	-1.08737058e-01	3.36175313e-01	2.84297818e-01	-7.65165735e-03	-7.89112259e-22	-7.65165735e-03	7.65165735e-03
2170            	1.26862622e-02	2.91268637e-01	-2.78582375e-01	4.55880809e-01	5.64584516e-01	-1.08703707e-01	3.36644112e-01	2.84925506e-01	-7.92891387e-03	-7.86178348e-22	-7.92891387e-03	7.92891387e-03
2180            	1.21864830e-02	2.90081093e-01	-2.77894610e-01	4.54380563e-01	5.63152714e-01	-1.08772151e-01	3.35962433e-01	2.83987852e-01	-7.61655189e-03	-7.85255011e-22	-7.61655189e-03	7.61655189e-03
2190            	1.23420614e-02	2.90773241e-01	-2.78431180e-01	4.55363536e-01	5.64073097e-01	-1.08709561e-01	3.36391329e-01	2.84602210e-01	-7.71378839e-03	-7.79833657e-22	-7.71378839e-03	7.71378839e-03
2200            	1.21146214e-02	2.90075159e-01	-2.77960538e-01	4.54428558e-01	5.63157211e-01	-1.08728653e-01	3.35942932e-01	2.84017849e-01	-7.57163837e-03	-7.83794877e-22	-7.57163837e-03	7.57163837e-03
2210            	1.23581516e-02	2.90347500e-01	-2.77989349e-01	4.54669479e-01	5.63161622e-01	-1.08492143e-01	3.35826883e-01	2.84168425e-01	-7.72384476e-03	-7.80181685e-22	-7.72384476e-03	7.72384476e-03
2220            	1.21642732e-02	2.90826694e-01	-2.78662420e-01	4.55591291e-01	5.64489950e-01	-1.08898659e-01	3.36694304e-01	2.84744557e-01	-7.60267076e-03	-7.79259873e-22	-7.60267076e-03	7.60267076e-03
2230            	1.22554697e-02	2.90102654e-01	-2.77847185e-01	4.54359871e-01	5.62807662e-01	-1.08447791e-01	3.35627727e-01	2.83974919e-01	-7.65966854e-03	-7.78691030e-22	-7.65966854e-03	7.65966854e-03
2240            	1.22579004e-02	2.91689323e-01	-2.79431422e-01	4.56896596e-01	5.65881291e-01	-1.08984695e-01	3.37432993e-01	2.85560372e-01	-7.66118774e-03	-7.80273764e-22	-7.66118774e-03	7.66118774e-03
2250            	1.20485448e-02	2.90208638e-01	-2.78160094e-01	4.54694986e-01	5.63382985e-01	-1.08688000e-01	3.36035492e-01	2.84184366e-01	-7.53034051e-03	-7.74325199e-22	-7.53034051e-03	7.53034051e-03
2260            	1.21552130e-02	2.90788073e-01	-2.78632860e-01	4.55536746e-01	5.64274582e-01	-1.08737836e-01	3.36506209e-01	2.84710467e-01	-7.59700811e-03	-7.78447489e-22	-7.59700811e-03	7.59700811e-03
2270            	1.19318864e-02	2.90137811e-01	-2.78205924e-01	4.54674988e-01	5.63262302e-01	-1.08587314e-01	3.35924808e-01	2.84171868e-01	-7.45742901e-03	-7.79837035e-22	-7.45742901e-03	7.45742901e-03
2280            	1.18756942e-02	2.91697848e-01	-2.79822153e-01	4.57216001e-01	5.66481350e-01	-1.09265349e-01	3.37873349e-01	2.85760000e-01	-7.42230889e-03	-7.79565185e-22	-7.42230889e-03	7.42230889e-03
2290            	1.21295127e-02	2.91764325e-01	-2.79634813e-01	4.57119310e-01	5.66355054e-01	-1.09235743e-01	3.37795399e-01	2.85699569e-01	-7.58094541e-03	-7.75242987e-22	-7.58094541e-03	7.58094541e-03
2300            	1.19504720e-02	2.91207490e-01	-2.79257018e-01	4.56371606e-01	5.65388746e-01	-1.09017140e-01	3.37202943e-01	2.85232254e-01	-7.46904498e-03	-7.76742196e-22	-7.46904498e-03	7.46904498e-03
2310            	1.22713456e-02	2.91976049e-01	-2.79704704e-01	4.57344602e-01	5.66658975e-01	-1.09314373e-01	3.37986674e-01	2.85840376e-01	-7.66959101e-03	-7.80188253e-22	-7.66959101e-03	7.66959101e-03
2320            	1.22734063e-02	2.90571023e-01	-2.78297616e-01	4.55094911e-01	5.63674956e-01	-1.08580045e-01	3.36127501e-01	2.84434319e-01	-7.67087891e-03	-7.83959545e-22	-7.67087891e-03	7.67087891e-03
2330            	1.23183104e-02	2.90711791e-01	-2.78393480e-01	4.55284217e-01	5.63994740e-01	-1.08710523e-01	3.36352632e-01	2.84552636e-01	-7.69894400e-03	-7.88538200e-22	-7.69894400e-03	7.69894400e-03
2340            	1.21775463e-02	2.90830194e-01	-2.78652648e-01	4.55586273e-01	5.64299731e-01	-1.08713458e-01	3.36506594e-01	2.84741421e-01	-7.61096643e-03	-7.81249295e-22	-7.61096643e-03	7.61096643e-03
2350            	1.24520888e-02	2.90601048e-01	-2.78148959e-01	4.55000006e-01	5.63453379e-01	-1.08453373e-01	3.35953376e-01	2.84375004e-01	-7.78255548e-03	-7.84353471e-22	-7.78255548e-03	7.78255548e-03
2360            	1.24525221e-02	2.90948803e-01	-2.78496281e-01	4.55556066e-01	5.64372299e-01	-1.08816232e-01	3.36594265e-01	2.84722542e-01	-7.78282630e-03	-7.96234580e-22	-7.78282630e-03	7.78282630e-03
2370            	1.27702962e-02	2.90849632e-01	-2.78079336e-01	4.55143174e-01	5.63680910e-01	-1.08537736e-01	3.36109323e-01	2.84464484e-01	-7.98143512e-03	-7.96331963e-22	-7.98143512e-03	7.98143512e-03
2380            	1.25505457e-02	2.91223703e-01	-2.78673157e-01	4.55917488e-01	5.64714601e-01	-1.08797112e-01	3.36755857e-01	2.84948430e-01	-7.84409108e-03	-7.99417590e-22	-7.84409108e-03	7.84409108e-03
2390            	1.24784212e-02	2.91045961e-01	-2.78567540e-01	4.55690800e-01	5.64323553e-01	-1.08632753e-01	3.36478153e-01	2.84806750e-01	-7.79901327e-03	-7.86484980e-22	-7.79901327e-03	7.79901327e-03
2400            	1.24258556e-02	2.90698294e-01	-2.78272438e-01	4.55176585e-01	5.63817865e-01	-1.08641280e-01	3.36229573e-01	2.84485366e-01	-7.76615975e-03	-7.87021598e-22	-7.76615975e-03	7.76615975e-03
2410            	1.23987908e-02	2.91171727e-01	-2.78772936e-01	4.55955730e-01	5.64746725e-01	-1.08790994e-01	3.36768860e-01	2.84972331e-01	-7.74924428e-03	-7.85035119e-22	-7.74924428e-03	7.74924428e-03
2420            	1.24319366e-02	2.90386330e-01	-2.77954393e-01	4.54672578e-01	5.63076213e-01	-1.08403635e-01	3.35739924e-01	2.84170361e-01	-7.76996034e-03	-7.91388491e-22	-7.76996034e-03	7.76996034e-03
2430            	1.24116403e-02	2.91255319e-01	-2.78843679e-01	4.56079199e-01	5.64835075e-01	-1.08755876e-01	3.36795475e-01	2.85049499e-01	-7.75727520e-03	-7.87458228e-22	-7.75727520e-03	7.75727520e-03
2440            	1.23962235e-02	2.90566657e-01	-2.78170433e-01	4.54989672e-01	5.63600544e-01	-1.08610872e-01	3.36105708e-01	2.84368545e-01	-7.74763970e-03	-7.86079757e-22	-7.74763970e-03	7.74763970e-03
2450            	1.23430061e-02	2.91360712e-01	-2.79017706e-01	4.56302734e-01	5.65172453e-01	-1.08869720e-01	3.37021087e-01	2.85189209e-01	-7.71437883e-03	-7.86637813e-22	-7.71437883e-03	7.71437883e-03
2460            	1.25414061e-02	2.91080006e-01	-2.78538600e-01	4.55694885e-01	5.64551573e-01	-1.08856688e-01	3.36704131e-01	2.84809303e-01	-7.83837883e-03	-7.99390873e-22	-7.83837883e-03	7.83837883e-03
2470            	1.25451016e-02	2.90845891e-01	-2.78300789e-01	4.55317344e-01	5.63931829e-01	-1.08614485e-01	3.36273157e-01	2.84573340e-01	-7.84068848e-03	-7.95027476e-22	-7.84068848e-03	7.84068848e-03
2480            	1.24897275e-02	2.90984308e-01	-2.78494581e-01	4.55583112e-01	5.64221042e-01	-1.08637931e-01	3.36429487e-01	2.84739445e-01	-7.80607968e-03	-7.92669294e-22	-7.80607968e-03	7.80607968e-03
2490            	1.29208933e-02	2.90942690e-01	-2.78021797e-01	4.55171589e-01	5.63748608e-01	-1.08577018e-01	3.36162813e-01	2.84482243e-01	-8.07555834e-03	-8.04071009e-22	-8.07555834e-03	8.07555834e-03
2500            	1.24977749e-02	2.91175479e-01	-2.78677704e-01	4.55882546e-01	5.64672864e-01	-1.08790318e-01	3.36731591e-01	2.84926591e-01	-7.81110932e-03	-7.94941049e-22	-7.81110932e-03	7.81110932e-03
2510            	1.23635456e-02	2.90884009e-01	-2.78520463e-01	4.55523578e-01	5.64146954e-01	-1.08623376e-01	3.36385165e-01	2.84702236e-01	-7.72721598e-03	-7.89250664e-22	-7.72721598e-03	7.72721598e-03
2520            	1.24098923e-02	2.90693944e-01	-2.78284051e-01	4.55182396e-01	5.63835974e-01	-1.08653578e-01	3.36244776e-01	2.84488997e-01	-7.75618271e-03	-7.91414324e-22	-7.75618271e-03	7.75618271e-03
2530            	1.25825834e-02	2.90810012e-01	-2.78227429e-01	4.55229953e-01	5.63879310e-01	-1.08649357e-01	3.36264334e-01	2.84518721e-01	-7.86411463e-03	-7.97238414e-22	-7.86411463e-03	7.86411463e-03
2540            	1.24722181e-02	2.91071531e-01	-2.78599313e-01	4.55736676e-01	5.64290781e-01	-1.08554106e-01	3.36422443e-01	2.84835422e-01	-7.79513630e-03	-7.90423157e-22	-7.79513630e-03	7.79513630e-03
2550            	1.24561165e-02	2.91421446e-01	-2.78965329e-01	4.56309420e-01	5.65122649e-01	-1.08813229e-01	3.36967939e-01	2.85193388e-01	-7.78507281e-03	-7.94268920e-22	-7.78507281e-03	7.78507281e-03
2560            	1.24362489e-02	2.90828705e-01	-2.78392456e-01	4.55376929e-01	5.63945410e-01	-1.08568481e-01	3.36256945e-01	2.84610580e-01	-7.77265553e-03	-7.81289009e-22	-7.77265553e-03	7.77265553e-03
2570            	1.23784927e-02	2.91580356e-01	-2.79201863e-01	4.56625775e-01	5.65593015e-01	-1.08967240e-01	3.37280127e-01	2.85391109e-01	-7.73655794e-03	-7.93511707e-22	-7.73655794e-03	7.73655794e-03
2580            	1.21811097e-02	2.90600412e-01	-2.78419302e-01	4.55215771e-01	5.63727685e-01	-1.08511915e-01	3.36119800e-01	2.84509857e-01	-7.61319354e-03	-7.73360205e-22	-7.61319354e-03	7.61319354e-03
2590            	1.24353711e-02	2.91128259e-01	-2.78692888e-01	4.55856917e-01	5.64573450e-01	-1.08716533e-01	3.36644992e-01	2.84910573e-01	-7.77210693e-03	-7.85211469e-22	-7.77210693e-03	7.77210693e-03
2600            	1.20860498e-02	2.91170598e-01	-2.79084549e-01	4.56204117e-01	5.65165174e-01	-1.08961057e-01	3.37063116e-01	2.85127573e-01	-7.55378111e-03	-7.84702698e-22	-7.55378111e-03	7.55378111e-03
2610            	1.21868797e-02	2.91405737e-01	-2.79218857e-01	4.56499675e-01	5.65412585e-01	-1.08912910e-01	3.37162748e-01	2.85312297e-01	-7.61679984e-03	-7.78278343e-22	-7.61679984e-03	7.61679984e-03
2620            	1.24048010e-02	2.91317725e-01	-2.78912924e-01	4.56184519e-01	5.64937188e-01	-1.08752669e-01	3.36844929e-01	2.85115324e-01	-7.75300063e-03	-7.84599730e-22	-7.75300063e-03	7.75300063e-03
2630            	1.19963150e-02	2.91602909e-01	-2.79606594e-01	4.56967602e-01	5.66159519e-01	-1.09191917e-01	3.37675718e-01	2.85604751e-01	-7.49769689e-03	-7.86292339e-22	-7.49769689e-03	7.49769689e-03
2640            	1.22280700e-02	2.91789577e-01	-2.79561507e-01	4.57080868e-01	5.65999348e-01	-1.08918481e-01	3.37458914e-01	2.85675542e-01	-7.64254372e-03	-7.73940199e-22	-7.64254372e-03	7.64254372e-03
2650            	1.22466669e-02	2.91139883e-01	-2.78893216e-01	4.56026480e-01	5.64889415e-01	-1.08862935e-01	3.36876175e-01	2.85016550e-01	-7.65416680e-03	-7.81560515e-22	-7.65416680e-03	7.65416680e-03
2660            	1.20665624e-02	2.91235385e-01	-2.79168822e-01	4.56323366e-01	5.65265697e-01	-1.08942331e-01	3.37104014e-01	2.85202104e-01	-7.54160152e-03	-7.79118596e-22	-7.54160152e-03	7.54160152e-03
2670            	1.24818782e-02	2.91776435e-01	-2.79294557e-01	4.56856793e-01	5.65785946e-01	-1.08929153e-01	3.37357549e-01	2.85535496e-01	-7.80117388e-03	-7.87321028e-22	-7.80117388e-03	7.80117388e-03
2680            	1.21108654e-02	2.91320979e-01	-2.79210114e-01	4.56424874e-01	5.65501006e-01	-1.09076131e-01	3.37288569e-01	2.85265547e-01	-7.56929087e-03	-7.87769293e-22	-7.56929087e-03	7.56929087e-03
2690            	1.23969010e-02	2.91699342e-01	-2.79302441e-01	4.56801426e-01	5.65786835e-01	-1.08985408e-01	3.37386121e-01	2.85500892e-01	-7.74806315e-03	-7.89887536e-22	-7.74806315e-03	7.74806315e-03
2700            	1.23620325e-02	2.91610049e-01	-2.79248016e-01	4.56686452e-01	5.65620023e-01	-1.08933570e-01	3.37276796e-01	2.85429033e-01	-7.72627030e-03	-7.84681929e-22	-7.72627030e-03	7.72627030e-03
2710            	1.23499457e-02	2.89636587e-01	-2.77286641e-01	4.53538583e-01	5.61592228e-01	-1.08053645e-01	3.34822936e-01	2.83461614e-01	-7.71871607e-03	-7.89662342e-22	-7.71871607e-03	7.71871607e-03
2720            	1.25457728e-02	2.92094978e-01	-2.79549205e-01	4.57315346e-01	5.66446115e-01	-1.09130768e-01	3.37788441e-01	2.85822091e-01	-7.84110798e-03	-8.01869801e-22	-7.84110798e-03	7.84110798e-03
2730            	1.23349560e-02	2.91549334e-01	-2.79214378e-01	4.56610969e-01	5.65608293e-01	-1.08997324e-01	3.37302809e-01	2.85381856e-01	-7.70934753e-03	-7.86213524e-22	-7.70934753e-03	7.70934753e-03
2740            	1.25653155e-02	2.91344377e-01	-2.78779062e-01	4.56098751e-01	5.64827975e-01	-1.08729224e-01	3.36778600e-01	2.85061719e-01	-7.85332219e-03	-7.97242218e-22	-7.85332219e-03	7.85332219e-03
2750            	1.21453568e-02	2.90999992e-01	-2.78854636e-01	4.55883703e-01	5.64730314e-01	-1.08846612e-01	3.36788463e-01	2.84927314e-01	-7.59084802e-03	-7.88195969e-22	-7.59084802e-03	7.59084802e-03
2760            	1.21657021e-02	2.91126912e-01	-2.78961210e-01	4.56070497e-01	5.64848310e-01	-1.08777812e-01	3.36813061e-01	2.85044061e-01	-7.60356379e-03	-7.80495991e-22	-7.60356379e-03	7.60356379e-03
2770            	1.22107530e-02	2.91834248e-01	-2.79623495e-01	4.57166195e-01	5.66221050e-01	-1.09054855e-01	3.37637952e-01	2.85728872e-01	-7.63172064e-03	-7.78360858e-22	-7.63172064e-03	7.63172064e-03
2780            	1.21556446e-02	2.90879945e-01	-2.78724301e-01	4.55683397e-01	5.64457214e-01	-1.08773817e-01	3.36615515e-01	2.84802123e-01	-7.59727786e-03	-7.85885124e-22	-7.59727786e-03	7.59727786e-03
2790            	1.18302716e-02	2.90847476e-01	-2.79017204e-01	4.55891744e-01	5.64686448e-01	-1.08794704e-01	3.36740576e-01	2.84932340e-01	-7.39391972e-03	-7.80545855e-22	-7.39391972e-03	7.39391972e-03
2800            	1.18323985e-02	2.91207872e-01	-2.79375473e-01	4.56466676e-01	5.65367372e-01	-1.08900696e-01	3.37134034e-01	2.85291672e-01	-7.39524907e-03	-7.67585081e-22	-7.39524907e-03	7.39524907e-03
2810            	1.19913157e-02	2.91538813e-01	-2.79547498e-01	4.56869049e-01	5.65845567e-01	-1.08976518e-01	3.37411043e-01	2.85543155e-01	-7.49457228e-03	-7.76096242e-22	-7.49457228e-03	7.49457228e-03
2820            	1.18462084e-02	2.90612697e-01	-2.78766488e-01	4.55503348e-01	5.64132723e-01	-1.08629375e-01	3.36381049e-01	2.84689593e-01	-7.40388028e-03	-7.77354830e-22	-7.40388028e-03	7.40388028e-03
2830            	1.21677437e-02	2.91501244e-01	-2.79333500e-01	4.56667795e-01	5.65668648e-01	-1.09000853e-01	3.37334751e-01	2.85417372e-01	-7.60483984e-03	-7.79061769e-22	-7.60483984e-03	7.60483984e-03
2840            	1.20560188e-02	2.90932391e-01	-2.78876372e-01	4.55847010e-01	5.64672035e-01	-1.08825025e-01	3.36748530e-01	2.84904381e-01	-7.53501176e-03	-7.77428859e-22	-7.53501176e-03	7.53501176e-03
2850            	1.23220204e-02	2.92119003e-01	-2.79796983e-01	4.57532789e-01	5.66693569e-01	-1.09160780e-01	3.37927175e-01	2.85957993e-01	-7.70126278e-03	-7.86897226e-22	-7.70126278e-03	7.70126278e-03
2860            	1.20482768e-02	2.89978037e-01	-2.77929760e-01	4.54326238e-01	5.62843890e-01	-1.08517653e-01	3.35680772e-01	2.83953898e-01	-7.53017303e-03	-7.85607335e-22	-7.53017303e-03	7.53017303e-03
2870            	1.22892295e-02	2.91768992e-01	-2.79479763e-01	4.56999004e-01	5.66010987e-01	-1.09011982e-01	3.37511484e-01	2.85624378e-01	-7.68076845e-03	-7.93575763e-22	-7.68076845e-03	7.68076845e-03
2880            	1.21867052e-02	2.91449484e-01	-2.79262779e-01	4.56569811e-01	5.65639973e-01	-1.09070162e-01	3.37355067e-01	2.85356132e-01	-7.61669074e-03	-7.83439133e-22	-7.61669074e-03	7.61669074e-03
2890            	1.24232726e-02	2.90560836e-01	-2.78137563e-01	4.54958719e-01	5.63407523e-01	-1.08448803e-01	3.35928163e-01	2.84349200e-01	-7.76454535e-03	-7.83614755e-22	-7.76454535e-03	7.76454535e-03
2900            	1.25105046e-02	2.91046046e-01	-2.78535541e-01	4.55665270e-01	5.64301879e-01	-1.08636609e-01	3.36469244e-01	2.84790794e-01	-7.81906537e-03	-7.99300177e-22	-7.81906537e-03	7.81906537e-03
2910            	1.22414574e-02	2.90691324e-01	-2.78449867e-01	4.55312953e-01	5.64063822e-01	-1.08750869e-01	3.36407345e-01	2.84570596e-01	-7.65091085e-03	-7.85832178e-22	-7.65091085e-03	7.65091085e-03
2920            	1.23586522e-02	2.91898076e-01	-2.79539424e-01	4.57150000e-01	5.66128884e-01	-1.08978884e-01	3.37553884e-01	2.85718750e-01	-7.72415764e-03	-7.88528839e-22	-7.72415764e-03	7.72415764e-03
2930            	1.25378932e-02	2.90484331e-01	-2.77946438e-01	4.54744615e-01	5.63106294e-01	-1.08361679e-01	3.35733986e-01	2.84215384e-01	-7.83618327e-03	-7.93269119e-22	-7.83618327e-03	7.83618327e-03
2940            	1.24638713e-02	2.91604627e-01	-2.79140756e-01	4.56596306e-01	5.65610609e-01	-1.09014303e-01	3.37312456e-01	2.85372691e-01	-7.78991955e-03	-7.93591208e-22	-7.78991955e-03	7.78991955e-03
2950            	1.23386260e-02	2.90934825e-01	-2.78596199e-01	4.55624819e-01	5.64286399e-01	-1.08661580e-01	3.36473989e-01	2.84765512e-01	-7.71164123e-03	-7.99855323e-22	-7.71164123e-03	7.71164123e-03
2960            	1.23647588e-02	2.91332471e-01	-2.78967712e-01	4.56240146e-01	5.65022413e-01	-1.08782267e-01	3.36902340e-01	2.85150091e-01	-7.72797424e-03	-8.00653807e-22	-7.72797424e-03	7.72797424e-03
2970            	1.22140175e-02	2.90852177e-01	-2.78638159e-01	4.55592269e-01	5.64333767e-01	-1.08741498e-01	3.36537632e-01	2.84745168e-01	-7.63376096e-03	-7.93409238e-22	-7.63376096e-03	7.63376096e-03
2980            	1.24108804e-02	2.91274713e-01	-2.78863833e-01	4.56110837e-01	5.64703498e-01	-1.08592661e-01	3.36648080e-01	2.85069273e-01	-7.75680025e-03	-7.86531558e-22	-7.75680025e-03	7.75680025e-03
2990            	1.21230722e-02	2.91159413e-01	-2.79036340e-01	4.56156603e-01	5.64983302e-01	-1.08826700e-01	3.36905001e-01	2.85097877e-01	-7.57692014e-03	-7.85423449e-22	-7.57692014e-03	7.57692014e-03
3000            	1.23385037e-02	2.90490881e-01	-2.78152377e-01	4.54914607e-01	5.63436375e-01	-1.08521768e-01	3.35979072e-01	2.84321629e-01	-7.71156481e-03	-7.96908076e-22	-7.71156481e-03	7.71156481e-03
3010            	1.22895294e-02	2.91853667e-01	-2.79564138e-01	4.57134244e-01	5.66121051e-01	-1.08986807e-01	3.37553929e-01	2.85708903e-01	-7.68095588e-03	-7.91129896e-22	-7.68095588e-03	7.68095588e-03
3020            	1.22246848e-02	2.90604699e-01	-2.78380014e-01	4.55187771e-01	5.63813931e-01	-1.08626160e-01	3.36220046e-01	2.84492357e-01	-7.64042800e-03	-7.93487118e-22	-7.64042800e-03	7.64042800e-03
3030            	1.29148470e-02	2.92283061e-01	-2.79368214e-01	4.57321021e-01	5.66360367e-01	-1.09039346e-01	3.37699857e-01	2.85825638e-01	-8.07177935e-03	-8.12430794e-22	-8.07177935e-03	8.07177935e-03
3040            	1.24156436e-02	2.91092966e-01	-2.78677322e-01	4.55816230e-01	5.64717455e-01	-1.08901225e-01	3.36809340e-01	2.84885144e-01	-7.75977725e-03	-8.03238107e-22	-7.75977725e-03	7.75977725e-03
3050            	1.26159074e-02	2.90424786e-01	-2.77808879e-01	4.54586932e-01	5.62840949e-01	-1.08254017e-01	3.35547483e-01	2.84116832e-01	-7.88494212e-03	-7.87307445e-22	-7.88494212e-03	7.88494212e-03
3060            	1.28159003e-02	2.91701061e-01	-2.78885161e-01	4.56468978e-01	5.65359897e-01	-1.08890920e-01	3.37125408e-01	2.85293111e-01	-8.00993770e-03	-8.02034562e-22	-8.00993770e-03	8.00993770e-03
3070            	1.25591888e-02	2.91129467e-01	-2.78570278e-01	4.55759797e-01	5.64401359e-01	-1.08641562e-01	3.36521461e-01	2.84849873e-01	-7.84949299e-03	-7.93725602e-22	-7.84949299e-03	7.84949299e-03
3080            	1.24729179e-02	2.91916843e-01	-2.79443925e-01	4.57088615e-01	5.66154210e-01	-1.09065595e-01	3.37609902e-01	2.85680384e-01	-7.79557369e-03	-7.96427205e-22	-7.79557369e-03	7.79557369e-03
3090            	1.25296253e-02	2.91720703e-01	-2.79191078e-01	4.56729425e-01	5.65671934e-01	-1.08942509e-01	3.37307222e-01	2.85455891e-01	-7.83101583e-03	-7.91970161e-22	-7.83101583e-03	7.83101583e-03
3100            	1.27131780e-02	2.90474484e-01	-2.77761306e-01	4.54588633e-01	5.62808791e-01	-1.08220158e-01	3.35514474e-01	2.84117895e-01	-7.94573626e-03	-7.88910460e-22	-7.94573626e-03	7.94573626e-03
3110            	1.26982603e-02	2.91453232e-01	-2.78754972e-01	4.56166563e-01	5.65045817e-01	-1.08879254e-01	3.36962536e-01	2.85104102e-01	-7.93641266e-03	-8.03606025e-22	-7.93641266e-03	7.93641266e-03
3120            	1.27914435e-02	2.90943953e-01	-2.78152510e-01	4.55277170e-01	5.63727959e-01	-1.08450789e-01	3.36089374e-01	2.84548232e-01	-7.99465221e-03	-8.00762577e-22	-7.99465221e-03	7.99465221e-03
3130            	1.27942731e-02	2.90894933e-01	-2.78100660e-01	4.55196474e-01	5.63625923e-01	-1.08429450e-01	3.36027686e-01	2.84497796e-01	-7.99642066e-03	-8.01451947e-22	-7.99642066e-03	7.99642066e-03
3140            	1.26319536e-02	2.92175465e-01	-2.79543511e-01	4.57375181e-01	5.66421178e-01	-1.09045997e-01	3.37733588e-01	2.85859488e-01	-7.89497099e-03	-7.94974685e-22	-7.89497099e-03	7.89497099e-03
3150            	1.22953525e-02	2.91457417e-01	-2.79162065e-01	4.56495586e-01	5.65481829e-01	-1.08986243e-01	3.37234036e-01	2.85309741e-01	-7.68459531e-03	-7.82804806e-22	-7.68459531e-03	7.68459531e-03
3160            	1.19884953e-02	2.90604017e-01	-2.78615522e-01	4.55375631e-01	5.63961483e-01	-1.08585852e-01	3.36273667e-01	2.84609769e-01	-7.49280954e-03	-7.76903461e-22	-7.49280954e-03	7.49280954e-03
3170            	1.22722056e-02	2.91349339e-01	-2.79077133e-01	4.56341178e-01	5.64991789e-01	-1.08650612e-01	3.36821200e-01	2.85213236e-01	-7.67012847e-03	-7.79953451e-22	-7.67012847e-03	7.67012847e-03
3180            	1.21907641e-02	2.91828612e-01	-2.79637848e-01	4.57173167e-01	5.66360830e-01	-1.09187662e-01	3.37774246e-01	2.85733230e-01	-7.61922758e-03	-7.83601510e-22	-7.61922758e-03	7.61922758e-03
3190            	1.20811952e-02	2.91636954e-01	-2.79555759e-01	4.56954171e-01	5.66000765e-01	-1.09046594e-01	3.37523680e-01	2.85596357e-01	-7.55074703e-03	-7.78973398e-22	-7.55074703e-03	7.55074703e-03
3200            	1.23079829e-02	2.91811520e-01	-2.79503537e-01	4.57052046e-01	5.65898650e-01	-1.08846605e-01	3.37372628e-01	2.85657528e-01	-7.69248933e-03	-7.74757310e-22	-7.69248933e-03	7.69248933e-03
3210            	1.21617876e-02	2.91145309e-01	-2.78983522e-01	4.56103065e-01	5.65119101e-01	-1.09016036e-01	3.37067568e-01	2.85064415e-01	-7.60111728e-03	-7.83241276e-22	-7.60111728e-03	7.60111728e-03
3220            	1.22518672e-02	2.91710386e-01	-2.79458519e-01	4.56935124e-01	5.65900688e-01	-1.08965565e-01	3.37433126e-01	2.85584452e-01	-7.65741699e-03	-7.83484381e-22	-7.65741699e-03	7.65741699e-03
3230            	1.21858043e-02	2.91629810e-01	-2.79444006e-01	4.56859052e-01	5.65966254e-01	-1.09107202e-01	3.37536728e-01	2.85536908e-01	-7.61612766e-03	-7.85027972e-22	-7.61612766e-03	7.61612766e-03
3240            	1.23886918e-02	2.91154490e-01	-2.78765798e-01	4.55936230e-01	5.64658546e-01	-1.08722316e-01	3.36690431e-01	2.84960144e-01	-7.74293238e-03	-7.77124204e-22	-7.74293238e-03	7.74293238e-03
3250            	1.20210841e-02	2.91597284e-01	-2.79576200e-01	4.56938787e-01	5.66104733e-01	-1.09165946e-01	3.37635340e-01	2.85586742e-01	-7.51317755e-03	-7.79718007e-22	-7.51317755e-03	7.51317755e-03
3260            	1.21434532e-02	2.91748827e-01	-2.79605374e-01	4.57083361e-01	5.66020259e-01	-1.08936898e-01	3.37478579e-01	2.85677100e-01	-7.58965825e-03	-7.76849344e-22	-7.58965825e-03	7.58965825e-03
3270            	1.21108811e-02	2.91507710e-01	-2.79396829e-01	4.56723631e-01	5.65730502e-01	-1.09006871e-01	3.37368686e-01	2.85452269e-01	-7.56930067e-03	-7.80564166e-22	-7.56930067e-03	7.56930067e-03
3280            	1.20861565e-02	2.91044514e-01	-2.78958358e-01	4.56002298e-01	5.64757683e-01	-1.08755386e-01	3.36756535e-01	2.85001436e-01	-7.55384779e-03	-7.70668486e-22	-7.55384779e-03	7.55384779e-03
3290            	1.20411220e-02	2.91583464e-01	-2.79542342e-01	4.56900644e-01	5.65822254e-01	-1.08921609e-01	3.37371932e-01	2.85562903e-01	-7.52570125e-03	-7.77271973e-22	-7.52570125e-03	7.52570125e-03
3300            	1.25375036e-02	2.91745557e-01	-2.79208053e-01	4.56762888e-01	5.65766240e-01	-1.09003352e-01	3.37384796e-01	2.85476805e-01	-7.83593975e-03	-7.93862562e-22	-7.83593975e-03	7.83593975e-03
3310            	1.18847353e-02	2.90493417e-01	-2.78608681e-01	4.55281678e-01	5.63902081e-01	-1.08620403e-01	3.36261242e-01	2.84551049e-01	-7.42795959e-03	-7.70638023e-22	-7.42795959e-03	7.42795959e-03
3320            	1.23091291e-02	2.92107621e-01	-2.79798492e-01	4.57524890e-01	5.66617092e-01	-1.09092202e-01	3.37854647e-01	2.85953056e-01	-7.69320570e-03	-7.88497026e-22	-7.69320570e-03	7.69320570e-03
3330            	1.22081064e-02	2.91288093e-01	-2.79079987e-01	4.56294464e-01	5.65179194e-01	-1.08884729e-01	3.37031961e-01	2.85184040e-01	-7.63006651e-03	-7.78603448e-22	-7.63006651e-03	7.63006651e-03
3340            	1.20973190e-02	2.91345668e-01	-2.79248349e-01	4.56475214e-01	5.65349401e-01	-1.08874187e-01	3.37111794e-01	2.85297009e-01	-7.56082435e-03	-7.81055856e-22	-7.56082435e-03	7.56082435e-03
3350            	1.21667566e-02	2.92713948e-01	-2.80547191e-01	4.58608911e-01	5.68123116e-01	-1.09514205e-01	3.38818661e-01	2.86630570e-01	-7.60422289e-03	-7.83829127e-22	-7.60422289e-03	7.60422289e-03
3360            	1.22391153e-02	2.90697216e-01	-2.78458101e-01	4.55324254e-01	5.63922694e-01	-1.08598440e-01	3.36260567e-01	2.84577658e-01	-7.64944706e-03	-7.79318133e-22	-7.64944706e-03	7.64944706e-03
3370            	1.19894313e-02	2.91346472e-01	-2.79357041e-01	4.56562811e-01	5.65544316e-01	-1.08981505e-01	3.37262911e-01	2.85351757e-01	-7.49339458e-03	-7.83043094e-22	-7.49339458e-03	7.49339458e-03
3380            	1.24130885e-02	2.91326311e-01	-2.78913223e-01	4.56191627e-01	5.64902050e-01	-1.08710423e-01	3.36806236e-01	2.85119767e-01	-7.75818030e-03	-7.93493657e-22	-7.75818030e-03	7.75818030e-03
3390            	1.19544154e-02	2.90438620e-01	-2.78484205e-01	4.55138260e-01	5.63787742e-01	-1.08649482e-01	3.36218612e-01	2.84461412e-01	-7.47150961e-03	-7.76687206e-22	-7.47150961e-03	7.47150961e-03
3400            	1.28018412e-02	2.91751222e-01	-2.78949381e-01	4.56560482e-01	5.65321872e-01	-1.08761390e-01	3.37041631e-01	2.85350301e-01	-8.00115073e-03	-8.04209372e-22	-8.00115073e-03	8.00115073e-03
3410            	1.24600579e-02	2.90935369e-01	-2.78475311e-01	4.55528543e-01	5.64182469e-01	-1.08653926e-01	3.36418198e-01	2.84705340e-01	-7.78753616e-03	-7.97874993e-22	-7.78753616e-03	7.78753616e-03
3420            	1.24073947e-02	2.92043138e-01	-2.79635743e-01	4.57343104e-01	5.66398495e-01	-1.09055390e-01	3.37726943e-01	2.85839440e-01	-7.75462166e-03	-7.88987456e-22	-7.75462166e-03	7.75462166e-03
3430            	1.23904050e-02	2.90991076e-01	-2.78600671e-01	4.55673398e-01	5.64438653e-01	-1.08765254e-01	3.36601954e-01	2.84795874e-01	-7.74400312e-03	-7.92248021e-22	-7.74400312e-03	7.74400312e-03
3440            	1.22588302e-02	2.90653500e-01	-2.78394670e-01	4.55238536e-01	5.63927597e-01	-1.08689061e-01	3.36308329e-01	2.84524085e-01	-7.66176885e-03	-7.92629867e-22	-7.66176885e-03	7.66176885e-03
3450            	1.22644752e-02	2.91257889e-01	-2.78993414e-01	4.56201042e-01	5.64988342e-01	-1.08787301e-01	3.36887821e-01	2.85125651e-01	-7.66529701e-03	-7.99936655e-22	-7.66529701e-03	7.66529701e-03
3460            	1.24148408e-02	2.91135734e-01	-2.78720893e-01	4.55885301e-01	5.64535855e-01	-1.08650554e-01	3.36593205e-01	2.84928313e-01	-7.75927550e-03	-7.91515727e-22	-7.75927550e-03	7.75927550e-03
3470            	1.26387843e-02	2.90954943e-01	-2.78316159e-01	4.55416882e-01	5.63965815e-01	-1.08548933e-01	3.36257374e-01	2.84635551e-01	-7.89924020e-03	-8.00128519e-22	-7.89924020e-03	7.89924020e-03
3480            	1.26577599e-02	2.91553078e-01	-2.78895318e-01	4.56358717e-01	5.65364929e-01	-1.09006211e-01	3.37185570e-01	2.85224198e-01	-7.91109996e-03	-7.97571726e-22	-7.91109996e-03	7.91109996e-03
3490            	1.23553089e-02	2.90487059e-01	-2.78131750e-01	4.54895047e-01	5.63332109e-01	-1.08437062e-01	3.35884585e-01	2.84309404e-01	-7.72206804e-03	-7.94352367e-22	-7.72206804e-03	7.72206804e-03
3500            	1.22839937e-02	2.91664473e-01	-2.79380479e-01	4.56835962e-01	5.65789399e-01	-1.08953437e-01	3.37371418e-01	2.85522476e-01	-7.67749609e-03	-7.82434605e-22	-7.67749609e-03	7.67749609e-03
3510            	1.23806434e-02	2.91374211e-01	-2.78993567e-01	4.56294223e-01	5.65119873e-01	-1.08825651e-01	3.36972762e-01	2.85183889e-01	-7.73790211e-03	-7.91614412e-22	-7.73790211e-03	7.73790211e-03
3520            	1.22115658e-02	2.91293922e-01	-2.79082356e-01	4.56301022e-01	5.65245637e-01	-1.08944615e-01	3.37095126e-01	2.85188139e-01	-7.63222862e-03	-7.83657779e-22	-7.63222862e-03	7.63222862e-03
3530            	1.21786192e-02	2.90774507e-01	-2.78595888e-01	4.55496315e-01	5.64128077e-01	-1.08631762e-01	3.36379919e-01	2.84685197e-01	-7.61163702e-03	-7.85351232e-22	-7.61163702e-03	7.61163702e-03
3540            	1.22258455e-02	2.91595740e-01	-2.79369894e-01	4.56772507e-01	5.65809341e-01	-1.09036833e-01	3.37423087e-01	2.85482817e-01	-7.64115343e-03	-7.86010480e-22	-7.64115343e-03	7.64115343e-03
3550            	1.24155616e-02	2.91770249e-01	-2.79354687e-01	4.56899949e-01	5.65880697e-01	-1.08980748e-01	3.37430722e-01	2.85562468e-01	-7.75972602e-03	-8.03689392e-22	-7.75972602e-03	7.75972602e-03
3560            	1.21002935e-02	2.91158402e-01	-2.79058108e-01	4.56173208e-01	5.65044153e-01	-1.08870945e-01	3.36957549e-01	2.85108255e-01	-7.56268341e-03	-7.81057943e-22	-7.56268341e-03	7.56268341e-03
3570            	1.23725650e-02	2.90685782e-01	-2.78313217e-01	4.55199199e-01	5.63700661e-01	-1.08501462e-01	3.36101062e-01	2.84499500e-01	-7.73285314e-03	-7.82779368e-22	-7.73285314e-03	7.73285314e-03
3580            	1.22619177e-02	2.91334186e-01	-2.79072269e-01	4.56325164e-01	5.65215580e-01	-1.08890416e-01	3.37052998e-01	2.85203227e-01	-7.66369854e-03	-7.93245405e-22	-7.66369854e-03	7.66369854e-03
3590            	1.27520909e-02	2.91297558e-01	-2.78545467e-01	4.55874420e-01	5.64479967e-01	-1.08605547e-01	3.36542757e-01	2.84921513e-01	-7.97005684e-03	-7.98492786e-22	-7.97005684e-03	7.97005684e-03
3600            	1.23609324e-02	2.90994392e-01	-2.78633460e-01	4.55702282e-01	5.64295647e-01	-1.08593365e-01	3.36444506e-01	2.84813926e-01	-7.72558276e-03	-7.86064697e-22	-7.72558276e-03	7.72558276e-03
3610            	1.24242620e-02	2.91555037e-01	-2.79130775e-01	4.56548650e-01	5.65477078e-01	-1.08928429e-01	3.37202754e-01	2.85342906e-01	-7.76516378e-03	-7.85990171e-22	-7.76516378e-03	7.76516378e-03
3620            	1.22833985e-02	2.91327360e-01	-2.79043961e-01	4.56297057e-01	5.65138398e-01	-1.08841341e-01	3.36989870e-01	2.85185660e-01	-7.67712408e-03	-7.89523750e-22	-7.67712408e-03	7.67712408e-03
3630            	1.22420220e-02	2.91658764e-01	-2.79416742e-01	4.56860404e-01	5.65840836e-01	-1.08980432e-01	3.37410634e-01	2.85537753e-01	-7.65126377e-03	-7.86867229e-22	-7.65126377e-03	7.65126377e-03
3640            	1.21426269e-02	2.91452291e-01	-2.79309664e-01	4.56609565e-01	5.65614965e-01	-1.09005400e-01	3.37310182e-01	2.85380978e-01	-7.58914184e-03	-7.80970944e-22	-7.58914184e-03	7.58914184e-03
3650            	1.25269493e-02	2.91103552e-01	-2.78576603e-01	4.55744124e-01	5.64230045e-01	-1.08485921e-01	3.36357983e-01	2.84840078e-01	-7.82934330e-03	-7.81918237e-22	-7.82934330e-03	7.82934330e-03
3660            	1.22987581e-02	2.91440953e-01	-2.79142195e-01	4.56466519e-01	5.65536516e-01	-1.09069998e-01	3.37303257e-01	2.85291574e-01	-7.68672383e-03	-7.86905748e-22	-7.68672383e-03	7.68672383e-03
3670            	1.24370063e-02	2.91485449e-01	-2.79048442e-01	4.56427113e-01	5.65201508e-01	-1.08774395e-01	3.36987951e-01	2.85266945e-01	-7.77312891e-03	-7.89449951e-22	-7.77312891e-03	7.77312891e-03
3680            	1.22744445e-02	2.91193974e-01	-2.78919529e-01	4.56090802e-01	5.65019417e-01	-1.08928615e-01	3.36974016e-01	2.85056751e-01	-7.67152780e-03	-7.82504734e-22	-7.67152780e-03	7.67152780e-03
3690            	1.23528732e-02	2.92140202e-01	-2.79787329e-01	4.57542024e-01	5.66624705e-01	-1.09082681e-01	3.37853693e-01	2.85963765e-01	-7.72054573e-03	-7.87945353e-22	-7.72054573e-03	7.72054573e-03
3700            	1.22011043e-02	2.90901355e-01	-2.78700251e-01	4.55681285e-01	5.64380081e-01	-1.08698796e-01	3.36539438e-01	2.84800803e-01	-7.62569019e-03	-7.87200382e-22	-7.62569019e-03	7.62569019e-03
3710            	1.24299567e-02	2.90862757e-01	-2.78432800e-01	4.55436445e-01	5.64028986e-01	-1.08592541e-01	3.36310764e-01	2.84647778e-01	-7.76872293e-03	-7.81939309e-22	-7.76872293e-03	7.76872293e-03
3720            	1.25094872e-02	2.91614224e-01	-2.79104737e-01	4.56575169e-01	5.65523496e-01	-1.08948327e-01	3.37235911e-01	2.85359481e-01	-7.81842948e-03	-7.96754595e-22	-7.81842948e-03	7.81842948e-03
3730            	1.25343174e-02	2.91372272e-01	-2.78837955e-01	4.56168182e-01	5.64918646e-01	-1.08750464e-01	3.36834555e-01	2.85105114e-01	-7.83394835e-03	-8.01460121e-22	-7.83394835e-03	7.83394835e-03
3740            	1.24759801e-02	2.91148565e-01	-2.78672585e-01	4.55856920e-01	5.64377759e-01	-1.08520839e-01	3.36449299e-01	2.84910575e-01	-7.79748753e-03	-7.84524408e-22	-7.79748753e-03	7.79748753e-03
3750            	1.23891641e-02	2.91539652e-01	-2.79150487e-01	4.56552111e-01	5.65500799e-01	-1.08948687e-01	3.37224743e-01	2.85345070e-01	-7.74322757e-03	-7.89716863e-22	-7.74322757e-03	7.74322757e-03
3760            	1.26466873e-02	2.91286337e-01	-2.78639650e-01	4.55940789e-01	5.64543863e-01	-1.08603073e-01	3.36573468e-01	2.84962993e-01	-7.90417954e-03	-8.04426472e-22	-7.90417954e-03	7.90417954e-03
3770            	1.22883798e-02	2.91301810e-01	-2.79013430e-01	4.56252192e-01	5.65114524e-01	-1.08862332e-01	3.36988428e-01	2.85157620e-01	-7.68023735e-03	-7.98471821e-22	-7.68023735e-03	7.68023735e-03
3780            	1.26516559e-02	2.91129485e-01	-2.78477829e-01	4.55685851e-01	5.64071905e-01	-1.08386054e-01	3.36228979e-01	2.84803657e-01	-7.90728494e-03	-8.01834170e-22	-7.90728494e-03	7.90728494e-03
3790            	1.26345849e-02	2.91588825e-01	-2.78954240e-01	4.56434451e-01	5.65152947e-01	-1.08718496e-01	3.36935722e-01	2.85271532e-01	-7.89661558e-03	-8.04053969e-22	-7.89661558e-03	7.89661558e-03
3800            	1.25943813e-02	2.91503695e-01	-2.78909313e-01	4.56330406e-01	5.65040307e-01	-1.08709901e-01	3.36875104e-01	2.85206504e-01	-7.87148833e-03	-7.91189345e-22	-7.87148833e-03	7.87148833e-03
3810            	1.23220634e-02	2.91747869e-01	-2.79425805e-01	4.56938940e-01	5.65743261e-01	-1.08804321e-01	3.37273791e-01	2.85586837e-01	-7.70128965e-03	-7.89259848e-22	-7.70128965e-03	7.70128965e-03
3820            	1.20572278e-02	2.91558811e-01	-2.79501583e-01	4.56848315e-01	5.65866843e-01	-1.09018527e-01	3.37442685e-01	2.85530197e-01	-7.53576737e-03	-7.81923704e-22	-7.53576737e-03	7.53576737e-03
3830            	1.20727495e-02	2.92139695e-01	-2.80066945e-01	4.57765312e-01	5.66988173e-01	-1.09222861e-01	3.38105517e-01	2.86103320e-01	-7.54546844e-03	-7.86529700e-22	-7.54546844e-03	7.54546844e-03
3840            	1.22354836e-02	2.91898314e-01	-2.79662830e-01	4.57248915e-01	5.66246044e-01	-1.08997129e-01	3.37621586e-01	2.85780572e-01	-7.64717724e-03	-7.84957468e-22	-7.64717724e-03	7.64717724e-03
3850            	1.22880829e-02	2.91748242e-01	-2.79460159e-01	4.56966721e-01	5.66056123e-01	-1.09089402e-01	3.37572762e-01	2.85604201e-01	-7.68005180e-03	-7.93049887e-22	-7.68005180e-03	7.68005180e-03
3860            	1.22147824e-02	2.91551095e-01	-2.79336312e-01	4.56709925e-01	5.65767141e-01	-1.09057215e-01	3.37412178e-01	2.85443703e-01	-7.63423902e-03	-7.90820565e-22	-7.63423902e-03	7.63423902e-03
3870            	1.21407800e-02	2.91787600e-01	-2.79646820e-01	4.57147535e-01	5.66166670e-01	-1.09019134e-01	3.37592902e-01	2.85717210e-01	-7.58798748e-03	-7.94380044e-22	-7.58798748e-03	7.58798748e-03
3880            	1.22126001e-02	2.91087023e-01	-2.78874423e-01	4.55969157e-01	5.64781536e-01	-1.08812379e-01	3.36796958e-01	2.84980723e-01	-7.63287508e-03	-7.91575663e-22	-7.63287508e-03	7.63287508e-03
3890            	1.23025538e-02	2.92025505e-01	-2.79722952e-01	4.57398766e-01	5.66449914e-01	-1.09051148e-01	3.37750531e-01	2.85874228e-01	-7.68909612e-03	-7.86391367e-22	-7.68909612e-03	7.68909612e-03
3900            	1.21635578e-02	2.89838008e-01	-2.77674450e-01	4.54009966e-01	5.62372202e-01	-1.08362236e-01	3.35367219e-01	2.83756229e-01	-7.60222365e-03	-7.87383057e-22	-7.60222365e-03	7.60222365e-03
3910            	1.27372310e-02	2.91438880e-01	-2.78701649e-01	4.56112422e-01	5.64652861e-01	-1.08540438e-01	3.36596649e-01	2.85070264e-01	-7.96076936e-03	-7.95954088e-22	-7.96076936e-03	7.96076936e-03
3920            	1.22494211e-02	2.90940270e-01	-2.78690849e-01	4.55704895e-01	5.64600043e-01	-1.08895148e-01	3.36747595e-01	2.84815559e-01	-7.65588816e-03	-8.08931165e-22	-7.65588816e-03	7.65588816e-03
3930            	1.26374741e-02	2.90806155e-01	-2.78168680e-01	4.55179868e-01	5.63592147e-01	-1.08412279e-01	3.36002213e-01	2.84487418e-01	-7.89842129e-03	-7.90532112e-22	-7.89842129e-03	7.89842129e-03
3940            	1.24715431e-02	2.91005134e-01	-2.78533590e-01	4.55630979e-01	5.64458433e-01	-1.08827454e-01	3.36642944e-01	2.84769362e-01	-7.79471447e-03	-8.07674317e-22	-7.79471447e-03	7.79471447e-03
3950            	1.28654066e-02	2.91874185e-01	-2.79008778e-01	4.56706371e-01	5.65467588e-01	-1.08761217e-01	3.37114402e-01	2.85441482e-01	-8.04087915e-03	-8.05125574e-22	-8.04087915e-03	8.04087915e-03
3960            	1.23422441e-02	2.90705899e-01	-2.78363655e-01	4.55255644e-01	5.63924457e-01	-1.08668814e-01	3.36296635e-01	2.84534777e-01	-7.71390257e-03	-8.06207119e-22	-7.71390257e-03	7.71390257e-03
3970            	1.24815218e-02	2.91915667e-01	-2.79434145e-01	4.57079849e-01	5.66047046e-01	-1.08967197e-01	3.37507121e-01	2.85674906e-01	-7.80095116e-03	-7.97795520e-22	-7.80095116e-03	7.80095116e-03
3980            	1.27134882e-02	2.91126726e-01	-2.78413237e-01	4.55631970e-01	5.64230468e-01	-1.08598497e-01	3.36414482e-01	2.84769981e-01	-7.94593013e-03	-8.08162998e-22	-7.94593013e-03	7.94593013e-03
3990            	1.24669124e-02	2.90929109e-01	-2.78462196e-01	4.55513044e-01	5.64085587e-01	-1.08572543e-01	3.36329065e-01	2.84695652e-01	-7.79182023e-03	-7.88054965e-22	-7.79182023e-03	7.79182023e-03
4000            	1.23310423e-02	2.91573332e-01	-2.79242289e-01	4.56652497e-01	5.65566223e-01	-1.08913726e-01	3.37239975e-01	2.85407811e-01	-7.70690145e-03	-8.01484826e-22	-7.70690145e-03	7.70690145e-03
